"","EGFR","Hypoxia","JAK.STAT","MAPK","NFkB","PI3K","TGFb","TNFa","Trail","VEGF","p53"
"Arginase-1",1,0.631154365079365,1,1,1,0.631154365079365,1,1,0.631154365079365,1,0.631154365079365
"Leucine-rich repeat serine/threonine-protein kinase 2",1,1,1,1,1,1,1,1,1,1,1
"Tyrosyl-DNA phosphodiesterase 1",0.498279761904762,0.642227248677249,1,1,1,1,1,0.498279761904762,1,1,1
"Transitional endoplasmic reticulum ATPase",0.166093253968254,1,1,1,1,1,1,1,1,1,1
"Glucokinase regulatory protein",1,1,1,1,1,1,1,0.83046626984127,1,1,1
"Pyruvate kinase isozymes M1/M2",0.772333630952381,1,1,1,0.772333630952381,0.772333630952381,1,0.772333630952381,1,1,1
"Transient receptor potential cation channel subfamily M member 8",0.876972380952381,0.107960615079365,0.139518333333333,0.0664373015873016,0.083046626984127,0.479297675736961,0.199311904761905,0.834157231040564,0.107960615079365,0.912002958152958,0.834157231040564
"G-protein coupled receptor 55",1,0.456756448412698,1,1,0.083046626984127,1,0.968877314814815,0.083046626984127,0.15502037037037,1,0.968877314814815
"Endoplasmin",1,1,0.390319146825397,0.730810317460317,0.132874603174603,0.332186507936508,1,0.132874603174603,1,1,0.730810317460317
"Serine/threonine-protein kinase/endoribonuclease IRE1",0.768774489795918,0.653300132275132,1,0.780638293650794,0.653300132275132,0.39862380952381,0.365405158730159,0.979950198412698,0.0664373015873016,0.365405158730159,0.979950198412698
"NADPH oxidase 4",1,0.963340873015873,0.930122222222222,1,0.963340873015873,0.664373015873016,1,1,0.780638293650794,0.930122222222222,1
"Ketohexokinase",0.664373015873016,0.913512896825397,0.664373015873016,0.564717063492064,1,0.913512896825397,1,0.992407192460317,0.664373015873016,0.982322959183673,1
"Lethal(3)malignant brain tumor-like protein 1",1,0.941195105820106,1,1,1,1,1,0.941195105820106,1,0.941195105820106,1
"Microtubule-associated protein tau",0.730810317460317,1,1,0.697591666666667,1,1,1,1,1,1,1
"15-hydroxyprostaglandin dehydrogenase [NAD+]",0.809704613095238,0.809704613095238,0.710879126984127,0.481670436507937,0.232530555555556,1,0.453988227513228,1,0.166093253968254,0.809704613095238,1
"G-protein coupled receptor 35",1,1,1,1,1,1,1,1,1,1,1
"ATP-sensitive inward rectifier potassium channel 1",0.177166137566138,0.791711177248677,1,0.791711177248677,0.791711177248677,0.873175963718821,1,0.177166137566138,0.177166137566138,1,1
"Neuropeptides B/W receptor type 1",1,1,1,0.0996559523809524,1,0.680982341269841,1,1,1,1,1
"Nuclear receptor ROR-gamma",1,0.597935714285714,1,1,1,1,1,1,0.597935714285714,1,1
"DNA topoisomerase I",1,1,1,1,1,1,1,1,1,1,1
"Farnesyl diphosphate synthase",0.757385238095238,0.757385238095238,0.757385238095238,0.757385238095238,0.0996559523809524,0.365405158730159,0.365405158730159,0.757385238095238,0.0996559523809524,0.757385238095238,1
"Glucagon-like peptide 1 receptor",1,1,1,1,1,1,1,1,1,1,1
"Endothelin receptor ET-B",1,1,1,1,1,1,1,1,1,1,1
"Steroid 5-alpha-reductase 1",1,1,1,0.697591666666667,0.232530555555556,1,1,0.0996559523809524,1,1,1
"Vasopressin V2 receptor",1,1,1,1,1,1,1,1,1,1,1
"Somatostatin receptor 5",0.915885657596372,0.915885657596372,1,0.915885657596372,0.915885657596372,1,0.915885657596372,1,0.915885657596372,0.915885657596372,1
"Histone-lysine N-methyltransferase, H3 lysine-79 specific",1,1,1,1,0.647763690476191,0.332186507936508,1,1,1,1,1
"Bromodomain-containing protein 3",0.465061111111111,1,0.741883201058201,0.741883201058201,0.0166093253968254,0.741883201058201,1,0.0166093253968254,1,1,1
"Cysteinyl leukotriene receptor 1",1,1,0.199311904761905,0.938426884920635,1,0.938426884920635,1,1,1,0.938426884920635,1
"Plasminogen",1,1,1,1,1,1,1,1,1,1,1
"Leukocyte adhesion glycoprotein LFA-1 alpha",1,0.520425529100529,0.520425529100529,1,0.764028968253968,0.520425529100529,0.531498412698413,0.520425529100529,0.520425529100529,0.520425529100529,0.710048660714286
"Somatostatin receptor 2",0.531498412698413,0.6754458994709,1,0.6754458994709,1,0.6754458994709,1,0.6754458994709,0.6754458994709,1,1
"Muscarinic acetylcholine receptor M4",0.960019007936508,0.132874603174603,0.987499891774892,0.960019007936508,0.960019007936508,0.960019007936508,0.960019007936508,0.960019007936508,0.874757804232804,0.874757804232804,0.960019007936508
"Inosine-5'-monophosphate dehydrogenase 1",0.0332186507936508,1,1,0.199311904761905,1,1,1,1,1,1,1
"Receptor protein-tyrosine kinase erbB-2",1,1,1,1,1,1,1,1,1,1,1
"TNF-alpha",0.597935714285714,1,1,1,0.597935714285714,1,1,0.597935714285714,1,1,1
"Phosphodiesterase 5A",0.055364417989418,1,0.631154365079365,0.0166093253968254,0,0.345473968253968,1,0.0581326388888889,0.754537925170068,1,1
"Serotonin 2b (5-HT2b) receptor",1,1,1,1,1,1,1,1,1,1,1
"Thromboxane-A synthase",0.376478042328042,0.548107738095238,1,0.578004523809524,0.376478042328042,0.376478042328042,1,0.76956541005291,1,1,1
"Prostanoid EP4 receptor",1,1,1,1,1,1,1,1,1,1,1
"Dopamine D5 receptor",0.39862380952381,0.896903571428571,1,1,1,1,1,1,1,1,1
"Somatostatin receptor 4",0,0.27682208994709,1,0,0.481670436507937,1,1,1,1,1,1
"Gonadotropin-releasing hormone receptor",1,0.539803075396825,0.107960615079365,0,0.107960615079365,0.107960615079365,0.226994113756614,1,0.317949943310658,1,0.226994113756614
"4-hydroxyphenylpyruvate dioxygenase",0,0.166093253968254,1,0.166093253968254,1,1,1,1,1,1,1
"Tyrosine-protein kinase ABL",1,1,1,1,1,1,1,1,1,1,1
"Vascular endothelial growth factor receptor 1",0.772333630952381,0.772333630952381,0.724166587301587,0.724166587301587,1,0.724166587301587,0.724166587301587,1,0.772333630952381,0.724166587301587,1
"Tissue-type plasminogen activator",1,1,1,1,0.43184246031746,1,1,1,1,1,1
"Calcium sensing receptor",0.0332186507936508,0.0730810317460318,0.573021726190476,0.0730810317460318,0.688532034632035,0.688532034632035,0.573021726190476,0.573021726190476,0.0730810317460318,0.0730810317460318,0.688532034632035
"Neuronal acetylcholine receptor protein alpha-4 subunit",1,0.0885830687830688,0.210384788359788,0.87106684303351,0.210384788359788,0.0885830687830688,0.519041418650794,0.976628333333333,0.210384788359788,0.0885830687830688,0.507770804988662
"Potassium channel, inwardly rectifying, subfamily J, member 11",0,0.139518333333333,0.751949458874459,0.0166093253968254,0.0498279761904762,0.751949458874459,0.751949458874459,0.0498279761904762,0.450824546485261,0.577174057539683,0.370941600529101
"Vasopressin V1a receptor",0.370150680272109,0.199311904761905,0.90936056547619,0.149483928571429,0.166093253968254,0.149483928571429,1,1,0.225886825396825,0.310040740740741,1
"Glutamate carboxypeptidase II",1,0.82382253968254,0.82382253968254,0.82382253968254,1,0.941195105820106,1,1,0.82382253968254,1,0.82382253968254
"Serotonin 1b (5-HT1b) receptor",1,1,1,0.465061111111111,1,1,1,1,1,1,1
"Serotonin 3a (5-HT3a) receptor",0.110728835978836,1,0.983272063492064,0.902440013227513,0.083046626984127,0.083046626984127,0.983272063492064,0.174397916666667,0.983272063492064,0.902440013227513,0.983272063492064
"Aldose reductase",1,1,1,1,1,1,1,1,1,1,1
"Glutamate [NMDA] receptor subunit epsilon 2",0.548107738095238,0.548107738095238,0.83046626984127,0.83046626984127,1,1,1,0.903547301587302,1,1,1
"Serine/threonine-protein kinase RAF",0.578953628117914,0.578953628117914,0.578953628117914,0.954281240981241,0.43184246031746,0.578953628117914,0.578953628117914,0.43184246031746,0.954281240981241,0.954281240981241,0.896903571428571
"Aminopeptidase N",0.638536287477954,1,0.638536287477954,0.638536287477954,0.638536287477954,0.638536287477954,1,0.638536287477954,0.638536287477954,0.638536287477954,0.638536287477954
"Cytochrome P450 11B1",0.642227248677249,0.656068353174603,1,1,1,1,1,0.642227248677249,1,0.642227248677249,1
"Butyrylcholinesterase",1,1,1,1,1,1,1,1,1,1,1
"Alpha-2c adrenergic receptor",0.503816203703704,0.498279761904762,0.771410890652557,1,0.503816203703704,0.507770804988662,0.503816203703704,0.771410890652557,0.503816203703704,0.503816203703704,0.793925753968254
"Melatonin receptor 1A",1,1,0.686518783068783,0.686518783068783,1,0.686518783068783,1,1,1,1,1
"Melatonin receptor 1B",0.863684920634921,0.907976455026455,1,1,1,1,1,1,0.863684920634921,1,1
"Thyroid hormone receptor beta-1",1,0.591291984126984,0.716573752834467,1,0.591291984126984,0.591291984126984,0.716573752834467,0.591291984126984,1,0.591291984126984,0.718353323412698
"Cyclophilin A",1,1,1,1,1,1,1,1,1,1,1
"Thymidylate synthase",0.0996559523809524,1,1,0.672677678571429,0.672677678571429,0.672677678571429,1,0.752956084656085,0.752956084656085,1,1
"Vascular endothelial growth factor receptor 3",0.503025283446712,0.503025283446712,0.503025283446712,1,0.503025283446712,0.503025283446712,1,0.503025283446712,0.83046626984127,0.503025283446712,0.83046626984127
"Insulin-like growth factor I receptor",1,1,1,1,1,1,1,1,1,1,1
"Epoxide hydrolase 1",1,1,1,1,1,1,1,0.697591666666667,1,1,1
"Tyrosine-protein kinase receptor FLT3",0.0775101851851852,0.126230873015873,1,0.0775101851851852,0.354332275132275,0.0775101851851852,0.690209744268078,0.581326388888889,0.126230873015873,0.581326388888889,1
"Vitamin D receptor",1,1,1,1,1,1,1,1,1,1,1
"Cytochrome P450 19A1",1,1,1,1,1,1,1,1,1,1,1
"Insulin receptor",1,1,1,1,1,1,1,1,1,1,1
"Serotonin 1d (5-HT1d) receptor",1,1,0.754537925170068,0.754537925170068,0.754537925170068,1,0.754537925170068,0.754537925170068,0.754537925170068,0.754537925170068,1
"Inhibitor of nuclear factor kappa B kinase beta subunit",1,1,1,1,1,1,1,1,1,1,1
"Prostanoid IP receptor",1,1,1,1,1,1,1,1,1,1,1
"Equilibrative nucleoside transporter 1",0.571360793650794,0.571360793650794,1,1,1,1,0.571360793650794,0.571360793650794,0.571360793650794,1,1
"Purinergic receptor P2Y12",0.43184246031746,0.43184246031746,0.43184246031746,0.43184246031746,1,0.43184246031746,0.638536287477954,0.43184246031746,0.56886939484127,0.886937976190476,0.56886939484127
"Retinoic acid receptor gamma",0.837848192239859,0.837848192239859,0.837848192239859,0.837848192239859,0.837848192239859,0.963340873015873,0.837848192239859,0.837848192239859,1,0.837848192239859,0.837848192239859
"Platelet-derived growth factor receptor alpha",0.664373015873016,1,1,1,1,1,1,1,1,1,1
"Retinoic acid receptor beta",1,1,1,1,1,1,1,1,1,1,1
"Nociceptin receptor",0.908983080808081,0.40811485260771,0.172736984126984,0.0332186507936508,0.172736984126984,0.714200992063492,0.0996559523809524,0.873650515873016,0.0996559523809524,0.177166137566138,0.873650515873016
"Dihydrofolate reductase",0.509352645502645,0.531498412698413,1,0.509352645502645,0.531498412698413,0.531498412698413,1,0.509352645502645,0.531498412698413,1,0.971645535714286
"Epidermal growth factor receptor erbB1",0.43184246031746,0.727119356261023,0.49274332010582,0.116265277777778,0.727119356261023,0.49274332010582,0.343259391534392,0.966662738095238,0.0332186507936508,0.727119356261023,1
"Muscarinic acetylcholine receptor M5",1,1,1,0.885830687830688,0.780638293650794,1,1,1,0.764028968253968,1,1
"Peptidyl-prolyl cis-trans isomerase FKBP5",0.0996559523809524,0.578953628117914,0.782148232323232,0.0996559523809524,0.476133994708995,0.578953628117914,0.578953628117914,0.604579444444444,0.604579444444444,0.604579444444444,0.578953628117914
"Retinoic acid receptor alpha",0.0332186507936508,1,1,0.0332186507936508,1,1,0.544785873015873,0.409696693121693,0.423537797619048,0.725273875661376,1
"Estrogen receptor alpha",0.385336349206349,0.61454503968254,1,1,0.987068480725623,0.385336349206349,1,0.385336349206349,1,0.365405158730159,0.385336349206349
"Beta-2 adrenergic receptor",0,1,1,0,0.132874603174603,1,1,1,1,1,0.871989583333333
"Cyclin T1",0.315577182539683,0.82572074829932,1,0.116265277777778,0.315577182539683,1,0.315577182539683,1,0.116265277777778,1,0.315577182539683
"Muscarinic acetylcholine receptor M2",1,1,1,1,0.61454503968254,1,1,0.61454503968254,1,1,1
"Beta-1 adrenergic receptor",1,1,1,1,1,1,1,1,1,1,1
"Dopamine D2 receptor",0.132874603174603,0.551429603174603,1,1,0.551429603174603,0.551429603174603,0.858148478835979,0.551429603174603,1,1,1
"Beta-glucocerebrosidase",1,1,1,1,1,1,1,1,1,1,1
"Motilin receptor",0.498279761904762,0.531498412698413,1,0.498279761904762,0.498279761904762,0.498279761904762,1,0.498279761904762,0.885830687830688,0.498279761904762,0.718353323412698
"MAP kinase-activated protein kinase 2",0.697591666666667,1,1,0.697591666666667,0.697591666666667,1,1,1,0.697591666666667,1,1
"Cyclooxygenase-1",0.968086394557823,0.697591666666667,1,0.968086394557823,0.498279761904762,0.697591666666667,1,0.968086394557823,1,0.968086394557823,1
"Norepinephrine transporter",0.622849702380952,1,0.622849702380952,1,0.622849702380952,0.132874603174603,1,0.83711,1,1,1
"Anandamide amidohydrolase",0.923478492063492,0.498279761904762,1,1,1,1,1,0.498279761904762,0.498279761904762,0.797247619047619,1
"Serotonin 2c (5-HT2c) receptor",1,1,1,1,1,1,1,1,1,1,1
"Dipeptidyl peptidase I",1,0.232530555555556,1,1,1,1,1,1,1,0.332186507936508,1
"Serotonin transporter",0.0332186507936508,0.0442915343915344,1,1,0.323881845238095,1,1,0.0442915343915344,0.418555,1,1
"Peroxisome proliferator-activated receptor alpha",1,1,0.880294246031746,1,1,1,0.880294246031746,0,0.880294246031746,1,1
"HERG",0.697591666666667,0.221457671957672,0.89136712962963,1,1,1,0.697591666666667,0.221457671957672,0.221457671957672,1,1
"Epoxide hydratase",1,1,1,1,1,1,1,1,1,1,1
"Phosphodiesterase 3A",0.76956541005291,0.76956541005291,1,1,0.76956541005291,1,1,0.76956541005291,1,0.76956541005291,0.76956541005291
"C-C chemokine receptor type 1",1,0.847075595238095,1,1,0.420769576719577,0.382014484126984,1,0.265749206349206,1,1,1
"C-C chemokine receptor type 4",1,0.963340873015873,1,1,1,1,1,1,1,1,1
"Estrogen receptor beta",1,1,1,0.606240376984127,0.531498412698413,0.548107738095238,1,0.606240376984127,1,0.81717880952381,1
"Glyoxalase I",0.166093253968254,1,1,0.764028968253968,1,1,1,1,1,1,1
"Myosin light chain kinase, smooth muscle",0.310040740740741,0.531498412698413,1,0.287894973544974,0.21592123015873,0.890259841269841,0.78986569664903,0.0664373015873016,0.310040740740741,0.360659637188209,0.310040740740741
"Serine/threonine-protein kinase AKT2",0.548107738095238,1,1,0.548107738095238,0.770672698412698,1,1,1,1,0.741883201058201,0.770672698412698
"Interleukin-8 receptor B",1,1,1,1,0.43184246031746,0.963340873015873,1,0.963340873015873,1,1,1
"Myeloperoxidase",0.43184246031746,1,1,0.43184246031746,1,1,1,1,1,1,1
"Coagulation factor X",1,1,1,1,1,0.631154365079365,1,1,0.631154365079365,1,1
"Deoxycytidine kinase",1,1,1,1,1,1,1,1,1,1,1
"Muscarinic acetylcholine receptor M3",0,0.714200992063492,1,0.083046626984127,0.716573752834467,0.631154365079365,1,1,0.714200992063492,1,0.714200992063492
"Beta-3 adrenergic receptor",1,0.83046626984127,1,1,1,0.39862380952381,1,1,0.83046626984127,1,0.83046626984127
"Death-associated protein kinase 3",1,1,0.797247619047619,1,1,1,1,1,0.797247619047619,1,1
"Methionine aminopeptidase 1",0.207616567460317,1,1,0.0664373015873016,0.409696693121693,0.207616567460317,0.409696693121693,1,0.207616567460317,0.43658798185941,1
"Leukocyte elastase",1,0.199311904761905,1,1,1,0.199311904761905,1,1,1,1,1
"Beta amyloid A4 protein",1,1,0.238066997354497,0.199311904761905,1,0.166093253968254,0.441333503401361,0.199311904761905,0.199311904761905,1,0.238066997354497
"Neurokinin 1 receptor",0.207616567460317,0.888598908730159,1,0.207616567460317,0.503816203703704,0.503816203703704,1,0,0.745046882086168,1,0.207616567460317
"Neuronal acetylcholine receptor protein alpha-7 subunit",1,1,1,1,1,1,1,1,1,1,1
"Adenosine A2a receptor",0.602681235827664,0.43184246031746,1,0.365405158730159,0.43184246031746,0.43184246031746,1,0.548107738095238,0.43184246031746,1,1
"Endothelin receptor ET-A",0.734962648809524,0.315577182539683,0.98548664021164,0.315577182539683,0.315577182539683,0.315577182539683,0.41760589569161,1,0.298967857142857,0.315577182539683,1
"Beta secretase 2",1,1,0.697591666666667,0.697591666666667,1,1,1,1,1,1,0.697591666666667
"Serine/threonine-protein kinase Chk2",1,1,1,1,1,1,1,1,1,1,1
"Cannabinoid CB2 receptor",0.292324126984127,1,0.12180171957672,1,0.083046626984127,1,1,0.083046626984127,1,1,0.182702579365079
"3-phosphoinositide dependent protein kinase-1",1,1,1,0.780638293650794,1,0.780638293650794,1,1,1,1,1
"Phospholipase D1",0.55364417989418,0.0332186507936508,1,1,1,0.39862380952381,1,1,1,1,1
"Phosphodiesterase 4A",0.221457671957672,0.69343933531746,0.69343933531746,0.0664373015873016,1,0.445129920634921,0.69343933531746,0.445129920634921,0.116265277777778,0.730810317460317,1
"Adenosine A2b receptor",1,0.754537925170068,0.754537925170068,0.754537925170068,1,0.697591666666667,0.754537925170068,1,0.697591666666667,0.754537925170068,0.888598908730159
"Carboxypeptidase B",1,1,1,1,1,1,1,1,1,1,1
"Adenosine A3 receptor",0,0.913512896825397,1,0.221457671957672,0.149483928571429,0.358761428571429,0.806738662131519,0.358761428571429,1,1,0.806738662131519
"Histone deacetylase 5",1,1,1,1,1,1,1,1,1,1,1
"Liver glycogen phosphorylase",1,1,1,1,1,1,1,1,1,1,1
"Tyrosine-protein kinase LCK",1,1,1,1,1,1,1,1,1,1,1
"Cathepsin D",1,1,1,1,1,1,1,1,1,1,1
"Melanocortin receptor 4",0.332186507936508,0.657729285714286,1,1,0.657729285714286,0.92458578042328,0.657729285714286,1,1,0.332186507936508,1
"Peptide N-myristoyltransferase 1",0,0.083046626984127,1,0.488788718820862,1,0.768181299603175,0.343259391534392,0.343259391534392,0.343259391534392,0.343259391534392,1
"Tyrosine-protein kinase SYK",0.884446577380952,0.697591666666667,1,0.884446577380952,1,0.884446577380952,0.884446577380952,1,0.884446577380952,0.884446577380952,0.884446577380952
"MAP kinase p38 alpha",0.559180621693122,0.558073333333333,0.558073333333333,0.558073333333333,0.558073333333333,1,1,1,0.558073333333333,1,1
"Carbonic anhydrase I",0.913512896825397,1,1,0.221457671957672,0.083046626984127,1,1,0,1,1,1
"Furin",0.199311904761905,1,0.471704841269841,0.471704841269841,0.282358531746032,0.822161607142857,1,0.471704841269841,0.787756575963719,1,0.787756575963719
"Tryptase beta-1",0.754537925170068,1,0.942579216269841,0.664373015873016,0.132874603174603,0.589631051587302,0.992868562610229,0.166093253968254,0.589631051587302,1,0.754537925170068
"Glycogen synthase kinase-3 beta",1,1,1,1,1,1,1,1,1,1,1
"Dual specificity protein phosphatase 3",0.847075595238095,0.514889087301587,0.847075595238095,0.847075595238095,1,0.847075595238095,0.847075595238095,0.852612037037037,0.514889087301587,0.847075595238095,0.963340873015873
"c-Jun N-terminal kinase 3",0.880294246031746,0.664373015873016,1,0.664373015873016,0.664373015873016,1,0.664373015873016,0.664373015873016,0.880294246031746,0.664373015873016,1
"Histamine H3 receptor",1,0.55364417989418,0.996559523809524,0.465061111111111,1,1,1,0.996559523809524,0.847075595238095,0.55364417989418,0.996559523809524
"Phosphodiesterase 2A",0.0664373015873016,0.394471478174603,0.394471478174603,0.0332186507936508,1,0.365405158730159,1,0.365405158730159,1,0.394471478174603,0.365405158730159
"Adenosylhomocysteinase",1,1,0.531498412698413,1,1,1,1,1,1,1,1
"Tyrosine-protein kinase SRC",0,0.664373015873016,0.664373015873016,0.448451785714286,0.448451785714286,0.448451785714286,1,1,1,1,1
"Cathepsin K",1,1,1,1,0.764028968253968,1,1,0.298967857142857,1,1,1
"Macrophage-stimulating protein receptor",0.775101851851852,1,1,0.775101851851852,1,0.775101851851852,1,1,1,1,1
"Cystinyl aminopeptidase",0.365405158730159,0.722505654761905,0.996559523809524,0.822161607142857,1,0.822161607142857,1,0.722505654761905,0.764028968253968,0.722505654761905,0.822161607142857
"Focal adhesion kinase 1",0.564717063492064,1,1,1,0.564717063492064,0.564717063492064,1,0.564717063492064,1,0.564717063492064,1
"Mitogen-activated protein kinase kinase kinase 11",1,1,1,1,1,1,1,1,1,1,1
"Histone deacetylase 7",1,1,0.531498412698413,0.913512896825397,0.913512896825397,0.95503621031746,1,0.265749206349206,0.913512896825397,0.913512896825397,0.95503621031746
"Phosphodiesterase 11A",0.487206878306878,1,1,1,0.730810317460317,1,1,0.487206878306878,0.487206878306878,1,1
"Cytochrome P450 11B2",1,0.232530555555556,1,0.232530555555556,1,1,0.232530555555556,1,0.340491170634921,0.963340873015873,1
"Protein-glutamine gamma-glutamyltransferase",0.282358531746032,1,0.851227926587302,0.0664373015873016,0.531498412698413,0.83521179138322,1,0.83521179138322,0.83521179138322,0.556412400793651,1
"Phospholipase D2",0.370941600529101,1,0.332186507936508,0.370941600529101,0.0885830687830688,0.083046626984127,1,0.083046626984127,1,1,1
"Metabotropic glutamate receptor 4",1,0.903547301587302,1,1,0.963340873015873,0.903547301587302,0.903547301587302,1,0.903547301587302,0.903547301587302,1
"C-C chemokine receptor type 5",0.41760589569161,0.41760589569161,1,0.41760589569161,0.41760589569161,0.41760589569161,1,1,0.41760589569161,0.41760589569161,1
"Fibroblast growth factor receptor 3",1,1,1,1,1,1,1,1,1,1,1
"Phosphodiesterase 4B",0.514889087301587,0.365405158730159,1,1,0.885830687830688,1,1,1,1,1,1
"Ileal bile acid transporter",1,1,1,1,1,1,1,1,1,1,1
"Integrin alpha-4",1,0.265749206349206,1,1,1,1,1,1,1,1,1
"Sodium/hydrogen exchanger 1",0.0664373015873016,0.639459027777778,1,1,0.0996559523809524,0.559971541950113,1,0.0664373015873016,0.409696693121693,0.21592123015873,0.409696693121693
"Acyl coenzyme A:cholesterol acyltransferase 1",1,1,1,1,0.249139880952381,1,1,0.199311904761905,1,1,1
"Estradiol 17-beta-dehydrogenase 2",1,1,1,1,1,1,1,1,0.265749206349206,0.847075595238095,1
"Vascular endothelial growth factor receptor 2",0.819393386243386,0.810535079365079,0.810535079365079,0.797247619047619,1,0.810535079365079,0.819393386243386,0.819393386243386,0.819393386243386,0.810535079365079,1
"Matrix metalloproteinase 13",0.0996559523809524,0.697591666666667,1,0.348795833333333,0.0996559523809524,0.697591666666667,1,0.348795833333333,1,1,1
"Tyrosine-protein kinase ZAP-70",1,1,1,1,1,1,1,1,1,1,1
"LXR-alpha",0.445129920634921,0.166093253968254,0.445129920634921,0.676830009920635,0.890259841269841,0.797247619047619,0.460315589569161,0.460315589569161,0.21592123015873,0.445129920634921,0.945221608946609
"Protein-glutamine gamma-glutamyltransferase K",0.0166093253968254,1,0.892158049886621,0.0221457671957672,0.0249139880952381,0.325542777777778,1,0.0166093253968254,0.647763690476191,1,1
"Nerve growth factor receptor Trk-A",1,1,0.606240376984127,1,0.606240376984127,0.606240376984127,1,0.606240376984127,1,1,1
"Coagulation factor XI",0.448451785714286,1,1,0.0664373015873016,1,1,1,1,1,1,1
"Casein kinase I delta",0.249139880952381,1,1,0.249139880952381,0.786174735449735,1,0.98548664021164,1,0.98548664021164,0.98548664021164,1
"Matrix metalloproteinase 3",1,1,1,1,1,1,1,1,1,1,1
"Tyrosine-protein kinase JAK1",1,1,1,1,1,1,1,1,1,1,1
"Dipeptidyl peptidase IV",1,1,1,1,1,1,1,1,1,0.963340873015873,1
"Serine/threonine-protein kinase mTOR",1,1,1,1,1,1,1,1,1,1,1
"Glycogen synthase kinase-3 alpha",0.0332186507936508,0.149483928571429,1,0.776485962301587,0.149483928571429,0.671016746031746,1,0.149483928571429,0.989177601410935,0.776485962301587,0.776485962301587
"Renin",0.0332186507936508,0.520425529100529,1,0.199311904761905,0.440147123015873,0.520425529100529,1,0.298967857142857,0.778265532879819,0.915358377425044,0.915358377425044
"Sigma opioid receptor",1,1,1,1,1,1,1,1,1,1,1
"Mitogen-activated protein kinase kinase kinase 9",1,1,1,1,1,1,1,1,1,1,1
"Phosphodiesterase 4D",0.873650515873016,0.873650515873016,0.873650515873016,0.873650515873016,0.873650515873016,0.531498412698413,0.873650515873016,0.873650515873016,0.873650515873016,0.873650515873016,0.975420382395382
"Carbonic anhydrase III",0.504923492063492,0.504923492063492,1,1,0.504923492063492,1,1,1,0.504923492063492,0.504923492063492,0.92458578042328
"Hematopoietic cell protein-tyrosine phosphatase 70Z-PEP",1,1,1,1,1,1,1,1,0.199311904761905,1,1
"Phosphodiesterase 3B",1,1,1,1,1,1,1,1,1,1,1
"Arachidonate 15-lipoxygenase",0.210384788359788,0.344643501984127,0.298967857142857,1,1,0.259105476190476,0.293431415343915,0.259105476190476,0.210384788359788,0.199311904761905,0.937504144620811
"Phosphodiesterase 4C",0.70866455026455,1,1,0.896903571428572,0.531498412698413,1,1,0.70866455026455,1,1,0.896903571428572
"Telomerase reverse transcriptase",0.870328650793651,0.73911498015873,1,0.976628333333333,0.73911498015873,0.976628333333333,0.976628333333333,0.73911498015873,0.73911498015873,0.976628333333333,0.976628333333333
"Protein kinase C gamma",1,1,1,1,1,1,1,1,1,1,1
"Cathepsin S",1,1,1,1,1,1,1,1,0.697591666666667,1,1
"Sphingosine 1-phosphate receptor Edg-5",0.930122222222222,0.531498412698413,1,1,1,1,1,1,1,1,1
"Tyrosine-protein kinase ITK/TSK",1,1,1,1,1,1,1,1,1,1,1
"Dual specificity mitogen-activated protein kinase kinase 2",1,1,1,1,1,1,1,1,1,1,1
"Tyrosine-protein kinase JAK2",0.935658664021164,0.465061111111111,1,0.664373015873016,0.448451785714286,0.365405158730159,1,1,0.465061111111111,1,1
"Rho-associated protein kinase 2",0.0166093253968254,0.0166093253968254,1,0.968877314814815,1,1,0.677660476190476,1,0.672677678571429,0.27682208994709,1
"Cholecystokinin B receptor",0.323881845238095,1,0.254676322751323,0.348795833333333,1,0.232530555555556,0.9448860670194,0.631154365079365,0.348795833333333,0.942579216269841,0.254676322751323
"Protein kinase C alpha",1,1,1,1,1,1,1,1,1,1,1
"Protein kinase C delta",0.132874603174603,0.132874603174603,1,1,0.343259391534392,0.166093253968254,0.963340873015873,1,0.343259391534392,0.21592123015873,1
"P2X purinoceptor 3",1,1,1,1,1,1,1,1,1,1,1
"Multidrug resistance-associated protein 1",1,1,1,1,0.775101851851852,1,1,1,0.775101851851852,0.775101851851852,1
"Receptor protein-tyrosine kinase erbB-4",0.40526753968254,0.40526753968254,1,0.40526753968254,0.382014484126984,1,1,0.298967857142857,0.503816203703704,1,1
"Cyclin-dependent kinase 2",1,1,0.852612037037037,0.61454503968254,0.61454503968254,1,1,1,1,1,1
"Phosphodiesterase 7A",0.199311904761905,0.575789947089947,1,0.575789947089947,1,1,1,1,1,1,1
"Matriptase",0.84375373015873,1,0.548107738095238,0.548107738095238,1,0.548107738095238,1,0.548107738095238,1,1,1
"Sphingosine kinase 2",1,0.863684920634921,1,1,1,1,1,1,1,1,1
"Serine/threonine-protein kinase PLK1",0.409696693121693,1,1,0.149483928571429,0.149483928571429,1,1,1,1,1,1
"Carbonic anhydrase VI",0.514889087301587,0.514889087301587,0.365405158730159,0.78516810966811,0.506584424603175,0.365405158730159,0.767350833333333,0.365405158730159,0.575789947089947,0.575789947089947,0.575789947089947
"Protein kinase C beta",0.993237658730159,0.867375881834215,0.867375881834215,0.465061111111111,0.409696693121693,0.465061111111111,0.409696693121693,0.166093253968254,0.697591666666667,0.664373015873016,1
"Cyclin-dependent kinase 7",1,1,1,1,0.265749206349206,1,1,0.6754458994709,1,0.6754458994709,1
"Glycine transporter 2",0.332186507936508,1,1,0.730810317460317,1,1,1,0.730810317460317,1,0.92181755952381,1
"Cyclin-dependent kinase 1",0.957301118326118,0.224225892857143,0.226994113756614,0.224225892857143,0.226994113756614,0.957301118326118,0.224225892857143,0.685134672619048,0.224225892857143,0.550480498866213,0.957301118326118
"Excitatory amino acid transporter 1",0.963340873015873,0.813856944444445,1,0.813856944444445,1,0.813856944444445,1,0.979950198412698,1,1,0.813856944444445
"Plasma retinol-binding protein",0.930122222222222,0.310040740740741,0.930122222222222,0.930122222222222,0.357100496031746,0.0664373015873016,0.930122222222222,0.930122222222222,0.199311904761905,0.930122222222222,1
"Poly [ADP-ribose] polymerase-1",0.973306468253968,0.631154365079365,0.631154365079365,1,0.631154365079365,0.631154365079365,0.631154365079365,0.631154365079365,0.631154365079365,0.631154365079365,0.631154365079365
"Thymidine phosphorylase",1,0.290663194444444,0.282358531746032,1,1,0.282358531746032,1,0.290663194444444,1,1,1
"Cyclin-dependent kinase 9",1,0.631154365079365,0.21592123015873,0.776485962301587,0,1,0.776485962301587,0.21592123015873,0.0664373015873016,1,0.776485962301587
"PI3-kinase p110-delta subunit",1,1,1,0.697591666666667,1,1,1,1,1,1,1
"DNA-dependent protein kinase",1,1,1,0.797247619047619,1,1,1,1,1,1,1
"PI3-kinase p110-beta subunit",0.289476814058957,0.182702579365079,1,0.243603439153439,0.0664373015873016,0.182702579365079,0.376478042328042,0.243603439153439,0.0664373015873016,0.376478042328042,0.916834761904762
"Serotonin 7 (5-HT7) receptor",0.963340873015873,0.939613265306122,0.680982341269841,0.939613265306122,0.680982341269841,0.680982341269841,0.963340873015873,0.166093253968254,1,0.939613265306122,1
"Bradykinin B2 receptor",0.0498279761904762,1,0.298967857142857,0.0332186507936508,1,0.232530555555556,1,1,1,1,1
"Protein-tyrosine phosphatase 1C",1,1,1,1,1,1,1,1,1,1,1
"Carboxylesterase 2",0.823084347442681,0.43184246031746,0.805552281746032,0.805552281746032,0.813856944444445,0.833788134920635,0.987499891774892,0.805552281746032,0.813856944444445,0.813856944444445,0.813856944444445
"Estradiol 17-beta-dehydrogenase 1",1,1,1,1,1,1,1,1,1,1,1
"Histone deacetylase 8",0.321113624338624,0.458417380952381,0.610392708333333,0.884824062049062,0.780638293650794,0.458417380952381,0.682827821869489,0.166093253968254,0.321113624338624,0.610392708333333,0.610392708333333
"Prolyl endopeptidase",1,1,1,1,1,1,1,1,1,1,1
"Matrix metalloproteinase 9",0.0996559523809524,0.609008597883598,1,0.609008597883598,0.609008597883598,0.609008597883598,0.740301360544218,1,0.514889087301587,1,1
"CD22",0.509352645502645,1,1,0.465061111111111,1,1,1,1,1,0.509352645502645,1
"Metabotropic glutamate receptor 5",0.564717063492064,1,1,1,1,1,1,1,1,1,1
"Sphingosine 1-phosphate receptor Edg-6",1,1,1,0.132874603174603,1,1,1,1,1,1,1
"Rho-associated protein kinase 1",1,1,1,1,1,1,1,1,1,1,1
"Tyrosine-protein kinase HCK",1,1,1,1,1,1,1,1,1,1,1
"Carbonic anhydrase XII",1,1,1,1,1,1,1,1,1,1,1
"Histone deacetylase 1",1,0.930122222222222,1,1,1,1,1,0.930122222222222,1,0.930122222222222,1
"Lysophosphatidic acid receptor Edg-7",1,1,0.686518783068783,0.686518783068783,0.686518783068783,1,0.686518783068783,1,0.686518783068783,1,0.686518783068783
"PI3-kinase p110-gamma subunit",0.232530555555556,0.0332186507936508,1,1,1,0.750741507936508,1,1,0.440147123015873,0.232530555555556,1
"PI4-kinase beta subunit",0.518210952380952,1,0.822161607142857,0.518210952380952,0.518210952380952,0.518210952380952,0.813856944444444,1,0.518210952380952,0.822161607142857,1
"Cathepsin L2",0.559180621693122,0.559180621693122,0.559180621693122,0.0332186507936508,1,0.559180621693122,0.668525347222222,0.559180621693122,0.668525347222222,1,1
"Urokinase-type plasminogen activator",0.542571296296296,1,1,1,1,1,1,0.780638293650794,0.542571296296296,0.542571296296296,1
"Testis-specific androgen-binding protein",1,1,1,1,1,1,1,1,1,1,1
"Caspase-6",0.298967857142857,1,0.809704613095238,0.166093253968254,0.487206878306878,0.809704613095238,0.809704613095238,1,0.809704613095238,0.809704613095238,0.845230114638448
"Cyclin-dependent kinase 4",0.0415233134920635,1,1,0.0332186507936508,0.0332186507936508,1,1,0.0332186507936508,0.325542777777778,0.852612037037037,1
"Histone deacetylase 11",0.83995731292517,1,0.70866455026455,0.70866455026455,0.70866455026455,1,0.83995731292517,0.83995731292517,0.885830687830688,0.83995731292517,0.885830687830688
"Sodium-dependent proline transporter",0.714200992063492,1,0.863684920634921,0.714200992063492,1,0.923478492063492,1,1,0.863684920634921,1,1
"Matrix metalloproteinase-1",0.561697186147186,0.265749206349206,0.561697186147186,0.265749206349206,0.265749206349206,0.561697186147186,0.558073333333333,0.561697186147186,0.561697186147186,0.561697186147186,0.456756448412698
"Matrix metalloproteinase-2",1,1,1,1,1,1,1,1,1,1,1
"Protein-tyrosine phosphatase 1B",1,0.871989583333333,1,0.871989583333333,0.996559523809524,1,0.996559523809524,1,0.871989583333333,0.871989583333333,1
"Acetyl-CoA carboxylase 1",0.265749206349206,1,1,1,0.764028968253968,0.476133994708995,0.911140136054422,0.476133994708995,1,0.911140136054422,0.910191031746032
"Serotonin 6 (5-HT6) receptor",1,1,1,1,1,1,1,1,1,1,1
"MAP kinase ERK1",0.963340873015873,1,1,1,1,1,1,1,1,1,1
"Cytochrome P450 2C9",1,1,0.478348571428571,0.166093253968254,0.21592123015873,0.166093253968254,1,0.166093253968254,1,1,1
"Probable G-protein coupled receptor 88",0.143947486772487,0.272392936507937,1,1,0.143947486772487,0.805552281746032,1,0.0664373015873016,0.697591666666667,0.272392936507937,0.716573752834467
"Cytochrome P450 3A4",0.372048888888889,1,1,0.372048888888889,0.298967857142857,0.404160251322751,0.372048888888889,0.920631179138322,0.372048888888889,1,1
"Pregnane X receptor",0.132874603174603,0.213548469387755,0.690947936507937,0.577174057539683,0.690947936507937,0.199311904761905,0.927102344877345,0.199311904761905,0.199311904761905,0.177166137566138,0.177166137566138
"Carboxypeptidase B2 isoform A",0.0332186507936508,1,1,0.465061111111111,1,1,1,1,1,1,1
"Serotonin 5a (5-HT5a) receptor",1,1,1,1,1,1,1,1,1,1,1
"Estrogen-related receptor alpha",1,1,1,0.232530555555556,1,1,1,1,1,1,1
"Amine oxidase, copper containing",0.847075595238095,0.847075595238095,1,0.847075595238095,0.847075595238095,1,1,0.92458578042328,0.92458578042328,1,1
"Protein kinase C zeta",0.764028968253968,1,1,1,0.531498412698413,0.564717063492063,1,0.39862380952381,1,1,1
"Melanin-concentrating hormone receptor 1",1,1,1,1,1,1,1,1,1,1,1
"Caspase-7",0.358761428571429,0.446079024943311,1,0.358761428571429,1,0.358761428571429,0.446079024943311,0.971645535714286,0.358761428571429,0.358761428571429,1
"C-C chemokine receptor type 3",0.232530555555556,1,0.498279761904762,0.298967857142857,1,1,1,1,1,1,1
"Phospholipase A2 group IIA",0.82382253968254,0.730810317460317,1,0.564717063492064,0.564717063492064,1,1,1,0.82382253968254,1,0.902440013227513
"Plasminogen activator inhibitor-1",0.983272063492064,0.983272063492064,1,0.631154365079365,1,1,0.983272063492064,1,0.983272063492064,1,1
"Inhibitor of nuclear factor kappa B kinase alpha subunit",1,1,1,1,1,1,1,1,1,1,1
"Proteasome Macropain subunit",1,1,1,1,0.265749206349206,1,1,0.415233134920635,1,1,1
"Carbonic anhydrase XIV",1,0.531498412698413,1,0.531498412698413,0.531498412698413,1,1,1,1,1,1
"LDL-associated phospholipase A2",1,1,1,0.199311904761905,1,1,1,1,1,1,1
"Cytochrome P450 17A1",0.0664373015873016,0.868430442176871,0.27682208994709,0.617866904761905,1,0.27682208994709,1,0.868430442176871,0.884446577380952,1,0.617866904761905
"Histone deacetylase 4",0.0664373015873016,0.149483928571429,1,0.855380257936508,0.855380257936508,1,0.855380257936508,0.948577028218695,0.805552281746032,0.805552281746032,0.855380257936508
"Inhibitor of nuclear factor kappa B kinase epsilon subunit",0.622849702380952,1,0.622849702380952,1,1,0.622849702380952,1,1,0.622849702380952,1,0.863684920634921
"Phosphodiesterase 9A",0.755724305555556,0.952267989417989,0.930122222222222,0.481670436507937,0.481670436507937,1,1,1,1,1,0.620081481481481
"Tyrosine-protein kinase TYK2",0,0.913512896825397,1,0.884446577380952,0.913512896825397,0.884446577380952,0.884446577380952,0.863684920634921,0.884446577380952,0.884446577380952,0.884446577380952
"Steryl-sulfatase",1,1,1,1,1,1,1,1,1,1,1
"Nitric-oxide synthase, brain",0.993539646464647,0.993539646464647,0.993539646464647,0.993539646464647,0.993539646464647,0.993539646464647,0.993539646464647,0.993539646464647,0.993539646464647,0.993539646464647,0.993539646464647
"Cholesteryl ester transfer protein",0,0.249139880952381,0.963340873015873,1,1,0.684304206349206,0.703128108465608,0.963340873015873,0.639459027777778,0.639459027777778,1
"Protein kinase C epsilon",0.664373015873016,0.752956084656085,0.752956084656085,0.752956084656085,0.871989583333333,0.752956084656085,1,0.752956084656085,1,0.871989583333333,1
"Dual specificity mitogen-activated protein kinase kinase 1",0,0.697591666666667,1,0.0664373015873016,0.0913512896825397,0.697591666666667,1,0.0664373015873016,1,1,1
"Adenosine kinase",0,0.73911498015873,1,0.83711,0.669909457671958,0.265749206349206,0.73911498015873,0.0332186507936508,0.265749206349206,0.669909457671958,0.83711
"Hormone sensitive lipase",0.818009275793651,0.818009275793651,0.818009275793651,0.818009275793651,1,0.818009275793651,0.818009275793651,1,0.818009275793651,0.818009275793651,1
"Carbonic anhydrase IX",0.249139880952381,0.409696693121693,0.6754458994709,0.249139880952381,1,1,1,0.465061111111111,1,0.6754458994709,1
"Protein kinase C eta",1,1,1,1,1,1,1,0.697591666666667,1,1,1
"Cytochrome P450 2C19",1,1,1,1,1,1,1,1,1,1,1
"Quinone reductase 1)",1,1,1,1,0.43184246031746,1,1,0.132874603174603,1,1,1
"Casein kinase II alpha",0.874757804232804,0.874757804232804,1,1,1,0.874757804232804,1,1,1,1,1
"Opioid growth factor receptor-like protein 1",0.43184246031746,0.741883201058201,1,0.863684920634921,0.741883201058201,1,0.806738662131519,0.43184246031746,1,0.741883201058201,0.741883201058201
"Kininogen-1",1,1,1,0.680982341269841,1,1,1,0.680982341269841,1,1,1
"Acetyl-coenzyme A transporter 1",0.942201731601732,0.498279761904762,0.942201731601732,0.747419642857143,0.942201731601732,0.747419642857143,0.747419642857143,0.942201731601732,0.747419642857143,0.747419642857143,0.942201731601732
"Fibroblast growth factor receptor 1",1,1,1,1,1,1,1,1,1,1,1
"PI4-kinase alpha subunit",1,1,1,1,1,1,1,1,1,1,1
"Arachidonate 12-lipoxygenase",1,0.199311904761905,1,1,1,0.132874603174603,1,1,0.298967857142857,0.573021726190476,1
"Autotaxin",1,1,1,1,1,1,1,1,1,1,1
"ADAM17",1,1,1,1,1,1,1,1,1,1,1
"Prostanoid EP3 receptor",1,1,1,1,1,1,1,1,1,1,1
"Hepatocyte growth factor receptor",0.332186507936508,1,1,1,1,1,1,1,1,1,1
"Carbonic anhydrase IV",1,0.0885830687830688,1,0.41286037414966,1,0.0930122222222222,0.0930122222222222,0.083046626984127,0.0332186507936508,0.0941195105820106,1
"11-beta-hydroxysteroid dehydrogenase 2",0.501970723104056,0.348795833333333,0.501970723104056,0.501970723104056,0.348795833333333,1,0.348795833333333,0.0996559523809524,0.188239021164021,0.188239021164021,1
"Histamine H4 receptor",1,0.564717063492064,0.591291984126984,0.620081481481481,0.55364417989418,0.55364417989418,1,0.55364417989418,1,1,1
"Beta-glucosidase",1,1,1,1,1,1,1,1,1,1,1
"Urotensin II receptor",1,1,1,1,1,1,1,1,1,1,1
"Metabotropic glutamate receptor 1",1,0.81717880952381,1,1,0.149483928571429,0.354332275132275,1,0.132874603174603,0.489975099206349,1,1
"Dual specificity phosphatase Cdc25A",0.716573752834467,0.716573752834467,0.716573752834467,1,1,0.716573752834467,0.851227926587302,0.716573752834467,0.716573752834467,0.716573752834467,1
"Caspase-8",0.651916021825397,0.455570068027211,0.455570068027211,1,1,0.0664373015873016,0.254676322751323,0.455570068027211,0.0996559523809524,0.455570068027211,0.804629541446208
"Interleukin-1 receptor-associated kinase 4",1,1,1,1,1,1,1,1,1,1,1
"Histone acetyltransferase p300",0.0664373015873016,0.677660476190476,1,0.191007242063492,0.0664373015873016,1,1,0.0664373015873016,1,1,1
"Hydroxycarboxylic acid receptor 2",0.604579444444444,0.604579444444444,1,1,0.992407192460317,0.992407192460317,0.604579444444444,0.604579444444444,0.869221362433862,0.604579444444444,1
"Serine/threonine-protein kinase PLK4",1,0.913512896825397,1,1,1,1,1,1,1,0.764028968253968,1
"Melanocortin receptor 1",0.083046626984127,0.711828231292517,0.0332186507936508,0.711828231292517,0.192668174603175,0.0332186507936508,1,0.0664373015873016,1,0.74926512345679,0.74926512345679
"Calcitonin gene-related peptide type 1 receptor",0.376478042328042,1,1,0.0996559523809524,0.376478042328042,0.692055224867725,1,1,0.591291984126984,0.591291984126984,1
"T-cell protein-tyrosine phosphatase",1,1,1,1,1,1,1,1,1,1,1
"Cytosolic phospholipase A2",1,0.952267989417989,1,1,0.952267989417989,1,1,0.952267989417989,1,1,1
"Hexokinase type IV",1,1,1,1,1,1,1,1,1,1,1
"Serine/threonine-protein kinase NEK2",0.913512896825397,0.913512896825397,1,1,1,1,1,1,1,1,1
"LIM domain kinase 1",1,1,1,1,0.116265277777778,1,1,0.0996559523809524,1,1,1
"Cathepsin L",0.764028968253968,0.85039746031746,1,1,1,0.39862380952381,1,0.85039746031746,0.85039746031746,0.996559523809524,1
"Protein kinase C mu",0.899923448773449,0.617866904761905,0.617866904761905,0.617866904761905,0.899923448773449,0.899923448773449,0.899923448773449,0.617866904761905,0.899923448773449,0.617866904761905,0.899923448773449
"Protein-tyrosine phosphatase 2C",0.976628333333333,0.442915343915344,0.870328650793651,0.442915343915344,0.976628333333333,0.976628333333333,0.870328650793651,0.976628333333333,0.442915343915344,1,0.976628333333333
"Matrix metalloproteinase 14",0.0664373015873016,1,1,1,1,1,1,1,1,1,1
"Heat shock protein HSP 90-alpha",1,1,1,1,1,1,1,1,1,1,1
"Sodium/glucose cotransporter 2",0.979950198412698,0.979950198412698,1,1,0.979950198412698,0.979950198412698,1,0.979950198412698,0.979950198412698,1,1
"Calpain 1",1,1,1,1,1,1,1,0.498279761904762,1,1,1
"Sphingosine 1-phosphate receptor Edg-3",0.116265277777778,1,0.126230873015873,0.0996559523809524,0.238066997354497,0.126230873015873,1,0.126230873015873,1,1,1
"Bone morphogenetic protein 1",1,1,1,1,1,1,1,1,1,1,1
"Glutathione S-transferase Pi",1,1,1,1,1,1,1,1,1,1,1
"Tyrosine-protein kinase Lyn",1,0.885830687830688,0.885830687830688,0.885830687830688,0.885830687830688,1,0.885830687830688,1,1,0.885830687830688,1
"Ribosomal protein S6 kinase alpha 2",1,1,0.570253505291005,0.0996559523809524,0.0996559523809524,0.970722795414462,0.570253505291005,0.970722795414462,0.570253505291005,0.570253505291005,0.970722795414462
"Carbonic anhydrase XIII",1,0.901649092970522,1,0.874757804232804,0.901649092970522,1,0.61454503968254,0.901649092970522,0.0664373015873016,0.901649092970522,1
"Complement C1s",1,1,1,0.564717063492064,1,1,1,1,1,1,1
"Protein kinase C theta",1,0.0996559523809524,1,0.0996559523809524,1,0.752956084656085,0.759283446712018,0.0996559523809524,0.152805793650794,0.152805793650794,1
"Heparanase",0.818009275793651,0.818009275793651,1,0.818009275793651,0.818009275793651,1,1,0.818009275793651,0.818009275793651,0.818009275793651,0.818009275793651
"Methionine aminopeptidase 2",1,1,1,1,1,1,1,1,1,1,1
"Serine/threonine-protein kinase Aurora-C",0.0332186507936508,0.498279761904762,0.514889087301587,0.199311904761905,1,0.318899047619048,0.298967857142857,0.498279761904762,0.318899047619048,0.992868562610229,1
"Quinone reductase 2",1,0.89136712962963,1,0.498279761904762,1,0.89136712962963,0.971645535714286,0.498279761904762,0.971645535714286,0.89136712962963,0.89136712962963
"MAP kinase p38 beta",0,1,1,0.983272063492064,0.15502037037037,0.15502037037037,1,0.249139880952381,1,1,1
"Carbonic anhydrase VB",0.930122222222222,1,0.930122222222222,1,1,1,1,1,1,1,1
"GAR transformylase",1,1,1,1,1,1,1,1,1,1,1
"Proteinase-activated receptor 1",1,0.730810317460317,1,1,0.730810317460317,0.0996559523809524,1,1,0.730810317460317,1,1
"Fructose-1,6-bisphosphatase",0.714200992063492,0.950883878968254,1,0.149483928571429,0.15502037037037,0.578004523809524,0.82572074829932,1,0.149483928571429,0.578004523809524,1
"Dipeptidyl peptidase II",1,0.697591666666667,0.963340873015873,0.0332186507936508,1,0.963340873015873,1,0.963340873015873,1,0.963340873015873,0.963340873015873
"Peroxisome proliferator-activated receptor delta",1,0.61454503968254,1,0.199311904761905,0.61454503968254,0.61454503968254,0.489975099206349,0.489975099206349,0.489975099206349,0.61454503968254,1
"Serine/threonine-protein kinase 10",1,1,0.741883201058201,1,1,0.741883201058201,1,1,0.741883201058201,1,1
"Dual specificity protein kinase TTK",1,1,1,0.531498412698413,1,1,1,1,1,1,1
"Coagulation factor VII",1,1,1,0.863684920634921,1,1,1,1,1,1,1
"PI3-kinase p110-alpha subunit",1,0.166093253968254,1,1,1,1,1,1,1,1,1
"Tyrosine-protein kinase ABL2",1,1,1,1,1,1,1,1,1,1,1
"C-C chemokine receptor type 2",0.315577182539683,1,1,0.0664373015873016,0.453988227513228,1,0.358761428571429,0.358761428571429,0.358761428571429,0.896903571428571,0.896903571428571
"Glutamate receptor ionotropic, AMPA 2",1,1,1,0.664373015873016,1,1,1,1,1,1,1
"Neuropeptide Y receptor type 2",0.199311904761905,1,1,0.805552281746032,0.531498412698413,1,1,0.55364417989418,1,1,1
"HMG-CoA reductase",0.857041190476191,1,0.249139880952381,1,0.249139880952381,0.132874603174603,1,0.182702579365079,0.941195105820106,1,1
"Signal transducer and activator of transcription 3",1,1,1,0.730810317460317,1,1,1,1,1,1,1
"Interleukin-8 receptor A",1,1,1,1,1,1,1,0.896903571428571,1,1,1
"Cyclin-dependent kinase 5",1,0.376478042328042,1,1,0.376478042328042,0.376478042328042,1,1,0.747419642857143,1,1
"MAP kinase ERK2",1,0.664373015873016,1,1,0.387550925925926,0.0664373015873016,1,0.365405158730159,0.752956084656085,1,0.664373015873016
"Cystic fibrosis transmembrane conductance regulator",0.387550925925926,1,1,0.387550925925926,1,0.387550925925926,1,1,1,1,0.780638293650794
"Chymase",0.664373015873016,0.609008597883598,1,1,1,1,0.83046626984127,0.83046626984127,0.609008597883598,0.609008597883598,1
"Casein kinase II alpha (prime)",1,0.498279761904762,0.39862380952381,1,1,1,1,1,1,1,1
"Cathepsin B",1,1,1,1,1,1,1,1,1,1,1
"Matrix metalloproteinase 7",0.265749206349206,1,0.750741507936508,0.298967857142857,0.750741507936508,0.298967857142857,1,1,0.852612037037037,1,1
"Bombesin receptor subtype-3",0.249139880952381,0.718353323412698,0.465061111111111,0.387550925925926,0.249139880952381,0.423537797619048,1,0.711828231292517,0.465061111111111,1,1
"LXR-beta",0.622849702380952,0.911140136054422,1,0.911140136054422,0.622849702380952,0.622849702380952,1,0.622849702380952,1,0.911140136054422,1
"Neurotensin receptor 1",1,1,1,1,1,1,1,1,1,1,1
"Tyrosine-protein kinase TIE-2",1,1,0.890259841269841,0.697591666666667,0.697591666666667,0.697591666666667,1,1,0.697591666666667,1,1
"Fibroblast growth factor receptor 2",1,0.83046626984127,1,1,0.83046626984127,1,1,0.83046626984127,1,1,0.83046626984127
"Histone deacetylase 9",1,1,1,1,1,1,1,0.631154365079365,1,1,1
"Fatty acid synthase",1,1,1,1,1,1,1,1,1,1,1
"c-Jun N-terminal kinase 2",0.465061111111111,0.806738662131519,1,0.348795833333333,0.348795833333333,1,1,0.348795833333333,0.348795833333333,0.896903571428571,0.806738662131519
"Sodium channel protein type II alpha subunit",1,1,1,1,1,1,1,1,1,1,1
"Monoglyceride lipase",1,1,1,1,1,1,1,1,1,1,1
"Inhibitor of apoptosis protein 3",1,1,1,0.930122222222222,1,1,1,1,1,1,1
"Serine/threonine-protein kinase 2",0.703128108465608,0.703128108465608,1,1,1,0.703128108465608,1,0.745046882086168,0.703128108465608,0.365405158730159,0.703128108465608
"Dual specificity protein kinase CLK4",1,1,1,1,1,1,1,1,1,1,1
"MAP kinase signal-integrating kinase 2",0.398623809523809,0.597935714285714,1,0.398623809523809,0.571360793650794,0.398623809523809,1,1,0.571360793650794,0.597935714285714,0.888598908730159
"Proteasome component C5",0.697591666666667,1,1,1,0.697591666666667,1,1,0.697591666666667,0.788942956349206,1,1
"Tyrosine-protein kinase FRK",1,1,1,1,1,1,1,1,1,1,1
"Dual specificty protein kinase CLK1",0.987068480725623,1,1,1,0.95503621031746,0.95503621031746,0.987068480725623,1,0.95503621031746,0.95503621031746,0.987068480725623
"Dual specificity protein kinase CLK2",1,1,1,1,1,1,1,1,1,1,1
"Lipoxin A4 receptor",0.808320502645503,0.808320502645503,1,1,1,1,1,1,0.808320502645503,1,1
"Estradiol 17-beta-dehydrogenase 3",0.298967857142857,1,1,1,1,1,1,1,0.896903571428571,1,1
"11-beta-hydroxysteroid dehydrogenase 1",0.98548664021164,1,1,0.0996559523809524,1,0.531498412698413,1,1,1,1,1
"Ribosomal protein S6 kinase alpha 5",0.647763690476191,0.967493204365079,1,0.967493204365079,0.797247619047619,0.967493204365079,1,0.647763690476191,0.967493204365079,0.967493204365079,1
"ALK tyrosine kinase receptor",0.82097522675737,0.780638293650794,0.82097522675737,0.915358377425044,0.82097522675737,0.664373015873016,0.915358377425044,1,0.82097522675737,0.82097522675737,0.989915793650794
"Hypoxia-inducible factor 1 alpha",0.290663194444444,0.290663194444444,1,0.290663194444444,1,1,1,0.290663194444444,1,1,1
"TGF-beta receptor type II",1,1,1,1,1,1,1,1,1,1,1
"Serine/threonine-protein kinase AKT",0.232530555555556,1,1,0.581326388888889,1,1,1,1,1,1,0.885830687830688
"Sodium channel protein type IX alpha subunit",1,1,1,1,1,1,1,1,1,1,1
"P-glycoprotein 1",0.953849829931973,0.953849829931973,1,0.953849829931973,0.953849829931973,0.953849829931973,1,0.953849829931973,0.953849829931973,1,1
"Heat shock protein HSP 90-beta",1,1,1,1,1,1,1,1,1,1,1
"Calcium-activated potassium channel subunit alpha-1",0.548107738095238,1,1,0.548107738095238,0.813856944444444,1,0.813856944444444,0.813856944444444,1,1,0.813856944444444
"Intermediate conductance calcium-activated potassium channel protein 4",1,1,1,1,0.0996559523809524,1,1,0.382014484126984,1,1,1
"Voltage-gated potassium channel subunit Kv1.5",1,1,1,1,1,1,1,1,1,1,1
"Bradykinin B1 receptor",1,1,1,1,1,1,1,1,1,1,1
"Purinergic receptor P2Y1",0,1,0.780638293650794,0.780638293650794,0.232530555555556,0.0498279761904762,1,0.232530555555556,1,1,1
"Sphingosine 1-phosphate receptor Edg-1",0.919049338624339,1,1,0.919049338624339,1,1,1,0.919049338624339,1,1,1
"Purine nucleoside phosphorylase",1,0.948577028218695,0.43184246031746,0.440147123015873,1,0.265749206349206,0.948577028218695,0.43184246031746,0.570253505291005,0.948577028218695,0.570253505291005
"Serine/threonine-protein kinase GAK",1,1,1,1,1,1,1,1,1,1,1
"Induced myeloid leukemia cell differentiation protein Mcl-1",0.21592123015873,0.85039746031746,1,0.21592123015873,0.21592123015873,1,1,0.21592123015873,1,1,1
"Dual-specificity tyrosine-phosphorylation regulated kinase 2",1,0.221457671957672,1,0.759283446712018,1,0.677660476190476,0.390319146825397,0.221457671957672,0.0332186507936508,0.759283446712018,1
"Gastric inhibitory polypeptide receptor",0.83521179138322,0.905208234126984,1,0.39862380952381,0.686518783068783,1,0.83521179138322,0.83521179138322,0.39862380952381,1,0.83521179138322
"Matrix metalloproteinase 12",0,0.139518333333333,1,0.139518333333333,0.139518333333333,1,1,0.0166093253968254,1,0.907976455026455,1
"Sphingosine kinase 1",0.132874603174603,1,1,0.132874603174603,0.456756448412698,0.518210952380952,1,0.321113624338624,1,1,1
"Phosphodiesterase 8B",0.996559523809524,0.996559523809524,0.813856944444445,1,0.813856944444445,1,1,1,1,0.996559523809524,1
"Phosphodiesterase 10A",0.265749206349206,0.265749206349206,1,1,1,1,1,1,1,1,1
"Free fatty acid receptor 1",0.642227248677249,0.637798095238095,0.853719325396825,0.637798095238095,0.637798095238095,0.637798095238095,0.853719325396825,0.853719325396825,0.637798095238095,1,0.853719325396825
"Prostanoid DP receptor",0.741883201058201,0.631154365079365,1,1,0.631154365079365,0.644441825396825,1,0.644441825396825,0.39862380952381,1,1
"Neurokinin 3 receptor",0.649609171075838,0.143947486772487,0.876972380952381,0.224225892857143,0.259105476190476,0.448451785714286,0.635306696428571,0.455570068027211,0,0.143947486772487,0.945221608946609
"TGF-beta receptor type I",1,1,1,1,1,1,1,1,1,1,1
"C-X-C chemokine receptor type 3",0.465061111111111,1,1,1,1,1,1,1,1,1,1
"Vitamin K-dependent protein C",0.838770932539683,1,0.824929828042328,0.730810317460318,0.730810317460318,0.730810317460318,1,0.730810317460318,1,0.838770932539683,0.730810317460318
"Tyrosine-protein kinase FGR",1,1,0.83046626984127,1,0.755724305555556,0.755724305555556,0.892158049886621,0.892158049886621,0.755724305555556,0.755724305555556,1
"NAD-dependent deacetylase sirtuin 3",1,1,1,1,1,1,1,1,1,1,1
"NAD-dependent deacetylase sirtuin 2",1,1,1,1,1,1,1,1,1,1,1
"Acyl coenzyme A:cholesterol acyltransferase 2",0.365405158730159,1,1,1,0.365405158730159,0.365405158730159,1,1,0.365405158730159,0.783960158730159,1
"Voltage-gated N-type calcium channel alpha-1B subunit",1,1,1,0.996559523809524,0.996559523809524,1,1,1,1,1,1
"Nitric oxide synthase, inducible",0.969984603174603,0.332186507936508,0.574208106575964,0.969984603174603,0.969984603174603,0.332186507936508,1,0.332186507936508,0.332186507936508,0.332186507936508,0.343259391534392
"Serine/threonine-protein kinase PAK 4",0.919049338624339,0.919049338624339,0.92181755952381,0.919049338624339,1,1,1,1,1,1,1
"Ribosomal protein S6 kinase 1",1,0.581326388888889,1,1,1,1,0.581326388888889,0.581326388888889,0.0664373015873016,1,1
"NAD-dependent deacetylase sirtuin 1",0.988254861111111,1,1,0.988254861111111,1,0.988254861111111,1,1,1,0.988254861111111,1
"Glutaminyl-peptide cyclotransferase",0.602088045634921,0.602088045634921,0.602088045634921,0.602088045634921,0.365405158730159,0.680982341269841,0.602088045634921,0.680982341269841,0.602088045634921,0.602088045634921,0.936161976911977
"Serine/threonine-protein kinase PIM2",1,1,1,0.365405158730159,1,1,1,1,1,1,1
"TRAF2- and NCK-interacting kinase",1,0.21592123015873,0.930122222222222,0.455570068027211,0.385336349206349,0.321113624338624,0.43184246031746,0.933444087301587,0.0332186507936508,0.385336349206349,0.930122222222222
"Coagulation factor XIII",1,1,1,1,1,1,1,1,1,1,1
"5-lipoxygenase activating protein",0.365405158730159,0.365405158730159,0.365405158730159,0.0664373015873016,0.455570068027211,1,0.737454047619048,0.494127430555556,0.365405158730159,0.365405158730159,0.605317636684303
"Neuropeptide Y receptor type 5",0.298967857142857,1,0.365405158730159,1,1,0.132874603174603,1,0.506584424603175,1,1,1
"Kinesin-like protein 1",1,0.885830687830688,1,1,0.885830687830688,1,1,0.885830687830688,1,1,1
"Matrix metalloproteinase 8",1,1,1,1,1,1,1,1,1,1,1
"C-C chemokine receptor type 8",0.310040740740741,0.764028968253968,1,0.885830687830688,0.199311904761905,1,1,0.199311904761905,1,0.764028968253968,1
"Tyrosine kinase non-receptor protein 2",1,1,1,1,0.083046626984127,0.730810317460317,1,0.083046626984127,1,1,1
"Serine/threonine-protein kinase PAK 1",0.365405158730159,0.635899886621315,0.66022068452381,0.635899886621315,0.635899886621315,0.635899886621315,0.907976455026455,0.635899886621315,0.635899886621315,1,1
"Tyrosine-protein kinase BRK",0.551429603174603,0.551429603174603,1,0.745574162257496,0.745046882086168,0.745574162257496,1,0.551429603174603,0.551429603174603,0.551429603174603,0.745046882086168
"Melanocortin receptor 5",0.0332186507936508,0.305611587301587,0.581326388888889,0.305611587301587,0.305611587301587,0.976628333333333,1,0.305611587301587,0.581326388888889,0.756647045855379,0.581326388888889
"Ghrelin receptor",1,1,1,1,1,1,1,1,1,1,1
"Phenylethanolamine N-methyltransferase",1,1,1,1,1,1,0.609008597883598,0.465061111111111,0.609008597883598,0.930122222222222,1
"Leukotriene A4 hydrolase",0.0498279761904762,0.27682208994709,0.906869166666667,0.906394614512472,0.285680396825397,1,0.906869166666667,0,0.285680396825397,0.764028968253968,0.906869166666667
"Apoptosis regulator Bcl-X",0.971645535714286,0.971645535714286,1,0.989915793650794,1,0.797247619047619,1,0.971645535714286,1,1,1
"Serine/threonine-protein kinase Chk1",1,0.797247619047619,0.40526753968254,0.221457671957672,0.40526753968254,1,1,0.199311904761905,0.221457671957672,1,1
"Voltage-gated potassium channel subunit Kv1.3",0.589631051587302,1,1,1,0.315577182539683,1,0.589631051587302,1,0.315577182539683,1,0.943409682539682
"Voltage-gated T-type calcium channel alpha-1G subunit",1,1,1,1,1,1,1,1,1,1,1
"Melanocortin receptor 3",0.116265277777778,0.651085555555556,0.651085555555556,0,0.651085555555556,0.651085555555556,0.651085555555556,0.651085555555556,0.651085555555556,0.651085555555556,0.68249227994228
"Dipeptidyl peptidase VIII",0.298967857142857,0.199311904761905,1,1,0.803891349206349,1,0.838770932539683,0.772333630952381,0.83521179138322,0.772333630952381,0.83521179138322
"Lymphocyte differentiation antigen CD38",0.0332186507936508,0.963340873015873,0.810535079365079,0.376478042328042,0.963340873015873,0.132874603174603,0.975420382395382,0.963340873015873,0.481670436507937,0.83046626984127,0.877921485260771
"Proteasome Macropain subunit MB1",0.52319375,0.52319375,1,0.182702579365079,0.584648253968254,0.586862830687831,0.896903571428571,0.685134672619048,0.166093253968254,0.685134672619048,1
"Apoptosis regulator Bcl-W",0.199311904761905,0.664373015873016,1,0.249139880952381,1,1,1,1,1,1,1
"Aldo-keto-reductase family 1 member C3",1,1,1,1,1,1,1,1,1,1,1
"Fibroblast activation protein alpha",0.237276077097506,0.160556812169312,0.66022068452381,1,0.116265277777778,0.083046626984127,0.771410890652557,0.116265277777778,0.083046626984127,0.126230873015873,0.797247619047619
"Indoleamine 2,3-dioxygenase",1,1,1,1,1,1,1,1,0.941195105820106,0.941195105820106,0.941195105820106
"Malonyl-CoA decarboxylase",1,1,1,1,1,1,1,1,1,1,1
"Isoprenylcysteine carboxyl methyltransferase",1,0.902440013227513,0.573021726190476,1,1,0.573021726190476,1,0.902440013227513,1,0.573021726190476,0.573021726190476
"Serine/threonine-protein kinase Aurora-A",1,1,1,1,1,1,1,1,1,1,1
"C3a anaphylatoxin chemotactic receptor",1,1,1,0.365405158730159,0.406928472222222,0.365405158730159,1,1,0.365405158730159,0.571360793650794,1
"Vesicular acetylcholine transporter",0.734962648809524,0.42519873015873,1,1,0.42519873015873,0.42519873015873,0.55364417989418,1,0.42519873015873,0.42519873015873,0.711828231292517
"Geranylgeranyl pyrophosphate synthetase",1,1,1,1,1,1,1,1,1,1,1
"Neuropeptide Y receptor type 1",0.710879126984127,1,0.710879126984127,0.710879126984127,0.743267311507936,0.710879126984127,1,0.710879126984127,0.743267311507936,0.743267311507936,1
"Carbonic anhydrase VA",1,1,1,1,1,1,1,1,1,1,1
"Endothelin-converting enzyme 1",0.298967857142857,0.906394614512472,1,0.43184246031746,0.950883878968254,0.906394614512472,0.783960158730159,0.783960158730159,0.783960158730159,1,1
"Orexin receptor 2",1,1,1,1,1,1,1,0.132874603174603,1,1,1
"Dipeptidyl peptidase IX",1,1,1,1,1,1,1,1,1,1,1
"Vanilloid receptor",1,1,1,1,1,0.531498412698413,1,1,1,1,1
"Caspase-1",0.39862380952381,0.112943412698413,1,1,0.112943412698413,0.112943412698413,0.112943412698413,1,0.132874603174603,0.112943412698413,1
"Nitric-oxide synthase, endothelial",1,0.786174735449735,0.786174735449735,0.786174735449735,1,1,0.826313938492064,0.786174735449735,0.786174735449735,0.786174735449735,0.826313938492064
"Dual specificity phosphatase Cdc25B",0.498279761904762,1,1,1,1,1,1,0.70866455026455,0.498279761904762,1,1
"P2X purinoceptor 7",1,1,1,1,1,1,1,1,1,1,1
"Serine/threonine-protein kinase AKT3",1,1,1,1,1,1,1,1,1,1,1
"Beta-secretase 1",0.0332186507936508,1,1,0.282358531746032,1,1,1,1,1,1,1
"Acetyl-CoA carboxylase 2",0.996559523809524,1,1,1,1,1,1,1,1,1,1
"L-lactate dehydrogenase A chain",1,1,1,1,1,1,1,1,1,1,1
"C-X3-C chemokine receptor 1",0.597935714285714,0.597935714285714,0.620081481481481,0.597935714285714,0.620081481481481,0.84470283446712,1,0.959649911816579,0.620081481481481,1,0.959649911816579
"Eukaryotic translation initation factor",0.710879126984127,0.332186507936508,0.710879126984127,0.710879126984127,1,0.982322959183673,1,1,0.710879126984127,0.982322959183673,1
"Apoptosis regulator Bcl-2",0.991814002267574,0.991814002267574,0.991814002267574,0.991814002267574,1,1,1,1,0.991814002267574,0.991814002267574,0.991814002267574
"Cytochrome P450 1B1",0.227785034013605,0.227785034013605,0.922740299823633,0.227785034013605,0.227785034013605,0.227785034013605,1,1,0.227785034013605,0.227785034013605,0.92181755952381
"Tyrosine-protein kinase receptor UFO",1,0.56886939484127,0.564717063492063,0.0664373015873016,1,0.345473968253968,0.345473968253968,0.345473968253968,0.345473968253968,1,0.56886939484127
"Neurotrophic tyrosine kinase receptor type 2",1,0.21592123015873,1,0.21592123015873,1,1,1,1,1,1,1
"Mitogen-activated protein kinase kinase kinase 8",0.968086394557823,0.968086394557823,1,1,0.968086394557823,1,0.968086394557823,0.968086394557823,0.968086394557823,0.968086394557823,1
"Low molecular weight phosphotyrosine protein phosphatase",0.456756448412698,0.578953628117914,1,1,0.578953628117914,1,0.456756448412698,0.166093253968254,0.448451785714286,0.498279761904762,1
"Casein kinase I epsilon",1,1,1,1,1,1,1,1,1,1,1
"L-lactate dehydrogenase B chain",1,0.775101851851852,1,0.764028968253968,1,1,1,0.764028968253968,1,1,1
"S-methyl-5-thioadenosine phosphorylase",0.451773650793651,0.451773650793651,0.525961970899471,0.688100623582766,0.451773650793651,0.451773650793651,1,0.451773650793651,1,0.793095287698413,1
"Proto-oncogene c-JUN",0.132874603174603,0.465061111111111,0.575789947089947,0.149483928571429,0.575789947089947,1,1,1,0.465061111111111,0.882667006802721,1
"Sodium/glucose cotransporter 1",0.481670436507937,0.730810317460317,1,1,0.991814002267574,0.991814002267574,1,0.481670436507937,0.855380257936508,0.991814002267574,1
"Transketolase",1,1,1,0.631154365079365,0.631154365079365,1,1,0.841539153439153,1,1,1
"Serine/threonine-protein kinase RIPK2",0.465061111111111,1,1,0.83711,0.597935714285714,1,1,0.631154365079365,0.83711,1,1
"p53-binding protein Mdm-2",0.21592123015873,1,1,0.21592123015873,1,0.620081481481481,1,1,1,1,1
"Serine-protein kinase ATR",0.848921075837743,0.848921075837743,0.848921075837743,0.61454503968254,0.498279761904762,1,0.848921075837743,0.848921075837743,1,0.848921075837743,0.848921075837743
"ADAM10",1,0.764028968253968,1,0.764028968253968,1,1,1,1,1,1,1
"Endoplasmic reticulum aminopeptidase 2",1,1,1,1,1,1,1,1,1,1,1
"G protein-coupled receptor 44",0.0996559523809524,0.232530555555556,0.924082467532468,0.182702579365079,0.924082467532468,0.924082467532468,0.924082467532468,0.924082467532468,0.924082467532468,0.924082467532468,0.924082467532468
"Endothelial lipase",0.564717063492064,0.293431415343915,0.293431415343915,0.293431415343915,0.293431415343915,0.42709693877551,0.293431415343915,0.671016746031746,0.293431415343915,0.671016746031746,0.815366883116883
"Histone deacetylase 10",1,0.569462585034014,0.39862380952381,0.637798095238095,0.509352645502645,0.39862380952381,0.637798095238095,0.39862380952381,0.39862380952381,0.498279761904762,0.606240376984127
"GABA receptor alpha-5 subunit",0.382014484126984,1,1,1,1,0.332186507936508,1,0.664373015873016,1,1,1
"Orexin receptor 1",0.564717063492064,1,1,0.365405158730159,1,1,1,1,1,1,1
"Discoidin domain-containing receptor 2",0.107960615079365,0.112943412698413,0.449961724386724,0.27682208994709,0.107960615079365,0.107960615079365,0.406928472222222,0.420769576719577,0.107960615079365,0.406928472222222,0.449961724386724
"Metabotropic glutamate receptor 2",1,0.232530555555556,0.930122222222222,0.43184246031746,0.43184246031746,0.43184246031746,1,1,0.43184246031746,1,1
"Cytochrome P450 26A1",1,1,0.747419642857143,0.747419642857143,1,0.747419642857143,1,0.747419642857143,1,0.747419642857143,0.747419642857143
"Serine/threonine-protein kinase B-raf",1,1,1,1,1,1,1,1,1,1,1
"Ephrin type-B receptor 4",1,0.933813183421517,1,0.933813183421517,0.933813183421517,0.933813183421517,0.933813183421517,0.933813183421517,0.933813183421517,0.933813183421517,0.933813183421517
"Neuropilin-1",1,0.930122222222222,1,1,1,1,1,1,1,1,1
"dUTP pyrophosphatase",1,0.0664373015873016,1,0.573021726190476,0.573021726190476,0.968877314814815,1,1,0.573021726190476,0.968877314814815,1
"Serine/threonine-protein kinase ILK-1",0.143947486772487,0.42235141723356,0.42235141723356,0.0996559523809524,0.0996559523809524,0.808320502645503,1,0.182702579365079,0.245818015873016,1,0.755724305555556
"Tyrosine-protein kinase BTK",1,0.896903571428571,1,1,1,1,1,0.896903571428571,1,1,1
"Serine/threonine-protein kinase TNNI3K",1,1,1,1,0.847075595238095,1,1,0.465061111111111,1,1,1
"Cytochrome P450 2A6",1,1,1,1,1,1,1,1,1,1,1
"Mitogen-activated protein kinase kinase kinase 5",0.946731547619048,0.957804431216931,1,0.957804431216931,1,1,0.957804431216931,1,0.946731547619048,0.957804431216931,1
"Tyrosine-protein kinase receptor TYRO3",1,1,1,1,1,1,1,1,1,1,1
"Epithelial discoidin domain-containing receptor 1",0.82382253968254,1,0.254676322751323,1,0.254676322751323,0.39862380952381,1,0.254676322751323,1,1,1
"Proto-oncogene tyrosine-protein kinase MER",0.6754458994709,0.84375373015873,0.479297675736961,0.573021726190476,0.479297675736961,0.182702579365079,0.479297675736961,0.0332186507936508,0.479297675736961,0.479297675736961,0.896903571428571
"Baculoviral IAP repeat-containing protein 3",1,1,1,1,1,1,1,1,1,1,1
"Poly [ADP-ribose] polymerase 2",1,0.900225436507937,0.282358531746032,0.900225436507937,0.149483928571429,0.282358531746032,0.282358531746032,0.555226020408163,0.0664373015873016,0.900225436507937,0.282358531746032
"P-selectin",1,1,1,1,1,1,1,1,1,1,1
"ATP-binding cassette sub-family G member 2",1,1,1,1,1,1,1,1,1,1,1
"Pituitary adenylate cyclase-activating polypeptide type I receptor",0,0.819393386243386,0.0913512896825397,0.159449523809524,0.393087367724868,0.0664373015873016,0.819393386243386,0.0885830687830688,0.819393386243386,0.896903571428571,0.896903571428571
"Serine/threonine-protein kinase PIM3",0.664373015873016,0.959649911816579,0.959649911816579,0.664373015873016,1,0.946731547619048,0.946731547619048,0.959649911816579,0.959649911816579,1,0.959649911816579
"G-protein coupled bile acid receptor 1",0.963340873015873,0.963340873015873,1,0.963340873015873,1,1,1,1,1,1,1
"Metastin receptor",0.382014484126984,0.382014484126984,0.784790625,0.915358377425044,0.664373015873016,1,0.664373015873016,0.759283446712018,0.509352645502645,0.697591666666667,1
"Cell division cycle 7-related protein kinase",0.564717063492064,0.811484183673469,0.70866455026455,0.564717063492064,0.564717063492064,0.564717063492064,1,0.564717063492064,1,1,1
"Sodium channel protein type X alpha subunit",1,1,1,1,1,1,1,1,1,1,1
"Baculoviral IAP repeat-containing protein 2",1,1,1,0.0664373015873016,1,1,1,0.448451785714286,1,1,1
"Receptor-interacting serine/threonine-protein kinase 1",0.315577182539683,0.315577182539683,0.892751240079365,1,1,0.904285493827161,0.892751240079365,0.892751240079365,0.892751240079365,0.892751240079365,0.892751240079365
"Protein tyrosine kinase 2 beta",0.332186507936508,1,1,1,0.332186507936508,0.730810317460317,1,0.332186507936508,1,1,1
"Perforin-1",0.365405158730159,0.78986569664903,0.511567222222222,0.514889087301587,1,0.382014484126984,1,0.78986569664903,0.78986569664903,0.511567222222222,0.511567222222222
"D-amino-acid oxidase",0.905208234126984,0.642227248677249,0.504923492063492,0.504923492063492,1,0.504923492063492,1,0.504923492063492,0.504923492063492,1,0.778265532879819
"Serine/threonine-protein kinase WEE1",0.110728835978836,0.110728835978836,0.881804184704185,0.881804184704185,0.548107738095238,0.881804184704185,0.881804184704185,0.110728835978836,0.881804184704185,0.881804184704185,0.881804184704185
"Histone acetyltransferase PCAF",1,1,1,1,1,1,1,1,1,1,1
"Secreted frizzled-related protein 1",0.664373015873016,0.631154365079365,0.631154365079365,1,1,1,1,1,1,1,1
"Transient receptor potential cation channel subfamily V member 3",0.232530555555556,0.996559523809524,0.996559523809524,0.996559523809524,0.481670436507937,1,1,0.996559523809524,0.996559523809524,1,0.996559523809524
"Protein-arginine N-methyltransferase 1",1,1,1,1,1,1,1,0.332186507936508,1,1,1
"Nuclear factor NF-kappa-B p65 subunit",1,1,0.697591666666667,0.249139880952381,1,0.249139880952381,1,1,1,1,1
"Dual specificity tyrosine-phosphorylation-regulated kinase 1B",1,0.863684920634921,1,1,0.282358531746032,1,1,0.232530555555556,0.863684920634921,1,0.863684920634921
"Acyl-CoA desaturase",1,1,1,1,1,1,1,1,1,1,1
"Proto-oncogene tyrosine-protein kinase ROS",0.409696693121693,0.409696693121693,1,0.409696693121693,1,1,0.885830687830688,1,0.764028968253968,0.764028968253968,1
"Lysyl-tRNA synthetase",1,1,1,1,1,1,1,1,1,1,1
"DNA-(apurinic or apyrimidinic site) lyase",0.697591666666667,1,1,1,1,1,1,1,1,1,1
"Glucose-dependent insulinotropic receptor",1,1,1,1,1,1,1,1,1,1,1
"Prostaglandin E synthase",0.265749206349206,0.0664373015873016,1,0.893212610229277,1,0.354332275132275,0.354332275132275,0.43184246031746,0.298967857142857,0.265749206349206,0.543955406746032
"G protein-coupled receptor kinase 5",1,1,0.664373015873016,1,0.597935714285714,1,1,0.597935714285714,1,1,1
"Egl nine homolog 1",0.265749206349206,1,0.232530555555556,0.083046626984127,0.083046626984127,1,1,1,0.876972380952381,1,1
"Elongation of very long chain fatty acids protein 6",0.509352645502645,0.544785873015873,0.531498412698413,0.512516326530612,0.512516326530612,0.509352645502645,0.730810317460317,0.512516326530612,0.531498412698413,0.509352645502645,0.512516326530612
"Glucagon",0.818009275793651,0.837848192239859,0.818009275793651,1,0.818009275793651,0.818009275793651,0.818009275793651,0.132874603174603,0.818009275793651,1,0.818009275793651
"CREB-binding protein",0.0332186507936508,1,1,0.265749206349206,1,1,0.85039746031746,0.85039746031746,1,1,0.85039746031746
"Mitogen-activated protein kinase kinase kinase 7",0.863684920634921,1,0.481670436507937,1,0.182702579365079,0.481670436507937,1,0.0332186507936508,0.597935714285714,0.654881972789116,0.597935714285714
"Interferon-induced, double-stranded RNA-activated protein kinase",0.249139880952381,0.647763690476191,0.298967857142857,0.249139880952381,0.345473968253968,0.811484183673469,1,0.298967857142857,1,1,1
"Aldo-keto reductase family 1 member C2",1,1,1,1,1,1,1,1,1,1,1
"Trace amine-associated receptor 1",0.0996559523809524,0.655313383838384,0.402776140873016,0,0.655313383838384,0.402776140873016,0.538880335097002,0.402776140873016,0.254676322751323,0.402776140873016,0.402776140873016
"Nuclear receptor ROR-alpha",1,1,1,0.963340873015873,0.332186507936508,1,0.963340873015873,1,1,1,0.963340873015873
"Heat shock factor protein 1",0.85039746031746,0.664373015873016,0.85039746031746,1,0.85039746031746,1,1,1,1,0.85039746031746,1
"Hematopoietic prostaglandin D synthase",0.43184246031746,1,0.575789947089947,1,1,0.43184246031746,1,0.664373015873016,1,1,1
"Aldo-keto reductase family 1 member C1",1,0.265749206349206,1,0.43184246031746,0.265749206349206,0.409696693121693,0.664373015873016,0.43184246031746,0.851227926587302,0.43184246031746,1
"Bifunctional protein NCOAT",0.298967857142857,0.406928472222222,0.406928472222222,1,0.406928472222222,0.602681235827664,0.602681235827664,1,1,0.458417380952381,1
"LIM domain kinase 2",1,0.697591666666667,1,0.697591666666667,1,0.697591666666667,1,0.697591666666667,1,1,1
"Serine/threonine-protein kinase PLK2",1,0.787756575963719,1,1,0.809704613095238,0.787756575963719,0.787756575963719,0.787756575963719,0.787756575963719,0.787756575963719,0.787756575963719
"Neuropeptide FF receptor 1",0.0664373015873016,0.564717063492064,1,0.996559523809524,1,1,1,1,1,1,1
"Neuropeptide FF receptor 2",1,1,1,1,1,1,1,1,1,1,1
"IgG receptor FcRn large subunit p51",1,0.287894973544974,1,0.896903571428571,0.0332186507936508,1,1,0,1,1,1
"Smoothened homolog",0,0.892158049886621,0.98548664021164,0,0.880294246031746,0.90936056547619,0.892158049886621,1,0.6754458994709,1,0.892158049886621
"Aldo-keto reductase family 1 member B10",1,0.0332186507936508,1,0.232530555555556,0.0664373015873016,0.284731292517007,0.284731292517007,1,0.0332186507936508,0.232530555555556,1
"Serine/threonine-protein kinase 33",0.824929828042328,0.824929828042328,0.824929828042328,1,1,0.824929828042328,1,0.824929828042328,1,0.824929828042328,1
"Transient receptor potential cation channel subfamily A member 1",1,1,1,1,0.963340873015873,1,1,0.963340873015873,1,1,1
"Diacylglycerol O-acyltransferase 1",1,0.664373015873016,1,0.664373015873016,1,1,1,1,1,1,1
"Histone-lysine N-methyltransferase, H3 lysine-9 specific 3",1,1,1,0.946731547619048,1,0.946731547619048,1,1,1,1,1
"Lysine-specific histone demethylase 1",0.764028968253968,0.950053412698413,0.950053412698413,0.0996559523809524,0.892158049886621,0.892158049886621,0.892158049886621,0.950053412698413,0.182702579365079,0.892158049886621,0.969380627705628
"Alpha-synuclein",0.43184246031746,1,1,0.697591666666667,1,1,1,1,1,1,1
"Tankyrase-2",1,1,1,1,1,1,1,1,1,1,1
"Tankyrase-1",0.575789947089947,0.575789947089947,1,1,1,1,0.956697142857143,0.575789947089947,1,0.956697142857143,1
"Mitogen-activated protein kinase kinase kinase kinase 4",1,1,1,1,1,1,1,1,0.797247619047619,1,1
"Lysine-specific demethylase 4C",1,0.249139880952381,0.55364417989418,0.544785873015873,1,0.654881972789116,0.90936056547619,0.132874603174603,0.506584424603175,0.506584424603175,1
