"","EGFR","Hypoxia","JAK.STAT","MAPK","NFkB","PI3K","TGFb","TNFa","Trail","VEGF","p53"
"Arginase-1",0.307,0.027,0.254,0.411,0.483,0.062,0.51,0.44,0.046,0.447,0.076
"Leucine-rich repeat serine/threonine-protein kinase 2",0.053,0.385,0.206,0.124,0.418,0.083,0.468,0.33,0.128,0.343,0.461
"Tyrosyl-DNA phosphodiesterase 1",0.03,0.058,0.397,0.407,0.129,0.331,0.337,0.022,0.237,0.339,0.164
"Transitional endoplasmic reticulum ATPase",0.005,0.332,0.203,0.125,0.146,0.395,0.402,0.435,0.1,0.411,0.396
"Glucokinase regulatory protein",0.437,0.459,0.217,0.185,0.28,0.185,0.349,0.025,0.218,0.073,0.271
"Pyruvate kinase isozymes M1/M2",0.032,0.311,0.245,0.188,0.052,0.077,0.285,0.093,0.355,0.151,0.454
"Transient receptor potential cation channel subfamily M member 8",0.264,0.011,0.021,0.002,0.005,0.101,0.036,0.226,0.013,0.302,0.203
"G-protein coupled receptor 55",0.233,0.055,0.3,0.331,0.005,0.324,0.175,0.004,0.014,0.478,0.154
"Endoplasmin",0.329,0.283,0.047,0.132,0.007,0.03,0.354,0.008,0.286,0.337,0.123
"Serine/threonine-protein kinase/endoribonuclease IRE1",0.162,0.118,0.345,0.188,0.109,0.048,0.027,0.281,0.002,0.033,0.295
"NADPH oxidase 4",0.509,0.17,0.101,0.227,0.174,0.02,0.295,0.331,0.047,0.112,0.498
"Ketohexokinase",0.045,0.165,0.065,0.017,0.323,0.159,0.398,0.239,0.08,0.207,0.504
"Lethal(3)malignant brain tumor-like protein 1",0.229,0.044,0.301,0.142,0.337,0.195,0.428,0.085,0.189,0.081,0.381
"Microtubule-associated protein tau",0.044,0.315,0.158,0.021,0.443,0.249,0.317,0.475,0.388,0.473,0.497
"15-hydroxyprostaglandin dehydrogenase [NAD+]",0.183,0.195,0.107,0.058,0.014,0.359,0.041,0.431,0.005,0.191,0.432
"G-protein coupled receptor 35",0.432,0.051,0.175,0.121,0.223,0.36,0.257,0.518,0.12,0.255,0.526
"ATP-sensitive inward rectifier potassium channel 1",0.013,0.131,0.436,0.136,0.143,0.184,0.305,0.01,0.016,0.26,0.442
"Neuropeptides B/W receptor type 1",0.122,0.176,0.462,0.003,0.21,0.041,0.426,0.516,0.269,0.438,0.283
"Nuclear receptor ROR-gamma",0.151,0.032,0.162,0.277,0.267,0.14,0.402,0.408,0.036,0.355,0.391
"DNA topoisomerase I",0.062,0.284,0.533,0.164,0.229,0.446,0.36,0.146,0.423,0.134,0.306
"Farnesyl diphosphate synthase",0.21,0.199,0.203,0.228,0.005,0.044,0.044,0.181,0.006,0.181,0.397
"Glucagon-like peptide 1 receptor",0.256,0.223,0.242,0.135,0.067,0.45,0.29,0.364,0.152,0.432,0.266
"Endothelin receptor ET-B",0.289,0.487,0.498,0.137,0.311,0.04,0.328,0.158,0.184,0.14,0.291
"Steroid 5-alpha-reductase 1",0.138,0.335,0.3,0.063,0.014,0.409,0.405,0.003,0.226,0.34,0.538
"Vasopressin V2 receptor",0.363,0.143,0.099,0.318,0.295,0.05,0.389,0.439,0.373,0.181,0.317
"Somatostatin receptor 5",0.091,0.193,0.245,0.157,0.073,0.353,0.157,0.567,0.179,0.137,0.451
"Histone-lysine N-methyltransferase, H3 lysine-79 specific",0.363,0.258,0.347,0.261,0.039,0.01,0.48,0.261,0.091,0.159,0.378
"Bromodomain-containing protein 3",0.042,0.288,0.121,0.134,0.001,0.122,0.263,0.001,0.469,0.311,0.376
"Cysteinyl leukotriene receptor 1",0.183,0.514,0.006,0.113,0.458,0.08,0.344,0.4,0.367,0.09,0.153
"Plasminogen",0.377,0.424,0.359,0.162,0.215,0.256,0.334,0.442,0.393,0.139,0.238
"Leukocyte adhesion glycoprotein LFA-1 alpha",0.344,0.086,0.094,0.371,0.207,0.047,0.112,0.06,0.064,0.028,0.171
"Somatostatin receptor 2",0.016,0.09,0.42,0.122,0.272,0.078,0.259,0.105,0.093,0.438,0.43
"Muscarinic acetylcholine receptor M4",0.18,0.004,0.327,0.277,0.276,0.229,0.289,0.241,0.071,0.079,0.28
"Inosine-5'-monophosphate dehydrogenase 1",0.001,0.261,0.123,0.012,0.329,0.277,0.415,0.458,0.184,0.475,0.383
"Receptor protein-tyrosine kinase erbB-2",0.455,0.482,0.317,0.477,0.525,0.345,0.233,0.362,0.065,0.085,0.406
"TNF-alpha",0.048,0.468,0.503,0.13,0.025,0.261,0.193,0.054,0.374,0.352,0.345
"Phosphodiesterase 5A",0.005,0.45,0.114,0.001,0,0.052,0.512,0.007,0.159,0.325,0.248
"Serotonin 2b (5-HT2b) receptor",0.345,0.098,0.261,0.308,0.139,0.573,0.25,0.367,0.333,0.16,0.423
"Thromboxane-A synthase",0.021,0.066,0.493,0.087,0.034,0.031,0.408,0.139,0.363,0.265,0.36
"Prostanoid EP4 receptor",0.235,0.056,0.184,0.237,0.33,0.426,0.406,0.496,0.199,0.123,0.305
"Dopamine D5 receptor",0.012,0.054,0.302,0.331,0.513,0.097,0.296,0.183,0.179,0.303,0.466
"Somatostatin receptor 4",0,0.025,0.384,0,0.058,0.195,0.37,0.33,0.157,0.324,0.527
"Gonadotropin-releasing hormone receptor",0.458,0.13,0.013,0,0.007,0.013,0.041,0.378,0.067,0.286,0.035
"4-hydroxyphenylpyruvate dioxygenase",0,0.015,0.14,0.014,0.523,0.388,0.434,0.428,0.26,0.401,0.33
"Tyrosine-protein kinase ABL",0.495,0.041,0.272,0.229,0.266,0.306,0.279,0.51,0.192,0.262,0.512
"Vascular endothelial growth factor receptor 1",0.186,0.183,0.091,0.073,0.471,0.109,0.106,0.526,0.165,0.024,0.548
"Tissue-type plasminogen activator",0.393,0.413,0.484,0.145,0.013,0.317,0.191,0.158,0.338,0.344,0.41
"Calcium sensing receptor",0.001,0.011,0.138,0.009,0.214,0.228,0.128,0.109,0.009,0.01,0.202
"Neuronal acetylcholine receptor protein alpha-4 subunit",0.42,0.007,0.035,0.236,0.038,0.004,0.125,0.294,0.038,0.008,0.107
"Potassium channel, inwardly rectifying, subfamily J, member 11",0,0.021,0.248,0.001,0.005,0.249,0.23,0.006,0.095,0.139,0.067
"Vasopressin V1a receptor",0.078,0.024,0.219,0.009,0.015,0.007,0.381,0.384,0.034,0.056,0.474
"Glutamate carboxypeptidase II",0.228,0.124,0.098,0.049,0.252,0.17,0.427,0.505,0.068,0.296,0.1
"Serotonin 1b (5-HT1b) receptor",0.206,0.34,0.249,0.014,0.291,0.458,0.322,0.248,0.366,0.38,0.253
"Serotonin 3a (5-HT3a) receptor",0.01,0.341,0.251,0.149,0.004,0.005,0.219,0.021,0.296,0.163,0.294
"Aldose reductase",0.163,0.454,0.401,0.1,0.143,0.328,0.212,0.277,0.079,0.378,0.4
"Glutamate [NMDA] receptor subunit epsilon 2",0.033,0.022,0.1,0.09,0.493,0.272,0.305,0.136,0.372,0.256,0.41
"Serine/threonine-protein kinase RAF",0.122,0.059,0.109,0.312,0.024,0.07,0.119,0.026,0.316,0.294,0.216
"Aminopeptidase N",0.173,0.426,0.069,0.165,0.093,0.136,0.45,0.069,0.101,0.076,0.122
"Cytochrome P450 11B1",0.057,0.079,0.454,0.166,0.34,0.282,0.292,0.058,0.496,0.051,0.422
"Butyrylcholinesterase",0.285,0.438,0.366,0.265,0.308,0.381,0.397,0.256,0.207,0.173,0.364
"Alpha-2c adrenergic receptor",0.078,0.015,0.195,0.392,0.054,0.107,0.08,0.209,0.091,0.037,0.239
"Melatonin receptor 1A",0.305,0.254,0.062,0.059,0.323,0.031,0.364,0.194,0.414,0.316,0.211
"Melatonin receptor 1B",0.052,0.082,0.247,0.37,0.452,0.333,0.283,0.162,0.042,0.145,0.519
"Thyroid hormone receptor beta-1",0.394,0.088,0.151,0.376,0.053,0.041,0.133,0.071,0.44,0.089,0.173
"Cyclophilin A",0.368,0.317,0.219,0.133,0.469,0.285,0.341,0.143,0.046,0.483,0.422
"Thymidylate synthase",0.003,0.281,0.459,0.068,0.041,0.081,0.398,0.136,0.117,0.308,0.239
"Vascular endothelial growth factor receptor 3",0.06,0.027,0.106,0.508,0.079,0.098,0.359,0.065,0.208,0.084,0.225
"Insulin-like growth factor I receptor",0.101,0.275,0.352,0.482,0.257,0.084,0.243,0.082,0.18,0.131,0.358
"Epoxide hydrolase 1",0.435,0.308,0.197,0.206,0.116,0.256,0.294,0.021,0.072,0.414,0.431
"Tyrosine-protein kinase receptor FLT3",0.007,0.018,0.305,0.005,0.064,0.007,0.187,0.127,0.019,0.14,0.45
"Vitamin D receptor",0.356,0.301,0.193,0.324,0.165,0.503,0.379,0.512,0.375,0.265,0.375
"Cytochrome P450 19A1",0.484,0.301,0.117,0.392,0.391,0.399,0.308,0.402,0.442,0.379,0.162
"Insulin receptor",0.143,0.22,0.054,0.268,0.336,0.482,0.354,0.438,0.211,0.397,0.417
"Serotonin 1d (5-HT1d) receptor",0.298,0.317,0.159,0.024,0.135,0.395,0.153,0.095,0.133,0.138,0.311
"Inhibitor of nuclear factor kappa B kinase beta subunit",0.508,0.188,0.48,0.102,0.237,0.093,0.421,0.454,0.297,0.263,0.28
"Prostanoid IP receptor",0.255,0.476,0.284,0.233,0.263,0.244,0.173,0.395,0.322,0.419,0.099
"Equilibrative nucleoside transporter 1",0.036,0.028,0.351,0.524,0.454,0.443,0.072,0.072,0.086,0.338,0.434
"Purinergic receptor P2Y12",0.071,0.078,0.058,0.032,0.49,0.062,0.173,0.072,0.137,0.267,0.126
"Retinoic acid receptor gamma",0.183,0.157,0.143,0.21,0.149,0.29,0.227,0.135,0.361,0.155,0.161
"Platelet-derived growth factor receptor alpha",0.02,0.38,0.451,0.212,0.28,0.068,0.328,0.241,0.479,0.288,0.197
"Retinoic acid receptor beta",0.439,0.278,0.26,0.333,0.328,0.095,0.296,0.331,0.235,0.468,0.306
"Nociceptin receptor",0.301,0.086,0.026,0.001,0.025,0.172,0.009,0.258,0.007,0.032,0.263
"Dihydrofolate reductase",0.02,0.097,0.304,0.044,0.106,0.084,0.343,0.046,0.112,0.422,0.234
"Epidermal growth factor receptor erbB1",0.052,0.194,0.083,0.007,0.197,0.089,0.031,0.291,0.001,0.172,0.368
"Muscarinic acetylcholine receptor M5",0.241,0.559,0.417,0.08,0.047,0.307,0.193,0.412,0.023,0.287,0.485
"Peptidyl-prolyl cis-trans isomerase FKBP5",0.003,0.083,0.259,0.006,0.043,0.122,0.116,0.166,0.182,0.16,0.114
"Retinoic acid receptor alpha",0.001,0.492,0.439,0.002,0.43,0.358,0.082,0.037,0.051,0.131,0.299
"Estrogen receptor alpha",0.033,0.111,0.448,0.286,0.208,0.058,0.499,0.044,0.275,0.011,0.051
"Beta-2 adrenergic receptor",0,0.331,0.458,0,0.012,0.425,0.309,0.218,0.16,0.236,0.105
"Cyclin T1",0.03,0.174,0.458,0.007,0.057,0.313,0.049,0.366,0.005,0.284,0.05
"Muscarinic acetylcholine receptor M2",0.318,0.376,0.271,0.435,0.033,0.249,0.387,0.037,0.46,0.151,0.104
"Beta-1 adrenergic receptor",0.462,0.11,0.329,0.063,0.244,0.449,0.214,0.436,0.48,0.318,0.217
"Dopamine D2 receptor",0.004,0.038,0.385,0.313,0.083,0.072,0.155,0.079,0.41,0.319,0.238
"Beta-glucocerebrosidase",0.118,0.043,0.321,0.241,0.482,0.441,0.272,0.215,0.303,0.378,0.274
"Motilin receptor",0.09,0.112,0.408,0.062,0.069,0.041,0.385,0.089,0.24,0.05,0.173
"MAP kinase-activated protein kinase 2",0.084,0.152,0.473,0.041,0.083,0.311,0.419,0.22,0.055,0.31,0.396
"Cyclooxygenase-1",0.148,0.063,0.43,0.122,0.015,0.042,0.41,0.181,0.469,0.204,0.267
"Norepinephrine transporter",0.062,0.199,0.074,0.273,0.075,0.004,0.34,0.126,0.231,0.385,0.426
"Anandamide amidohydrolase",0.139,0.045,0.483,0.329,0.311,0.422,0.324,0.036,0.041,0.096,0.492
"Serotonin 2c (5-HT2c) receptor",0.158,0.088,0.425,0.192,0.403,0.195,0.436,0.067,0.4,0.372,0.427
"Dipeptidyl peptidase I",0.504,0.007,0.455,0.401,0.245,0.137,0.16,0.364,0.248,0.02,0.325
"Serotonin transporter",0.001,0.003,0.466,0.277,0.039,0.412,0.247,0.004,0.063,0.281,0.189
"Peroxisome proliferator-activated receptor alpha",0.474,0.332,0.087,0.231,0.213,0.362,0.106,0,0.074,0.411,0.253
"HERG",0.091,0.014,0.161,0.349,0.395,0.382,0.105,0.01,0.02,0.339,0.318
"Epoxide hydratase",0.187,0.442,0.071,0.118,0.047,0.362,0.304,0.298,0.282,0.22,0.319
"Phosphodiesterase 3A",0.099,0.126,0.284,0.403,0.139,0.331,0.217,0.116,0.472,0.054,0.123
"C-C chemokine receptor type 1",0.49,0.102,0.287,0.165,0.038,0.023,0.305,0.008,0.431,0.222,0.443
"C-C chemokine receptor type 4",0.177,0.029,0.129,0.368,0.198,0.095,0.435,0.471,0.216,0.14,0.3
"Estrogen receptor beta",0.264,0.463,0.449,0.056,0.016,0.033,0.24,0.073,0.366,0.123,0.419
"Glyoxalase I",0.005,0.275,0.365,0.046,0.42,0.166,0.473,0.435,0.343,0.295,0.433
"Myosin light chain kinase, smooth muscle",0.044,0.128,0.35,0.026,0.013,0.268,0.214,0.002,0.055,0.076,0.056
"Serine/threonine-protein kinase AKT2",0.023,0.297,0.228,0.033,0.116,0.338,0.206,0.471,0.347,0.067,0.097
"Interleukin-8 receptor B",0.203,0.457,0.32,0.359,0.013,0.087,0.328,0.079,0.164,0.448,0.182
"Myeloperoxidase",0.024,0.221,0.261,0.026,0.334,0.341,0.478,0.392,0.466,0.519,0.417
"Coagulation factor X",0.198,0.466,0.2,0.332,0.22,0.038,0.332,0.407,0.02,0.378,0.385
"Deoxycytidine kinase",0.1,0.264,0.14,0.158,0.136,0.296,0.278,0.416,0.153,0.221,0.43
"Muscarinic acetylcholine receptor M3",0,0.117,0.313,0.005,0.151,0.057,0.351,0.271,0.129,0.347,0.116
"Beta-3 adrenergic receptor",0.184,0.085,0.313,0.3,0.253,0.012,0.402,0.371,0.1,0.328,0.068
"Death-associated protein kinase 3",0.468,0.201,0.048,0.349,0.367,0.474,0.113,0.156,0.028,0.269,0.407
"Methionine aminopeptidase 1",0.025,0.302,0.287,0.002,0.066,0.024,0.074,0.438,0.02,0.092,0.407
"Leukocyte elastase",0.131,0.012,0.238,0.348,0.108,0.011,0.421,0.526,0.357,0.336,0.257
"Beta amyloid A4 protein",0.334,0.308,0.041,0.018,0.469,0.005,0.093,0.017,0.024,0.293,0.043
"Neurokinin 1 receptor",0.015,0.214,0.348,0.025,0.087,0.091,0.364,0,0.157,0.422,0.019
"Neuronal acetylcholine receptor protein alpha-7 subunit",0.189,0.308,0.22,0.074,0.118,0.432,0.442,0.066,0.511,0.48,0.408
"Adenosine A2a receptor",0.127,0.061,0.371,0.011,0.029,0.065,0.446,0.099,0.064,0.396,0.387
"Endothelin receptor ET-A",0.177,0.025,0.267,0.057,0.03,0.045,0.088,0.409,0.009,0.054,0.347
"Beta secretase 2",0.25,0.191,0.053,0.063,0.192,0.275,0.298,0.349,0.522,0.205,0.055
"Serine/threonine-protein kinase Chk2",0.051,0.443,0.424,0.104,0.522,0.315,0.31,0.325,0.36,0.397,0.52
"Cannabinoid CB2 receptor",0.044,0.327,0.011,0.365,0.005,0.353,0.248,0.005,0.449,0.369,0.022
"3-phosphoinositide dependent protein kinase-1",0.284,0.094,0.263,0.035,0.397,0.047,0.27,0.483,0.253,0.436,0.306
"Phospholipase D1",0.05,0.001,0.35,0.318,0.182,0.024,0.295,0.449,0.309,0.122,0.493
"Phosphodiesterase 4A",0.02,0.167,0.152,0.002,0.414,0.067,0.138,0.054,0.007,0.198,0.463
"Adenosine A2b receptor",0.375,0.125,0.138,0.159,0.312,0.042,0.113,0.274,0.026,0.08,0.214
"Carboxypeptidase B",0.282,0.037,0.177,0.09,0.147,0.419,0.274,0.2,0.312,0.427,0.427
"Adenosine A3 receptor",0,0.22,0.278,0.02,0.009,0.054,0.16,0.048,0.368,0.398,0.17
"Histone deacetylase 5",0.26,0.08,0.359,0.209,0.416,0.211,0.331,0.068,0.098,0.398,0.28
"Liver glycogen phosphorylase",0.198,0.389,0.339,0.418,0.529,0.505,0.209,0.197,0.228,0.187,0.172
"Tyrosine-protein kinase LCK",0.366,0.466,0.095,0.528,0.432,0.278,0.089,0.273,0.134,0.251,0.396
"Cathepsin D",0.354,0.442,0.254,0.304,0.462,0.139,0.445,0.352,0.499,0.104,0.073
"Melanocortin receptor 4",0.02,0.088,0.322,0.355,0.099,0.167,0.08,0.335,0.255,0.02,0.322
"Peptide N-myristoyltransferase 1",0,0.005,0.432,0.103,0.281,0.185,0.042,0.058,0.062,0.044,0.434
"Tyrosine-protein kinase SYK",0.159,0.021,0.281,0.103,0.303,0.189,0.119,0.47,0.159,0.213,0.196
"MAP kinase p38 alpha",0.101,0.077,0.054,0.018,0.083,0.352,0.453,0.519,0.084,0.23,0.335
"Carbonic anhydrase I",0.11,0.184,0.366,0.02,0.005,0.17,0.243,0,0.267,0.344,0.391
"Furin",0.006,0.422,0.05,0.067,0.017,0.198,0.378,0.071,0.157,0.444,0.166
"Tryptase beta-1",0.159,0.356,0.227,0.1,0.004,0.071,0.269,0.01,0.066,0.341,0.158
"Glycogen synthase kinase-3 beta",0.383,0.12,0.471,0.095,0.286,0.191,0.454,0.429,0.456,0.384,0.402
"Dual specificity protein phosphatase 3",0.091,0.017,0.204,0.14,0.437,0.16,0.185,0.231,0.031,0.194,0.29
"c-Jun N-terminal kinase 3",0.188,0.12,0.454,0.089,0.083,0.288,0.096,0.095,0.212,0.119,0.374
"Histamine H3 receptor",0.332,0.046,0.157,0.014,0.473,0.349,0.288,0.191,0.102,0.05,0.21
"Phosphodiesterase 2A",0.004,0.095,0.093,0.001,0.421,0.055,0.451,0.039,0.467,0.095,0.044
"Adenosylhomocysteinase",0.387,0.387,0.016,0.282,0.131,0.153,0.485,0.413,0.326,0.205,0.251
"Tyrosine-protein kinase SRC",0,0.101,0.12,0.047,0.048,0.054,0.331,0.256,0.31,0.434,0.431
"Cathepsin K",0.402,0.503,0.449,0.147,0.046,0.221,0.501,0.009,0.431,0.092,0.292
"Macrophage-stimulating protein receptor",0.05,0.276,0.352,0.051,0.32,0.07,0.354,0.312,0.274,0.453,0.145
"Cystinyl aminopeptidase",0.011,0.044,0.27,0.174,0.41,0.198,0.463,0.087,0.115,0.078,0.184
"Focal adhesion kinase 1",0.04,0.332,0.258,0.46,0.085,0.076,0.323,0.031,0.196,0.074,0.365
"Mitogen-activated protein kinase kinase kinase 11",0.368,0.413,0.218,0.265,0.408,0.282,0.315,0.282,0.457,0.263,0.166
"Histone deacetylase 7",0.379,0.296,0.032,0.165,0.09,0.228,0.472,0.008,0.141,0.14,0.23
"Phosphodiesterase 11A",0.039,0.211,0.402,0.157,0.088,0.26,0.434,0.044,0.016,0.38,0.477
"Cytochrome P450 11B2",0.279,0.021,0.365,0.016,0.305,0.448,0.017,0.238,0.041,0.145,0.276
"Protein-glutamine gamma-glutamyltransferase",0.017,0.415,0.205,0.002,0.048,0.173,0.326,0.149,0.176,0.067,0.472
"Phospholipase D2",0.067,0.461,0.04,0.059,0.008,0.005,0.366,0.004,0.234,0.382,0.287
"Metabotropic glutamate receptor 4",0.501,0.091,0.377,0.33,0.174,0.136,0.047,0.275,0.123,0.077,0.421
"C-C chemokine receptor type 5",0.083,0.018,0.417,0.071,0.061,0.063,0.487,0.251,0.035,0.088,0.303
"Fibroblast growth factor receptor 3",0.52,0.442,0.273,0.109,0.189,0.211,0.378,0.298,0.422,0.556,0.22
"Phosphodiesterase 4B",0.031,0.011,0.426,0.317,0.08,0.485,0.375,0.227,0.254,0.148,0.362
"Ileal bile acid transporter",0.403,0.119,0.049,0.235,0.478,0.061,0.461,0.456,0.364,0.39,0.247
"Integrin alpha-4",0.406,0.008,0.453,0.103,0.348,0.359,0.159,0.347,0.255,0.407,0.249
"Sodium/hydrogen exchanger 1",0.004,0.154,0.391,0.33,0.009,0.118,0.302,0.003,0.062,0.026,0.074
"Acyl coenzyme A:cholesterol acyltransferase 1",0.218,0.167,0.466,0.267,0.015,0.167,0.471,0.006,0.33,0.367,0.439
"Estradiol 17-beta-dehydrogenase 2",0.475,0.124,0.263,0.175,0.195,0.22,0.247,0.341,0.008,0.051,0.437
"Vascular endothelial growth factor receptor 2",0.222,0.122,0.116,0.024,0.528,0.096,0.167,0.196,0.217,0.051,0.419
"Matrix metalloproteinase 13",0.003,0.126,0.413,0.042,0.006,0.106,0.226,0.037,0.418,0.475,0.423
"Tyrosine-protein kinase ZAP-70",0.398,0.378,0.328,0.278,0.176,0.478,0.282,0.085,0.475,0.233,0.191
"LXR-alpha",0.059,0.005,0.044,0.163,0.268,0.216,0.084,0.097,0.013,0.067,0.313
"Protein-glutamine gamma-glutamyltransferase K",0.001,0.403,0.188,0.002,0.003,0.049,0.513,0.001,0.117,0.26,0.283
"Nerve growth factor receptor Trk-A",0.442,0.333,0.07,0.511,0.073,0.04,0.461,0.041,0.286,0.401,0.28
"Coagulation factor XI",0.027,0.344,0.461,0.002,0.132,0.332,0.273,0.419,0.232,0.457,0.395
"Casein kinase I delta",0.012,0.397,0.217,0.015,0.071,0.411,0.17,0.434,0.178,0.153,0.425
"Matrix metalloproteinase 3",0.16,0.403,0.285,0.412,0.239,0.047,0.409,0.166,0.448,0.478,0.402
"Tyrosine-protein kinase JAK1",0.25,0.487,0.268,0.068,0.26,0.053,0.174,0.19,0.19,0.474,0.466
"Dipeptidyl peptidase IV",0.439,0.079,0.335,0.474,0.194,0.449,0.43,0.136,0.377,0.029,0.303
"Serine/threonine-protein kinase mTOR",0.154,0.473,0.141,0.167,0.328,0.067,0.325,0.255,0.321,0.301,0.259
"Glycogen synthase kinase-3 alpha",0.001,0.016,0.353,0.185,0.018,0.101,0.359,0.018,0.268,0.187,0.16
"Renin",0.001,0.094,0.349,0.012,0.053,0.08,0.331,0.027,0.164,0.224,0.248
"Sigma opioid receptor",0.081,0.184,0.173,0.033,0.247,0.322,0.362,0.164,0.199,0.529,0.374
"Mitogen-activated protein kinase kinase kinase 9",0.132,0.159,0.071,0.439,0.313,0.069,0.556,0.105,0.271,0.443,0.259
"Phosphodiesterase 4D",0.158,0.256,0.229,0.19,0.101,0.016,0.263,0.126,0.074,0.208,0.323
"Carbonic anhydrase III",0.076,0.035,0.343,0.321,0.057,0.237,0.355,0.311,0.065,0.019,0.167
"Hematopoietic cell protein-tyrosine phosphatase 70Z-PEP",0.101,0.298,0.356,0.225,0.264,0.115,0.19,0.409,0.006,0.232,0.269
"Phosphodiesterase 3B",0.523,0.1,0.416,0.435,0.186,0.311,0.056,0.349,0.2,0.441,0.14
"Arachidonate 15-lipoxygenase",0.013,0.083,0.063,0.443,0.378,0.035,0.053,0.039,0.019,0.006,0.254
"Phosphodiesterase 4C",0.064,0.451,0.534,0.135,0.016,0.483,0.502,0.044,0.372,0.372,0.119
"Telomerase reverse transcriptase",0.131,0.058,0.397,0.294,0.067,0.27,0.287,0.027,0.089,0.234,0.264
"Protein kinase C gamma",0.04,0.116,0.361,0.377,0.442,0.448,0.558,0.343,0.546,0.095,0.343
"Cathepsin S",0.196,0.382,0.314,0.304,0.22,0.215,0.41,0.427,0.021,0.443,0.243
"Sphingosine 1-phosphate receptor Edg-5",0.056,0.016,0.308,0.376,0.358,0.164,0.217,0.52,0.238,0.154,0.402
"Tyrosine-protein kinase ITK/TSK",0.292,0.112,0.263,0.268,0.213,0.149,0.407,0.109,0.303,0.031,0.36
"Dual specificity mitogen-activated protein kinase kinase 2",0.191,0.417,0.465,0.138,0.062,0.119,0.319,0.037,0.306,0.424,0.389
"Tyrosine-protein kinase JAK2",0.169,0.056,0.318,0.1,0.027,0.011,0.347,0.296,0.046,0.49,0.477
"Rho-associated protein kinase 2",0.001,0.001,0.29,0.175,0.379,0.321,0.102,0.315,0.081,0.025,0.306
"Cholecystokinin B receptor",0.039,0.42,0.02,0.061,0.416,0.007,0.256,0.133,0.063,0.227,0.023
"Protein kinase C alpha",0.075,0.476,0.425,0.322,0.128,0.352,0.324,0.048,0.487,0.458,0.418
"Protein kinase C delta",0.008,0.006,0.3,0.367,0.052,0.015,0.203,0.343,0.062,0.026,0.307
"P2X purinoceptor 3",0.237,0.051,0.442,0.22,0.155,0.262,0.44,0.421,0.133,0.356,0.067
"Multidrug resistance-associated protein 1",0.492,0.248,0.387,0.189,0.06,0.151,0.206,0.445,0.037,0.07,0.413
"Receptor protein-tyrosine kinase erbB-4",0.058,0.043,0.432,0.061,0.023,0.392,0.466,0.009,0.091,0.386,0.437
"Cyclin-dependent kinase 2",0.34,0.477,0.077,0.032,0.037,0.228,0.314,0.313,0.165,0.379,0.399
"Phosphodiesterase 7A",0.006,0.038,0.37,0.052,0.332,0.293,0.394,0.25,0.252,0.395,0.212
"Matriptase",0.127,0.386,0.055,0.034,0.311,0.029,0.255,0.066,0.39,0.227,0.211
"Sphingosine kinase 2",0.226,0.026,0.382,0.418,0.129,0.386,0.451,0.47,0.529,0.324,0.393
"Serine/threonine-protein kinase PLK1",0.037,0.371,0.461,0.006,0.009,0.383,0.22,0.145,0.483,0.243,0.35
"Carbonic anhydrase VI",0.091,0.093,0.033,0.26,0.061,0.017,0.231,0.03,0.129,0.143,0.156
"Protein kinase C beta",0.299,0.235,0.22,0.059,0.032,0.07,0.037,0.005,0.147,0.12,0.385
"Cyclin-dependent kinase 7",0.401,0.22,0.156,0.374,0.008,0.251,0.326,0.042,0.323,0.061,0.127
"Glycine transporter 2",0.01,0.311,0.243,0.049,0.217,0.343,0.243,0.066,0.355,0.111,0.322
"Cyclin-dependent kinase 1",0.289,0.01,0.036,0.027,0.041,0.286,0.025,0.165,0.015,0.116,0.317
"Excitatory amino acid transporter 1",0.145,0.089,0.478,0.044,0.369,0.096,0.458,0.177,0.487,0.332,0.098
"Plasma retinol-binding protein",0.265,0.028,0.156,0.267,0.043,0.002,0.28,0.236,0.012,0.224,0.458
"Poly [ADP-ribose] polymerase-1",0.293,0.095,0.171,0.405,0.169,0.034,0.15,0.118,0.145,0.112,0.154
"Thymidine phosphorylase",0.372,0.035,0.017,0.211,0.288,0.013,0.421,0.029,0.176,0.459,0.236
"Cyclin-dependent kinase 9",0.306,0.095,0.026,0.161,0,0.466,0.187,0.021,0.004,0.289,0.168
"PI3-kinase p110-delta subunit",0.279,0.26,0.364,0.021,0.444,0.296,0.231,0.162,0.379,0.413,0.301
"DNA-dependent protein kinase",0.441,0.155,0.289,0.024,0.382,0.344,0.402,0.208,0.446,0.369,0.448
"PI3-kinase p110-beta subunit",0.061,0.02,0.451,0.043,0.004,0.022,0.102,0.044,0.002,0.091,0.276
"Serotonin 7 (5-HT7) receptor",0.261,0.198,0.082,0.179,0.07,0.07,0.249,0.005,0.392,0.185,0.396
"Bradykinin B2 receptor",0.003,0.16,0.036,0.001,0.302,0.021,0.361,0.313,0.224,0.311,0.416
"Protein-tyrosine phosphatase 1C",0.234,0.404,0.185,0.078,0.099,0.373,0.207,0.182,0.256,0.414,0.505
"Carboxylesterase 2",0.223,0.013,0.072,0.097,0.141,0.251,0.327,0.095,0.179,0.196,0.192
"Estradiol 17-beta-dehydrogenase 1",0.451,0.078,0.481,0.114,0.434,0.259,0.174,0.243,0.187,0.229,0.481
"Histone deacetylase 8",0.029,0.058,0.141,0.293,0.235,0.069,0.185,0.005,0.025,0.112,0.147
"Prolyl endopeptidase",0.401,0.126,0.261,0.249,0.375,0.501,0.297,0.343,0.287,0.41,0.175
"Matrix metalloproteinase 9",0.003,0.095,0.506,0.11,0.11,0.087,0.156,0.315,0.031,0.39,0.332
"CD22",0.034,0.286,0.527,0.014,0.435,0.373,0.442,0.436,0.376,0.046,0.353
"Metabotropic glutamate receptor 5",0.017,0.166,0.233,0.188,0.232,0.098,0.333,0.144,0.314,0.384,0.274
"Sphingosine 1-phosphate receptor Edg-6",0.131,0.482,0.099,0.004,0.316,0.401,0.512,0.177,0.184,0.241,0.121
"Rho-associated protein kinase 1",0.378,0.275,0.1,0.073,0.359,0.499,0.172,0.299,0.154,0.264,0.441
"Tyrosine-protein kinase HCK",0.183,0.038,0.452,0.37,0.414,0.225,0.197,0.392,0.078,0.315,0.414
"Carbonic anhydrase XII",0.442,0.388,0.343,0.088,0.361,0.205,0.252,0.097,0.518,0.193,0.099
"Histone deacetylase 1",0.354,0.075,0.158,0.148,0.312,0.515,0.213,0.035,0.215,0.084,0.311
"Lysophosphatidic acid receptor Edg-7",0.22,0.333,0.095,0.117,0.124,0.452,0.089,0.53,0.035,0.344,0.076
"PI3-kinase p110-gamma subunit",0.016,0.001,0.301,0.295,0.192,0.113,0.412,0.234,0.053,0.021,0.308
"PI4-kinase beta subunit",0.064,0.402,0.198,0.037,0.078,0.062,0.147,0.478,0.056,0.186,0.459
"Cathepsin L2",0.079,0.078,0.101,0.001,0.412,0.09,0.161,0.042,0.142,0.373,0.399
"Urokinase-type plasminogen activator",0.024,0.275,0.335,0.52,0.324,0.3,0.209,0.094,0.041,0.049,0.266
"Testis-specific androgen-binding protein",0.427,0.075,0.218,0.256,0.493,0.119,0.387,0.218,0.412,0.2,0.344
"Caspase-6",0.018,0.422,0.114,0.005,0.044,0.15,0.19,0.305,0.191,0.195,0.229
"Cyclin-dependent kinase 4",0.005,0.301,0.425,0.002,0.003,0.227,0.323,0.003,0.049,0.154,0.32
"Histone deacetylase 11",0.11,0.316,0.064,0.045,0.036,0.408,0.154,0.177,0.216,0.144,0.24
"Sodium-dependent proline transporter",0.043,0.441,0.104,0.028,0.422,0.139,0.291,0.451,0.086,0.489,0.48
"Matrix metalloproteinase-1",0.176,0.013,0.103,0.023,0.024,0.18,0.084,0.186,0.169,0.177,0.055
"Matrix metalloproteinase-2",0.218,0.262,0.432,0.33,0.264,0.318,0.136,0.437,0.454,0.44,0.507
"Protein-tyrosine phosphatase 1B",0.36,0.105,0.42,0.095,0.154,0.238,0.18,0.416,0.088,0.063,0.323
"Acetyl-CoA carboxylase 1",0.008,0.354,0.249,0.283,0.092,0.043,0.179,0.041,0.467,0.192,0.137
"Serotonin 6 (5-HT6) receptor",0.306,0.337,0.332,0.412,0.504,0.294,0.48,0.211,0.481,0.125,0.248
"MAP kinase ERK1",0.029,0.167,0.471,0.108,0.44,0.14,0.42,0.336,0.267,0.218,0.387
"Cytochrome P450 2C9",0.401,0.472,0.072,0.015,0.026,0.014,0.195,0.006,0.379,0.34,0.506
"Probable G-protein coupled receptor 88",0.013,0.041,0.419,0.413,0.011,0.194,0.438,0.002,0.126,0.037,0.151
"Cytochrome P450 3A4",0.056,0.258,0.479,0.041,0.009,0.073,0.043,0.194,0.045,0.346,0.384
"Pregnane X receptor",0.004,0.045,0.2,0.139,0.208,0.036,0.307,0.035,0.034,0.016,0.016
"Carboxypeptidase B2 isoform A",0.001,0.274,0.39,0.028,0.202,0.177,0.261,0.366,0.379,0.306,0.34
"Serotonin 5a (5-HT5a) receptor",0.037,0.289,0.262,0.399,0.397,0.25,0.439,0.15,0.393,0.307,0.439
"Estrogen-related receptor alpha",0.154,0.487,0.078,0.007,0.32,0.286,0.445,0.199,0.412,0.477,0.303
"Amine oxidase, copper containing",0.078,0.102,0.301,0.083,0.061,0.407,0.301,0.167,0.143,0.347,0.451
"Protein kinase C zeta",0.092,0.313,0.46,0.186,0.032,0.051,0.333,0.012,0.207,0.393,0.387
"Melanin-concentrating hormone receptor 1",0.2,0.063,0.453,0.106,0.499,0.195,0.394,0.219,0.252,0.162,0.397
"Caspase-7",0.042,0.094,0.308,0.033,0.335,0.045,0.082,0.234,0.036,0.054,0.388
"C-C chemokine receptor type 3",0.007,0.154,0.045,0.018,0.302,0.339,0.325,0.278,0.243,0.369,0.376
"Phospholipase A2 group IIA",0.112,0.066,0.385,0.034,0.024,0.431,0.311,0.479,0.124,0.357,0.163
"Plasminogen activator inhibitor-1",0.148,0.126,0.215,0.019,0.215,0.448,0.115,0.409,0.073,0.329,0.487
"Inhibitor of nuclear factor kappa B kinase alpha subunit",0.246,0.085,0.46,0.311,0.496,0.205,0.549,0.079,0.106,0.456,0.172
"Proteasome Macropain subunit",0.275,0.199,0.462,0.104,0.008,0.167,0.301,0.025,0.374,0.388,0.478
"Carbonic anhydrase XIV",0.219,0.048,0.352,0.042,0.023,0.419,0.499,0.271,0.306,0.216,0.318
"LDL-associated phospholipase A2",0.435,0.078,0.333,0.006,0.328,0.525,0.388,0.383,0.211,0.232,0.123
"Cytochrome P450 17A1",0.002,0.172,0.018,0.093,0.436,0.025,0.457,0.183,0.213,0.477,0.083
"Histone deacetylase 4",0.002,0.009,0.315,0.15,0.186,0.422,0.206,0.257,0.097,0.082,0.202
"Inhibitor of nuclear factor kappa B kinase epsilon subunit",0.02,0.324,0.075,0.202,0.382,0.048,0.451,0.282,0.063,0.491,0.13
"Phosphodiesterase 9A",0.091,0.172,0.14,0.028,0.029,0.477,0.216,0.404,0.253,0.494,0.056
"Tyrosine-protein kinase TYK2",0,0.269,0.456,0.097,0.275,0.194,0.135,0.052,0.213,0.167,0.172
"Steryl-sulfatase",0.363,0.091,0.392,0.281,0.354,0.105,0.387,0.194,0.406,0.145,0.28
"Nitric-oxide synthase, brain",0.314,0.226,0.283,0.241,0.139,0.329,0.07,0.325,0.193,0.321,0.296
"Cholesteryl ester transfer protein",0,0.015,0.216,0.328,0.364,0.103,0.127,0.232,0.071,0.077,0.382
"Protein kinase C epsilon",0.02,0.129,0.086,0.121,0.21,0.066,0.41,0.136,0.465,0.208,0.505
"Dual specificity mitogen-activated protein kinase kinase 1",0,0.126,0.295,0.006,0.011,0.118,0.412,0.005,0.264,0.462,0.367
"Adenosine kinase",0,0.177,0.39,0.252,0.106,0.032,0.178,0.002,0.028,0.121,0.239
"Hormone sensitive lipase",0.124,0.087,0.131,0.197,0.378,0.034,0.059,0.48,0.187,0.197,0.427
"Carbonic anhydrase IX",0.012,0.037,0.109,0.015,0.248,0.226,0.415,0.056,0.332,0.122,0.475
"Protein kinase C eta",0.073,0.364,0.323,0.376,0.132,0.214,0.374,0.021,0.441,0.354,0.185
"Cytochrome P450 2C19",0.261,0.168,0.391,0.488,0.477,0.379,0.276,0.103,0.121,0.069,0.15
"Quinone reductase 1)",0.447,0.364,0.424,0.216,0.026,0.443,0.152,0.004,0.171,0.326,0.3
"Casein kinase II alpha",0.079,0.039,0.332,0.256,0.505,0.067,0.198,0.466,0.151,0.216,0.458
"Opioid growth factor receptor-like protein 1",0.024,0.079,0.501,0.208,0.104,0.41,0.17,0.026,0.372,0.117,0.134
"Kininogen-1",0.254,0.338,0.198,0.041,0.207,0.264,0.436,0.038,0.399,0.363,0.165
"Acetyl-coenzyme A transporter 1",0.302,0.015,0.234,0.102,0.312,0.089,0.135,0.199,0.122,0.104,0.268
"Fibroblast growth factor receptor 1",0.437,0.13,0.349,0.251,0.398,0.41,0.417,0.057,0.335,0.153,0.449
"PI4-kinase alpha subunit",0.365,0.227,0.176,0.369,0.267,0.488,0.281,0.397,0.107,0.346,0.438
"Arachidonate 12-lipoxygenase",0.267,0.012,0.456,0.214,0.413,0.004,0.337,0.439,0.027,0.069,0.152
"Autotaxin",0.387,0.317,0.272,0.191,0.455,0.306,0.368,0.309,0.069,0.409,0.478
"ADAM17",0.162,0.286,0.13,0.255,0.096,0.378,0.211,0.394,0.11,0.423,0.378
"Prostanoid EP3 receptor",0.118,0.249,0.273,0.198,0.148,0.195,0.14,0.055,0.322,0.468,0.277
"Hepatocyte growth factor receptor",0.01,0.375,0.517,0.137,0.119,0.42,0.24,0.363,0.304,0.264,0.223
"Carbonic anhydrase IV",0.334,0.008,0.396,0.087,0.349,0.014,0.013,0.005,0.001,0.017,0.274
"11-beta-hydroxysteroid dehydrogenase 2",0.125,0.058,0.127,0.136,0.056,0.425,0.063,0.003,0.017,0.016,0.327
"Histamine H4 receptor",0.324,0.068,0.089,0.112,0.05,0.05,0.507,0.02,0.426,0.255,0.374
"Beta-glucosidase",0.152,0.077,0.238,0.09,0.343,0.46,0.438,0.179,0.375,0.473,0.375
"Urotensin II receptor",0.24,0.074,0.381,0.288,0.435,0.387,0.138,0.207,0.393,0.262,0.556
"Metabotropic glutamate receptor 1",0.456,0.123,0.402,0.372,0.009,0.032,0.407,0.004,0.059,0.257,0.25
"Dual specificity phosphatase Cdc25A",0.136,0.151,0.087,0.307,0.43,0.042,0.205,0.142,0.083,0.121,0.294
"Caspase-8",0.157,0.096,0.091,0.418,0.473,0.002,0.023,0.058,0.006,0.092,0.218
"Interleukin-1 receptor-associated kinase 4",0.282,0.291,0.192,0.263,0.134,0.47,0.32,0.052,0.449,0.273,0.163
"Histone acetyltransferase p300",0.003,0.102,0.447,0.023,0.004,0.231,0.26,0.006,0.355,0.494,0.349
"Hydroxycarboxylic acid receptor 2",0.091,0.061,0.402,0.332,0.239,0.223,0.038,0.087,0.157,0.061,0.309
"Serine/threonine-protein kinase PLK4",0.285,0.055,0.488,0.331,0.348,0.409,0.464,0.505,0.353,0.023,0.096
"Melanocortin receptor 1",0.01,0.137,0.002,0.15,0.029,0.001,0.403,0.006,0.429,0.186,0.203
"Calcitonin gene-related peptide type 1 receptor",0.034,0.381,0.344,0.003,0.024,0.125,0.264,0.353,0.089,0.087,0.352
"T-cell protein-tyrosine phosphatase",0.171,0.115,0.366,0.232,0.414,0.169,0.187,0.353,0.282,0.261,0.112
"Cytosolic phospholipase A2",0.128,0.086,0.39,0.174,0.052,0.453,0.46,0.064,0.226,0.305,0.276
"Hexokinase type IV",0.102,0.26,0.477,0.285,0.315,0.468,0.195,0.424,0.282,0.441,0.232
"Serine/threonine-protein kinase NEK2",0.055,0.039,0.51,0.162,0.465,0.197,0.232,0.441,0.289,0.385,0.164
"LIM domain kinase 1",0.454,0.426,0.158,0.142,0.007,0.15,0.414,0.003,0.402,0.382,0.371
"Cathepsin L",0.046,0.111,0.235,0.286,0.249,0.012,0.379,0.128,0.101,0.18,0.464
"Protein kinase C mu",0.281,0.082,0.092,0.056,0.212,0.234,0.298,0.093,0.227,0.045,0.294
"Protein-tyrosine phosphatase 2C",0.231,0.028,0.122,0.021,0.25,0.178,0.131,0.287,0.04,0.377,0.294
"Matrix metalloproteinase 14",0.002,0.496,0.439,0.065,0.128,0.258,0.362,0.126,0.196,0.456,0.274
"Heat shock protein HSP 90-alpha",0.09,0.364,0.391,0.304,0.318,0.388,0.35,0.541,0.47,0.228,0.513
"Sodium/glucose cotransporter 2",0.137,0.102,0.368,0.215,0.041,0.177,0.309,0.128,0.16,0.255,0.449
"Calpain 1",0.389,0.297,0.107,0.094,0.365,0.375,0.46,0.015,0.159,0.164,0.467
"Sphingosine 1-phosphate receptor Edg-3",0.007,0.404,0.016,0.003,0.043,0.019,0.23,0.015,0.373,0.462,0.278
"Bone morphogenetic protein 1",0.23,0.135,0.162,0.201,0.466,0.121,0.532,0.265,0.332,0.421,0.128
"Glutathione S-transferase Pi",0.321,0.197,0.395,0.283,0.204,0.422,0.339,0.159,0.385,0.334,0.417
"Tyrosine-protein kinase Lyn",0.247,0.137,0.119,0.037,0.117,0.336,0.16,0.283,0.294,0.078,0.366
"Ribosomal protein S6 kinase alpha 2",0.414,0.408,0.103,0.006,0.006,0.249,0.064,0.257,0.092,0.07,0.263
"Carbonic anhydrase XIII",0.518,0.122,0.444,0.079,0.189,0.344,0.037,0.162,0.002,0.19,0.385
"Complement C1s",0.159,0.408,0.284,0.017,0.205,0.094,0.378,0.453,0.106,0.292,0.278
"Protein kinase C theta",0.45,0.009,0.511,0.003,0.477,0.136,0.16,0.007,0.022,0.023,0.303
"Heparanase",0.047,0.112,0.518,0.197,0.095,0.302,0.401,0.196,0.061,0.143,0.154
"Methionine aminopeptidase 2",0.091,0.211,0.444,0.525,0.438,0.457,0.241,0.159,0.158,0.195,0.316
"Serine/threonine-protein kinase Aurora-C",0.001,0.094,0.124,0.012,0.435,0.048,0.027,0.105,0.04,0.269,0.444
"Quinone reductase 2",0.42,0.161,0.495,0.03,0.503,0.127,0.234,0.018,0.222,0.142,0.131
"MAP kinase p38 beta",0,0.234,0.191,0.148,0.013,0.014,0.465,0.03,0.462,0.368,0.477
"Carbonic anhydrase VB",0.056,0.486,0.042,0.099,0.491,0.222,0.141,0.476,0.483,0.485,0.192
"GAR transformylase",0.176,0.349,0.213,0.434,0.229,0.233,0.309,0.303,0.472,0.371,0.131
"Proteinase-activated receptor 1",0.371,0.087,0.2,0.159,0.088,0.003,0.274,0.512,0.077,0.413,0.359
"Fructose-1,6-bisphosphatase",0.129,0.229,0.469,0.009,0.014,0.074,0.174,0.393,0.006,0.087,0.367
"Dipeptidyl peptidase II",0.321,0.042,0.125,0.001,0.263,0.174,0.463,0.106,0.42,0.184,0.203
"Peroxisome proliferator-activated receptor delta",0.48,0.137,0.33,0.006,0.148,0.146,0.057,0.042,0.059,0.103,0.46
"Serine/threonine-protein kinase 10",0.265,0.174,0.029,0.319,0.474,0.05,0.281,0.315,0.067,0.132,0.446
"Dual specificity protein kinase TTK",0.085,0.36,0.412,0.016,0.19,0.488,0.247,0.382,0.298,0.46,0.402
"Coagulation factor VII",0.28,0.136,0.359,0.026,0.436,0.236,0.349,0.084,0.504,0.548,0.351
"PI3-kinase p110-alpha subunit",0.214,0.005,0.281,0.273,0.356,0.285,0.442,0.266,0.126,0.176,0.499
"Tyrosine-protein kinase ABL2",0.091,0.36,0.339,0.389,0.167,0.221,0.357,0.437,0.329,0.349,0.529
"C-C chemokine receptor type 2",0.019,0.419,0.31,0.002,0.082,0.44,0.047,0.054,0.035,0.216,0.209
"Glutamate receptor ionotropic, AMPA 2",0.227,0.286,0.544,0.02,0.389,0.153,0.415,0.383,0.396,0.373,0.241
"Neuropeptide Y receptor type 2",0.006,0.201,0.42,0.097,0.032,0.274,0.347,0.05,0.504,0.275,0.172
"HMG-CoA reductase",0.129,0.267,0.03,0.479,0.026,0.004,0.33,0.011,0.17,0.224,0.335
"Signal transducer and activator of transcription 3",0.147,0.266,0.209,0.022,0.125,0.335,0.487,0.166,0.251,0.326,0.367
"Interleukin-8 receptor A",0.377,0.22,0.144,0.13,0.072,0.204,0.183,0.027,0.397,0.407,0.28
"Cyclin-dependent kinase 5",0.422,0.015,0.202,0.347,0.034,0.034,0.424,0.259,0.09,0.256,0.382
"MAP kinase ERK2",0.441,0.085,0.276,0.449,0.035,0.002,0.383,0.022,0.136,0.529,0.1
"Cystic fibrosis transmembrane conductance regulator",0.012,0.443,0.218,0.035,0.302,0.028,0.238,0.489,0.364,0.26,0.094
"Chymase",0.08,0.028,0.367,0.268,0.498,0.274,0.125,0.15,0.055,0.043,0.393
"Casein kinase II alpha (prime)",0.228,0.03,0.012,0.383,0.1,0.189,0.449,0.452,0.163,0.408,0.165
"Cathepsin B",0.311,0.263,0.376,0.17,0.164,0.265,0.194,0.241,0.368,0.422,0.495
"Matrix metalloproteinase 7",0.008,0.317,0.113,0.023,0.103,0.027,0.338,0.474,0.154,0.468,0.514
"Bombesin receptor subtype-3",0.009,0.173,0.084,0.035,0.015,0.051,0.366,0.15,0.076,0.319,0.476
"LXR-beta",0.046,0.192,0.465,0.18,0.065,0.05,0.519,0.075,0.466,0.155,0.292
"Neurotensin receptor 1",0.16,0.219,0.106,0.414,0.505,0.199,0.444,0.43,0.426,0.168,0.358
"Tyrosine-protein kinase TIE-2",0.483,0.26,0.134,0.078,0.082,0.073,0.293,0.286,0.084,0.207,0.427
"Fibroblast growth factor receptor 2",0.165,0.083,0.205,0.457,0.044,0.461,0.253,0.094,0.432,0.214,0.1
"Histone deacetylase 9",0.488,0.301,0.378,0.263,0.184,0.363,0.274,0.019,0.175,0.284,0.408
"Fatty acid synthase",0.044,0.235,0.162,0.517,0.2,0.524,0.1,0.411,0.381,0.383,0.478
"c-Jun N-terminal kinase 2",0.07,0.17,0.365,0.037,0.018,0.351,0.274,0.028,0.042,0.216,0.155
"Sodium channel protein type II alpha subunit",0.272,0.455,0.256,0.18,0.204,0.526,0.231,0.334,0.064,0.481,0.269
"Monoglyceride lipase",0.063,0.368,0.117,0.178,0.151,0.132,0.32,0.184,0.239,0.417,0.42
"Inhibitor of apoptosis protein 3",0.454,0.102,0.473,0.028,0.445,0.264,0.234,0.217,0.264,0.14,0.337
"Serine/threonine-protein kinase 2",0.127,0.125,0.355,0.306,0.263,0.1,0.449,0.157,0.069,0.011,0.082
"Dual specificity protein kinase CLK4",0.19,0.388,0.262,0.036,0.438,0.081,0.274,0.217,0.124,0.216,0.268
"MAP kinase signal-integrating kinase 2",0.035,0.113,0.289,0.036,0.086,0.018,0.323,0.381,0.081,0.126,0.214
"Proteasome component C5",0.047,0.268,0.173,0.283,0.063,0.36,0.317,0.029,0.095,0.413,0.364
"Tyrosine-protein kinase FRK",0.417,0.395,0.18,0.215,0.127,0.149,0.235,0.399,0.376,0.381,0.388
"Dual specificty protein kinase CLK1",0.208,0.325,0.266,0.401,0.115,0.103,0.196,0.324,0.043,0.079,0.195
"Dual specificity protein kinase CLK2",0.396,0.498,0.259,0.09,0.204,0.124,0.278,0.24,0.077,0.118,0.183
"Lipoxin A4 receptor",0.073,0.061,0.181,0.435,0.123,0.169,0.436,0.277,0.026,0.231,0.243
"Estradiol 17-beta-dehydrogenase 3",0.009,0.157,0.385,0.322,0.281,0.313,0.385,0.091,0.054,0.355,0.227
"11-beta-hydroxysteroid dehydrogenase 1",0.089,0.278,0.141,0.003,0.541,0.032,0.393,0.23,0.444,0.458,0.26
"Ribosomal protein S6 kinase alpha 5",0.039,0.171,0.407,0.233,0.072,0.15,0.313,0.024,0.227,0.208,0.512
"ALK tyrosine kinase receptor",0.172,0.047,0.173,0.248,0.172,0.02,0.232,0.532,0.112,0.131,0.298
"Hypoxia-inducible factor 1 alpha",0.009,0.032,0.388,0.028,0.244,0.323,0.238,0.035,0.244,0.163,0.305
"TGF-beta receptor type II",0.073,0.271,0.204,0.193,0.325,0.489,0.246,0.352,0.464,0.505,0.471
"Serine/threonine-protein kinase AKT",0.007,0.177,0.272,0.035,0.202,0.211,0.22,0.32,0.269,0.342,0.08
"Sodium channel protein type IX alpha subunit",0.058,0.108,0.463,0.447,0.133,0.236,0.319,0.11,0.398,0.408,0.285
"P-glycoprotein 1",0.115,0.106,0.284,0.089,0.198,0.094,0.368,0.2,0.201,0.346,0.354
"Heat shock protein HSP 90-beta",0.079,0.273,0.497,0.523,0.262,0.096,0.358,0.329,0.178,0.322,0.387
"Calcium-activated potassium channel subunit alpha-1",0.033,0.468,0.411,0.021,0.098,0.361,0.145,0.147,0.278,0.437,0.09
"Intermediate conductance calcium-activated potassium channel protein 4",0.435,0.281,0.183,0.375,0.003,0.108,0.425,0.023,0.237,0.374,0.34
"Voltage-gated potassium channel subunit Kv1.5",0.364,0.372,0.255,0.091,0.24,0.194,0.086,0.529,0.32,0.397,0.504
"Bradykinin B1 receptor",0.404,0.369,0.14,0.133,0.258,0.205,0.388,0.239,0.24,0.477,0.206
"Purinergic receptor P2Y1",0,0.493,0.141,0.118,0.028,0.003,0.389,0.021,0.384,0.285,0.432
"Sphingosine 1-phosphate receptor Edg-1",0.083,0.501,0.318,0.069,0.143,0.488,0.362,0.049,0.206,0.229,0.331
"Purine nucleoside phosphorylase",0.335,0.257,0.028,0.053,0.395,0.008,0.254,0.039,0.103,0.239,0.097
"Serine/threonine-protein kinase GAK",0.311,0.499,0.411,0.304,0.3,0.264,0.516,0.347,0.062,0.258,0.512
"Induced myeloid leukemia cell differentiation protein Mcl-1",0.02,0.128,0.296,0.019,0.026,0.263,0.531,0.011,0.361,0.529,0.428
"Dual-specificity tyrosine-phosphorylation regulated kinase 2",0.306,0.016,0.258,0.16,0.328,0.102,0.047,0.02,0.001,0.158,0.47
"Gastric inhibitory polypeptide receptor",0.159,0.218,0.4,0.024,0.062,0.462,0.141,0.176,0.022,0.333,0.15
"Matrix metalloproteinase 12",0,0.015,0.332,0.019,0.021,0.319,0.351,0.001,0.291,0.164,0.32
"Sphingosine kinase 1",0.008,0.302,0.376,0.005,0.055,0.078,0.297,0.029,0.186,0.519,0.439
"Phosphodiesterase 8B",0.149,0.148,0.049,0.262,0.036,0.326,0.323,0.197,0.402,0.15,0.229
"Phosphodiesterase 10A",0.016,0.014,0.502,0.228,0.176,0.239,0.27,0.393,0.274,0.353,0.344
"Free fatty acid receptor 1",0.116,0.077,0.257,0.096,0.034,0.082,0.239,0.23,0.039,0.384,0.205
"Prostanoid DP receptor",0.134,0.057,0.43,0.219,0.045,0.081,0.359,0.097,0.012,0.359,0.375
"Neurokinin 3 receptor",0.176,0.013,0.264,0.027,0.039,0.081,0.153,0.096,0,0.013,0.313
"TGF-beta receptor type I",0.103,0.198,0.171,0.282,0.441,0.392,0.396,0.398,0.206,0.321,0.38
"C-X-C chemokine receptor type 3",0.014,0.134,0.259,0.457,0.189,0.228,0.348,0.288,0.165,0.071,0.117
"Vitamin K-dependent protein C",0.186,0.397,0.149,0.107,0.045,0.073,0.346,0.11,0.464,0.202,0.109
"Tyrosine-protein kinase FGR",0.398,0.386,0.125,0.332,0.081,0.064,0.172,0.188,0.091,0.034,0.278
"NAD-dependent deacetylase sirtuin 3",0.395,0.161,0.51,0.18,0.194,0.205,0.243,0.45,0.43,0.127,0.329
"NAD-dependent deacetylase sirtuin 2",0.433,0.082,0.409,0.269,0.231,0.317,0.214,0.291,0.072,0.403,0.358
"Acyl coenzyme A:cholesterol acyltransferase 2",0.042,0.223,0.47,0.469,0.04,0.036,0.237,0.454,0.044,0.118,0.344
"Voltage-gated N-type calcium channel alpha-1B subunit",0.291,0.437,0.319,0.044,0.06,0.377,0.454,0.282,0.251,0.178,0.174
"Nitric oxide synthase, inducible",0.292,0.048,0.121,0.271,0.242,0.033,0.359,0.036,0.05,0.025,0.062
"Serine/threonine-protein kinase PAK 4",0.055,0.083,0.111,0.063,0.202,0.457,0.527,0.201,0.35,0.238,0.265
"Ribosomal protein S6 kinase 1",0.258,0.07,0.319,0.3,0.386,0.361,0.065,0.04,0.002,0.204,0.302
"NAD-dependent deacetylase sirtuin 1",0.082,0.187,0.463,0.074,0.161,0.09,0.387,0.371,0.296,0.119,0.315
"Glutaminyl-peptide cyclotransferase",0.107,0.037,0.143,0.1,0.011,0.205,0.145,0.188,0.082,0.117,0.31
"Serine/threonine-protein kinase PIM2",0.148,0.462,0.411,0.011,0.175,0.411,0.292,0.252,0.419,0.187,0.278
"TRAF2- and NCK-interacting kinase",0.361,0.013,0.24,0.096,0.053,0.029,0.078,0.281,0.001,0.058,0.252
"Coagulation factor XIII",0.405,0.067,0.433,0.165,0.181,0.337,0.072,0.163,0.23,0.151,0.486
"5-lipoxygenase activating protein",0.039,0.058,0.066,0.002,0.096,0.428,0.222,0.119,0.061,0.036,0.164
"Neuropeptide Y receptor type 5",0.018,0.267,0.033,0.385,0.156,0.004,0.418,0.061,0.29,0.433,0.398
"Kinesin-like protein 1",0.494,0.047,0.147,0.247,0.08,0.272,0.278,0.056,0.482,0.23,0.449
"Matrix metalloproteinase 8",0.075,0.185,0.341,0.348,0.344,0.344,0.245,0.194,0.321,0.15,0.306
"C-C chemokine receptor type 8",0.028,0.115,0.316,0.16,0.012,0.334,0.33,0.01,0.306,0.095,0.211
"Tyrosine kinase non-receptor protein 2",0.122,0.419,0.26,0.43,0.005,0.066,0.407,0.005,0.377,0.348,0.348
"Serine/threonine-protein kinase PAK 1",0.011,0.134,0.159,0.11,0.099,0.113,0.246,0.106,0.132,0.469,0.407
"Tyrosine-protein kinase BRK",0.051,0.07,0.492,0.202,0.157,0.201,0.381,0.033,0.038,0.083,0.157
"Melanocortin receptor 5",0.001,0.019,0.14,0.029,0.046,0.294,0.419,0.046,0.129,0.205,0.115
"Ghrelin receptor",0.237,0.169,0.413,0.046,0.273,0.156,0.454,0.46,0.488,0.16,0.428
"Phenylethanolamine N-methyltransferase",0.447,0.259,0.268,0.389,0.354,0.27,0.042,0.014,0.055,0.112,0.355
"Leukotriene A4 hydrolase",0.003,0.025,0.273,0.191,0.04,0.421,0.231,0,0.043,0.138,0.255
"Apoptosis regulator Bcl-X",0.092,0.113,0.399,0.149,0.316,0.024,0.466,0.117,0.219,0.495,0.338
"Serine/threonine-protein kinase Chk1",0.391,0.144,0.06,0.016,0.061,0.273,0.212,0.006,0.02,0.388,0.45
"Voltage-gated potassium channel subunit Kv1.3",0.068,0.378,0.327,0.269,0.014,0.324,0.071,0.206,0.019,0.298,0.142
"Voltage-gated T-type calcium channel alpha-1G subunit",0.118,0.296,0.077,0.201,0.365,0.148,0.362,0.42,0.117,0.183,0.354
"Melanocortin receptor 3",0.007,0.196,0.128,0,0.146,0.103,0.184,0.139,0.183,0.092,0.226
"Dipeptidyl peptidase VIII",0.018,0.006,0.47,0.464,0.121,0.399,0.202,0.093,0.167,0.092,0.176
"Lymphocyte differentiation antigen CD38",0.001,0.29,0.122,0.034,0.261,0.008,0.323,0.257,0.058,0.15,0.185
"Proteasome Macropain subunit MB1",0.052,0.063,0.314,0.011,0.088,0.106,0.243,0.159,0.005,0.165,0.379
"Apoptosis regulator Bcl-W",0.006,0.06,0.461,0.015,0.217,0.515,0.448,0.483,0.298,0.41,0.213
"Aldo-keto-reductase family 1 member C3",0.455,0.105,0.125,0.268,0.418,0.181,0.121,0.425,0.223,0.253,0.242
"Fibroblast activation protein alpha",0.05,0.029,0.159,0.371,0.011,0.005,0.209,0.014,0.005,0.019,0.24
"Indoleamine 2,3-dioxygenase",0.471,0.474,0.184,0.397,0.384,0.179,0.357,0.437,0.08,0.085,0.055
"Malonyl-CoA decarboxylase",0.273,0.504,0.255,0.093,0.202,0.116,0.109,0.27,0.5,0.427,0.184
"Isoprenylcysteine carboxyl methyltransferase",0.496,0.163,0.065,0.465,0.346,0.049,0.468,0.149,0.235,0.069,0.018
"Serine/threonine-protein kinase Aurora-A",0.396,0.254,0.176,0.397,0.116,0.302,0.456,0.065,0.291,0.161,0.432
"C3a anaphylatoxin chemotactic receptor",0.359,0.195,0.266,0.019,0.049,0.027,0.366,0.457,0.033,0.086,0.423
"Vesicular acetylcholine transporter",0.177,0.042,0.276,0.396,0.024,0.037,0.1,0.333,0.054,0.064,0.15
"Geranylgeranyl pyrophosphate synthetase",0.29,0.156,0.196,0.226,0.39,0.498,0.272,0.213,0.08,0.228,0.426
"Neuropeptide Y receptor type 1",0.044,0.289,0.085,0.086,0.157,0.025,0.339,0.107,0.179,0.157,0.304
"Carbonic anhydrase VA",0.298,0.259,0.41,0.268,0.459,0.426,0.472,0.184,0.342,0.404,0.382
"Endothelin-converting enzyme 1",0.009,0.166,0.474,0.026,0.229,0.191,0.118,0.075,0.116,0.28,0.446
"Orexin receptor 2",0.354,0.334,0.436,0.154,0.144,0.273,0.481,0.004,0.456,0.378,0.409
"Dipeptidyl peptidase IX",0.205,0.399,0.158,0.212,0.318,0.439,0.175,0.244,0.473,0.144,0.454
"Vanilloid receptor",0.161,0.305,0.252,0.296,0.337,0.016,0.346,0.182,0.449,0.284,0.3
"Caspase-1",0.084,0.006,0.303,0.469,0.016,0.017,0.011,0.45,0.024,0.016,0.441
"Nitric-oxide synthase, endothelial",0.407,0.13,0.097,0.141,0.486,0.461,0.198,0.126,0.051,0.142,0.199
"Dual specificity phosphatase Cdc25B",0.03,0.363,0.457,0.481,0.5,0.476,0.205,0.064,0.026,0.18,0.438
"P2X purinoceptor 7",0.479,0.358,0.369,0.259,0.253,0.18,0.481,0.258,0.515,0.358,0.183
"Serine/threonine-protein kinase AKT3",0.036,0.332,0.12,0.566,0.358,0.403,0.501,0.425,0.159,0.19,0.135
"Beta-secretase 1",0.001,0.333,0.462,0.017,0.179,0.272,0.111,0.374,0.271,0.503,0.19
"Acetyl-CoA carboxylase 2",0.03,0.336,0.108,0.106,0.491,0.143,0.302,0.184,0.314,0.436,0.411
"L-lactate dehydrogenase A chain",0.111,0.197,0.276,0.35,0.216,0.305,0.086,0.184,0.281,0.042,0.439
"C-X3-C chemokine receptor 1",0.048,0.054,0.112,0.053,0.096,0.178,0.358,0.26,0.081,0.407,0.233
"Eukaryotic translation initation factor",0.049,0.01,0.107,0.101,0.379,0.179,0.289,0.427,0.075,0.207,0.278
"Apoptosis regulator Bcl-2",0.209,0.189,0.034,0.13,0.325,0.472,0.275,0.411,0.173,0.112,0.204
"Cytochrome P450 1B1",0.044,0.025,0.25,0.041,0.011,0.048,0.43,0.379,0.046,0.017,0.222
"Tyrosine-protein kinase receptor UFO",0.317,0.126,0.102,0.002,0.278,0.05,0.041,0.052,0.042,0.436,0.137
"Neurotrophic tyrosine kinase receptor type 2",0.361,0.011,0.533,0.013,0.547,0.285,0.295,0.429,0.152,0.171,0.557
"Mitogen-activated protein kinase kinase kinase 8",0.204,0.19,0.285,0.289,0.07,0.302,0.179,0.085,0.135,0.197,0.491
"Low molecular weight phosphotyrosine protein phosphatase",0.055,0.113,0.396,0.274,0.122,0.372,0.053,0.005,0.027,0.075,0.294
"Casein kinase I epsilon",0.302,0.232,0.432,0.291,0.434,0.054,0.487,0.427,0.507,0.345,0.12
"L-lactate dehydrogenase B chain",0.381,0.07,0.263,0.028,0.337,0.476,0.399,0.046,0.487,0.503,0.256
"S-methyl-5-thioadenosine phosphorylase",0.047,0.057,0.095,0.145,0.033,0.068,0.353,0.033,0.271,0.191,0.423
"Proto-oncogene c-JUN",0.004,0.056,0.104,0.009,0.102,0.369,0.397,0.307,0.054,0.186,0.297
"Sodium/glucose cotransporter 1",0.029,0.066,0.25,0.518,0.159,0.209,0.373,0.019,0.103,0.187,0.293
"Transketolase",0.465,0.467,0.27,0.021,0.038,0.453,0.316,0.076,0.454,0.427,0.4
"Serine/threonine-protein kinase RIPK2",0.014,0.248,0.422,0.126,0.036,0.19,0.415,0.057,0.101,0.447,0.256
"p53-binding protein Mdm-2",0.013,0.323,0.337,0.009,0.235,0.056,0.417,0.499,0.337,0.282,0.369
"Serine-protein kinase ATR",0.211,0.162,0.226,0.037,0.015,0.382,0.171,0.153,0.425,0.23,0.166
"ADAM10",0.132,0.027,0.204,0.046,0.152,0.268,0.465,0.242,0.193,0.271,0.463
"Endoplasmic reticulum aminopeptidase 2",0.052,0.222,0.376,0.24,0.423,0.451,0.102,0.188,0.173,0.231,0.283
"G protein-coupled receptor 44",0.003,0.021,0.252,0.011,0.288,0.302,0.306,0.244,0.277,0.123,0.179
"Endothelial lipase",0.136,0.047,0.015,0.029,0.042,0.09,0.053,0.202,0.038,0.199,0.27
"Histone deacetylase 10",0.45,0.12,0.048,0.183,0.092,0.037,0.192,0.038,0.023,0.075,0.146
"GABA receptor alpha-5 subunit",0.023,0.214,0.442,0.318,0.45,0.01,0.145,0.06,0.297,0.182,0.507
"Orexin receptor 1",0.034,0.414,0.134,0.011,0.298,0.255,0.282,0.236,0.226,0.246,0.363
"Discoidin domain-containing receptor 2",0.009,0.017,0.146,0.05,0.01,0.009,0.097,0.114,0.013,0.098,0.149
"Metabotropic glutamate receptor 2",0.514,0.007,0.168,0.065,0.052,0.063,0.381,0.326,0.028,0.269,0.246
"Cytochrome P450 26A1",0.457,0.247,0.1,0.049,0.5,0.034,0.367,0.117,0.29,0.135,0.093
"Serine/threonine-protein kinase B-raf",0.307,0.349,0.457,0.444,0.29,0.508,0.14,0.213,0.288,0.374,0.203
"Ephrin type-B receptor 4",0.359,0.253,0.422,0.233,0.073,0.196,0.183,0.085,0.23,0.206,0.186
"Neuropilin-1",0.201,0.028,0.261,0.099,0.24,0.397,0.327,0.392,0.239,0.492,0.475
"dUTP pyrophosphatase",0.437,0.002,0.253,0.039,0.069,0.175,0.311,0.413,0.061,0.161,0.519
"Serine/threonine-protein kinase ILK-1",0.013,0.089,0.078,0.006,0.004,0.219,0.45,0.022,0.037,0.366,0.182
"Tyrosine-protein kinase BTK",0.238,0.051,0.358,0.248,0.134,0.133,0.255,0.054,0.19,0.351,0.292
"Serine/threonine-protein kinase TNNI3K",0.22,0.352,0.191,0.314,0.051,0.21,0.451,0.014,0.417,0.419,0.432
"Cytochrome P450 2A6",0.411,0.494,0.084,0.486,0.128,0.386,0.195,0.335,0.285,0.044,0.417
"Mitogen-activated protein kinase kinase kinase 5",0.057,0.133,0.503,0.173,0.338,0.301,0.108,0.219,0.045,0.159,0.459
"Tyrosine-protein kinase receptor TYRO3",0.375,0.098,0.408,0.421,0.241,0.302,0.427,0.086,0.262,0.263,0.378
"Epithelial discoidin domain-containing receptor 1",0.124,0.317,0.023,0.423,0.017,0.048,0.421,0.02,0.28,0.251,0.239
"Proto-oncogene tyrosine-protein kinase MER",0.183,0.254,0.101,0.138,0.078,0.011,0.095,0.001,0.07,0.079,0.297
"Baculoviral IAP repeat-containing protein 3",0.157,0.129,0.215,0.081,0.495,0.294,0.444,0.529,0.269,0.232,0.165
"Poly [ADP-ribose] polymerase 2",0.403,0.263,0.031,0.271,0.009,0.045,0.038,0.117,0.002,0.22,0.051
"P-selectin",0.404,0.067,0.385,0.197,0.306,0.279,0.316,0.422,0.117,0.136,0.366
"ATP-binding cassette sub-family G member 2",0.215,0.486,0.417,0.473,0.412,0.15,0.382,0.459,0.435,0.36,0.455
"Pituitary adenylate cyclase-activating polypeptide type I receptor",0,0.222,0.011,0.024,0.071,0.004,0.212,0.008,0.197,0.28,0.297
"Serine/threonine-protein kinase PIM3",0.034,0.249,0.251,0.04,0.475,0.114,0.094,0.26,0.177,0.326,0.206
"G-protein coupled bile acid receptor 1",0.076,0.074,0.392,0.087,0.445,0.133,0.496,0.305,0.518,0.423,0.388
"Metastin receptor",0.018,0.023,0.189,0.248,0.09,0.354,0.1,0.16,0.046,0.126,0.373
"Cell division cycle 7-related protein kinase",0.073,0.171,0.128,0.049,0.085,0.078,0.365,0.029,0.241,0.46,0.333
"Sodium channel protein type X alpha subunit",0.426,0.337,0.488,0.403,0.323,0.243,0.48,0.179,0.41,0.487,0.477
"Baculoviral IAP repeat-containing protein 2",0.126,0.212,0.18,0.002,0.186,0.415,0.321,0.027,0.493,0.389,0.413
"Receptor-interacting serine/threonine-protein kinase 1",0.016,0.019,0.164,0.438,0.558,0.245,0.161,0.215,0.21,0.161,0.188
"Protein tyrosine kinase 2 beta",0.03,0.433,0.396,0.481,0.022,0.088,0.35,0.013,0.314,0.173,0.493
"Perforin-1",0.011,0.191,0.076,0.093,0.395,0.023,0.348,0.214,0.204,0.077,0.051
"D-amino-acid oxidase",0.218,0.116,0.076,0.025,0.351,0.037,0.513,0.072,0.073,0.332,0.164
"Serine/threonine-protein kinase WEE1",0.009,0.009,0.218,0.276,0.066,0.134,0.292,0.01,0.223,0.266,0.184
"Histone acetyltransferase PCAF",0.288,0.084,0.069,0.407,0.354,0.172,0.339,0.434,0.231,0.476,0.444
"Secreted frizzled-related protein 1",0.06,0.038,0.022,0.174,0.181,0.266,0.488,0.125,0.468,0.331,0.324
"Transient receptor potential cation channel subfamily V member 3",0.007,0.091,0.189,0.216,0.029,0.369,0.364,0.218,0.24,0.428,0.171
"Protein-arginine N-methyltransferase 1",0.111,0.375,0.377,0.08,0.132,0.251,0.413,0.01,0.394,0.186,0.181
"Nuclear factor NF-kappa-B p65 subunit",0.391,0.244,0.063,0.011,0.322,0.015,0.467,0.412,0.41,0.295,0.204
"Dual specificity tyrosine-phosphorylation-regulated kinase 1B",0.395,0.13,0.447,0.242,0.017,0.419,0.378,0.007,0.082,0.465,0.122
"Acyl-CoA desaturase",0.374,0.154,0.275,0.513,0.053,0.444,0.186,0.122,0.541,0.359,0.429
"Proto-oncogene tyrosine-protein kinase ROS",0.037,0.021,0.328,0.027,0.402,0.337,0.16,0.274,0.115,0.095,0.39
"Lysyl-tRNA synthetase",0.219,0.38,0.19,0.397,0.457,0.543,0.157,0.281,0.141,0.473,0.4
"DNA-(apurinic or apyrimidinic site) lyase",0.021,0.3,0.383,0.25,0.417,0.141,0.156,0.298,0.49,0.482,0.462
"Glucose-dependent insulinotropic receptor",0.094,0.298,0.054,0.208,0.109,0.333,0.517,0.168,0.166,0.333,0.265
"Prostaglandin E synthase",0.024,0.002,0.476,0.242,0.361,0.064,0.062,0.091,0.036,0.02,0.131
"G protein-coupled receptor kinase 5",0.19,0.367,0.06,0.254,0.035,0.306,0.315,0.036,0.276,0.273,0.223
"Egl nine homolog 1",0.032,0.215,0.021,0.003,0.005,0.253,0.507,0.229,0.132,0.398,0.312
"Elongation of very long chain fatty acids protein 6",0.036,0.164,0.128,0.103,0.08,0.037,0.242,0.101,0.144,0.046,0.108
"Glucagon",0.089,0.227,0.195,0.304,0.085,0.151,0.112,0.004,0.197,0.393,0.132
"CREB-binding protein",0.001,0.22,0.485,0.016,0.457,0.291,0.121,0.102,0.359,0.517,0.128
"Mitogen-activated protein kinase kinase kinase 7",0.208,0.393,0.053,0.375,0.011,0.058,0.29,0.001,0.1,0.138,0.108
"Interferon-induced, double-stranded RNA-activated protein kinase",0.011,0.117,0.03,0.015,0.052,0.171,0.454,0.036,0.429,0.281,0.304
"Aldo-keto reductase family 1 member C2",0.424,0.5,0.188,0.129,0.255,0.313,0.334,0.054,0.448,0.271,0.474
"Trace amine-associated receptor 1",0.006,0.217,0.094,0,0.201,0.078,0.146,0.074,0.023,0.097,0.06
"Nuclear receptor ROR-alpha",0.174,0.499,0.286,0.104,0.01,0.475,0.116,0.268,0.188,0.331,0.09
"Heat shock factor protein 1",0.055,0.02,0.107,0.305,0.091,0.293,0.343,0.202,0.495,0.128,0.371
"Hematopoietic prostaglandin D synthase",0.022,0.369,0.052,0.277,0.183,0.026,0.424,0.08,0.251,0.3,0.451
"Aldo-keto reductase family 1 member C1",0.303,0.012,0.481,0.063,0.016,0.037,0.14,0.078,0.205,0.066,0.472
"Bifunctional protein NCOAT",0.009,0.039,0.035,0.287,0.049,0.127,0.124,0.429,0.31,0.069,0.432
"LIM domain kinase 2",0.265,0.084,0.456,0.077,0.23,0.072,0.333,0.07,0.169,0.318,0.45
"Serine/threonine-protein kinase PLK2",0.357,0.151,0.291,0.397,0.195,0.045,0.112,0.123,0.101,0.149,0.166
"Neuropeptide FF receptor 1",0.002,0.034,0.376,0.09,0.44,0.378,0.338,0.396,0.238,0.325,0.275
"Neuropeptide FF receptor 2",0.428,0.445,0.375,0.245,0.105,0.042,0.348,0.17,0.443,0.485,0.157
"IgG receptor FcRn large subunit p51",0.417,0.026,0.351,0.108,0.002,0.368,0.381,0,0.275,0.2,0.499
"Smoothened homolog",0,0.188,0.267,0,0.106,0.219,0.172,0.337,0.061,0.339,0.165
"Aldo-keto reductase family 1 member B10",0.296,0.001,0.3,0.035,0.006,0.055,0.06,0.434,0.002,0.03,0.349
"Serine/threonine-protein kinase 33",0.097,0.03,0.132,0.293,0.227,0.124,0.302,0.07,0.407,0.149,0.467
"Transient receptor potential cation channel subfamily A member 1",0.355,0.451,0.29,0.404,0.058,0.366,0.302,0.051,0.401,0.533,0.364
"Diacylglycerol O-acyltransferase 1",0.419,0.04,0.486,0.028,0.138,0.14,0.378,0.294,0.433,0.195,0.166
"Histone-lysine N-methyltransferase, H3 lysine-9 specific 3",0.44,0.274,0.134,0.036,0.224,0.057,0.45,0.156,0.268,0.488,0.437
"Lysine-specific histone demethylase 1",0.069,0.258,0.263,0.003,0.184,0.135,0.188,0.286,0.011,0.16,0.321
"Alpha-synuclein",0.013,0.172,0.178,0.042,0.199,0.452,0.341,0.221,0.292,0.445,0.479
"Tankyrase-2",0.325,0.287,0.186,0.536,0.175,0.077,0.49,0.454,0.152,0.097,0.385
"Tankyrase-1",0.039,0.052,0.187,0.362,0.245,0.316,0.121,0.02,0.33,0.144,0.351
"Mitogen-activated protein kinase kinase kinase kinase 4",0.286,0.121,0.465,0.118,0.27,0.421,0.255,0.299,0.024,0.229,0.472
"Lysine-specific demethylase 4C",0.306,0.015,0.1,0.082,0.523,0.138,0.219,0.004,0.057,0.061,0.374
