"","EGFR","Hypoxia","JAK.STAT","MAPK","NFkB","PI3K","TGFb","TNFa","Trail","VEGF","p53"
"Arginase-1",1,1,1,1,1,1,1,1,1,1,1
"Leucine-rich repeat serine/threonine-protein kinase 2",1,1,1,1,0.996559523809524,1,1,1,1,1,1
"Tyrosyl-DNA phosphodiesterase 1",0.0996559523809524,1,1,1,1,1,1,1,1,1,1
"Transitional endoplasmic reticulum ATPase",1,0.637798095238095,1,1,0.637798095238095,0.637798095238095,1,0.637798095238095,1,1,0.637798095238095
"Glucokinase regulatory protein",0.465061111111111,0.925969890873016,1,0.465061111111111,0.797247619047619,0.925969890873016,0.797247619047619,0.836002711640212,1,1,0.465061111111111
"Pyruvate kinase isozymes M1/M2",1,1,1,0.930122222222222,0.775101851851852,1,1,0.514889087301587,1,1,0.514889087301587
"Transient receptor potential cation channel subfamily M member 8",1,0.43184246031746,1,1,1,1,1,1,1,1,1
"G-protein coupled receptor 55",0.52319375,0.282358531746032,1,0.604579444444444,0.310040740740741,1,0.730810317460317,0.0996559523809524,1,0.792502097505669,1
"Endoplasmin",0.465061111111111,0.409696693121693,0.682827821869489,0.564717063492063,0.409696693121693,0.682827821869489,0.682827821869489,0.491636031746032,1,0.409696693121693,1
"Serine/threonine-protein kinase/endoribonuclease IRE1",0.27682208994709,0.27682208994709,1,0.837848192239859,0.837848192239859,0.27682208994709,1,0.837848192239859,0.837848192239859,0.556412400793651,0.837848192239859
"NADPH oxidase 4",0.440147123015873,1,1,0.83711,0.232530555555556,1,1,0.232530555555556,1,1,0.440147123015873
"Ketohexokinase",1,0.415233134920635,0.901649092970522,0.901649092970522,0.901649092970522,1,1,0.901649092970522,1,0.901649092970522,0.415233134920635
"Lethal(3)malignant brain tumor-like protein 1",1,0.996559523809524,0.841539153439153,0.199311904761905,0.841539153439153,0.310040740740741,0.841539153439153,0,1,1,1
"Microtubule-associated protein tau",1,0.55364417989418,1,0.81717880952381,0.55364417989418,1,1,0.55364417989418,1,1,0.81717880952381
"15-hydroxyprostaglandin dehydrogenase [NAD+]",0.736346759259259,0.315577182539683,1,0.736346759259259,0.323881845238095,0.323881845238095,1,0.0664373015873016,1,1,1
"G-protein coupled receptor 35",0.279036666666667,0.0498279761904762,0.321113624338624,0.517261848072562,0.0498279761904762,1,0.585478720238095,0.0996559523809524,1,1,0.257444543650794
"ATP-sensitive inward rectifier potassium channel 1",1,1,1,1,1,1,1,1,1,1,1
"Neuropeptides B/W receptor type 1",1,1,1,1,1,1,1,1,1,1,1
"Nuclear receptor ROR-gamma",1,1,1,1,1,1,1,1,1,1,1
"DNA topoisomerase I",1,1,1,1,1,1,1,1,1,1,1
"Farnesyl diphosphate synthase",0.564717063492064,1,1,0.564717063492064,1,1,1,1,1,1,1
"Glucagon-like peptide 1 receptor",0.232530555555556,0.265749206349206,0.822161607142857,1,1,1,0.863684920634921,1,1,0.232530555555556,1
"Endothelin receptor ET-B",1,1,1,1,0.752956084656085,1,1,0.166093253968254,1,1,0.752956084656085
"Steroid 5-alpha-reductase 1",1,0.930122222222222,1,1,1,1,1,1,1,1,1
"Vasopressin V2 receptor",0.938426884920635,0.938426884920635,1,1,0.199311904761905,1,0.631154365079365,0.199311904761905,0.89136712962963,0.43184246031746,0.89136712962963
"Somatostatin receptor 5",0.705896329365079,0.705896329365079,1,1,1,1,0.705896329365079,0.705896329365079,1,1,1
"Histone-lysine N-methyltransferase, H3 lysine-79 specific",0.265749206349206,1,1,1,1,1,1,1,1,1,1
"Bromodomain-containing protein 3",1,0.896903571428571,1,1,0.896903571428571,1,1,0.0996559523809524,1,1,1
"Cysteinyl leukotriene receptor 1",0.913512896825397,0.631154365079365,0.631154365079365,0.631154365079365,1,1,1,1,1,1,1
"Plasminogen",0.232530555555556,0.70866455026455,0.70866455026455,1,0.43184246031746,1,1,1,0.70866455026455,1,0.70866455026455
"Leukocyte adhesion glycoprotein LFA-1 alpha",1,1,1,1,1,1,1,1,1,1,1
"Somatostatin receptor 2",0.0332186507936508,1,1,1,1,1,1,1,1,1,1
"Muscarinic acetylcholine receptor M4",1,1,1,1,1,1,1,1,1,1,1
"Inosine-5'-monophosphate dehydrogenase 1",1,0.415233134920635,0.940087817460317,0.940087817460317,0.440147123015873,0.842923263888889,0.842923263888889,0.597935714285714,0.842923263888889,0.415233134920635,0.440147123015873
"Receptor protein-tyrosine kinase erbB-2",0.842923263888889,0.409696693121693,1,0.409696693121693,0.249139880952381,0.409696693121693,1,0.409696693121693,0.867375881834215,0.249139880952381,0.469806632653061
"TNF-alpha",1,1,1,1,1,1,1,1,1,1,1
"Phosphodiesterase 5A",0.498279761904762,0.883616111111111,1,0.498279761904762,0.498279761904762,1,1,0.788942956349206,1,1,1
"Serotonin 2b (5-HT2b) receptor",1,1,1,1,1,1,1,1,1,1,1
"Thromboxane-A synthase",0.12456994047619,0.12456994047619,0.535189373897707,0.12456994047619,0.143947486772487,0.12456994047619,0.993539646464647,0.143947486772487,0.979950198412698,0.35294816468254,0.279985770975057
"Prostanoid EP4 receptor",0.684304206349206,0.506584424603175,1,0.89136712962963,0.166093253968254,1,1,0.365405158730159,1,0.506584424603175,1
"Dopamine D5 receptor",0.484992301587302,0.415233134920635,0.415233134920635,0.930122222222222,0.559180621693122,1,1,0.484992301587302,1,1,0.484992301587302
"Somatostatin receptor 4",1,0.797247619047619,1,0.797247619047619,1,1,1,0.797247619047619,0.797247619047619,0.797247619047619,1
"Gonadotropin-releasing hormone receptor",0.606240376984127,0.606240376984127,1,0.606240376984127,0.606240376984127,1,0.996559523809524,0.637798095238095,1,1,1
"4-hydroxyphenylpyruvate dioxygenase",0.12180171957672,0.340491170634921,1,0.352117698412698,0.0996559523809524,1,1,0.12180171957672,1,1,1
"Tyrosine-protein kinase ABL",1,0.232530555555556,1,1,1,1,1,1,1,1,0.348795833333333
"Vascular endothelial growth factor receptor 1",1,1,1,1,1,1,1,1,1,1,1
"Tissue-type plasminogen activator",1,0.943409682539682,0.943409682539682,0.943409682539682,1,1,1,1,1,0.943409682539682,0.943409682539682
"Calcium sensing receptor",1,1,1,1,1,1,1,1,1,1,1
"Neuronal acetylcholine receptor protein alpha-4 subunit",0.656991093474427,0.656991093474427,0.780638293650794,0.656991093474427,0.656991093474427,0.954281240981241,0.656991093474427,0.656991093474427,0.656991093474427,0.656991093474427,0.656991093474427
"Potassium channel, inwardly rectifying, subfamily J, member 11",1,1,1,1,1,1,1,1,1,1,1
"Vasopressin V1a receptor",1,1,1,1,1,1,1,1,1,1,1
"Glutamate carboxypeptidase II",1,1,1,1,1,1,1,1,1,1,1
"Serotonin 1b (5-HT1b) receptor",0.857041190476191,0.0332186507936508,0.43184246031746,1,1,1,1,0.705896329365079,1,0.465061111111111,1
"Serotonin 3a (5-HT3a) receptor",0.298967857142857,1,1,0.506584424603175,0.298967857142857,1,1,0.506584424603175,1,1,1
"Aldose reductase",1,1,1,1,1,1,1,1,1,1,1
"Glutamate [NMDA] receptor subunit epsilon 2",1,0.896903571428571,1,1,1,1,1,1,1,1,1
"Serine/threonine-protein kinase RAF",0.740301360544218,0.232530555555556,1,0.249139880952381,0.740301360544218,0.740301360544218,1,0.740301360544218,1,1,0.740301360544218
"Aminopeptidase N",0.631154365079365,1,1,1,0.315577182539683,1,1,0.315577182539683,1,1,1
"Cytochrome P450 11B1",1,1,1,1,1,1,1,1,1,1,1
"Butyrylcholinesterase",0.963340873015873,0.963340873015873,0.963340873015873,0.963340873015873,0.963340873015873,0.963340873015873,0.963340873015873,0.963340873015873,0.963340873015873,1,0.963340873015873
"Alpha-2c adrenergic receptor",0.896903571428571,0.896903571428571,0.896903571428571,0.896903571428571,1,0.896903571428571,0.896903571428571,0.83046626984127,0.896903571428571,0.903547301587302,0.896903571428571
"Melatonin receptor 1A",1,1,1,1,1,1,1,1,1,1,1
"Melatonin receptor 1B",0.285680396825397,0.285680396825397,0.793095287698413,0.285680396825397,0.285680396825397,0.867375881834215,0.498279761904762,1,1,0.793095287698413,0.285680396825397
"Thyroid hormone receptor beta-1",1,1,1,1,1,1,1,1,1,1,1
"Cyclophilin A",1,1,1,1,1,1,1,1,1,1,1
"Thymidylate synthase",1,1,1,1,1,1,1,0.697591666666667,1,1,1
"Vascular endothelial growth factor receptor 3",1,0.730810317460317,1,1,1,1,1,0.730810317460317,1,1,0.730810317460317
"Insulin-like growth factor I receptor",0.685134672619048,0.727119356261023,0.685134672619048,0.685134672619048,0.780638293650794,0.332186507936508,0.685134672619048,0.685134672619048,0.685134672619048,1,0.685134672619048
"Epoxide hydrolase 1",1,1,1,1,1,1,1,1,1,1,0.597935714285714
"Tyrosine-protein kinase receptor FLT3",0.249139880952381,1,1,0.0996559523809524,0.298967857142857,1,0.673864058956916,0.365405158730159,0.426306018518519,1,0.365405158730159
"Vitamin D receptor",1,0.298967857142857,1,1,1,1,1,1,1,1,1
"Cytochrome P450 19A1",0.0498279761904762,0.15502037037037,0.310040740740741,0.441333503401361,0.0332186507936508,0.930122222222222,0.631154365079365,0.166093253968254,0.61454503968254,0.310040740740741,1
"Insulin receptor",1,1,1,1,1,1,1,1,1,1,1
"Serotonin 1d (5-HT1d) receptor",1,0.376478042328042,1,1,1,0.376478042328042,0.988254861111111,0.376478042328042,1,1,1
"Inhibitor of nuclear factor kappa B kinase beta subunit",1,0.790603888888889,1,1,0.764028968253968,1,0.764028968253968,0.132874603174603,1,1,0.790603888888889
"Prostanoid IP receptor",1,1,1,1,1,1,1,1,1,1,1
"Equilibrative nucleoside transporter 1",0.838770932539683,0.838770932539683,1,1,0.548107738095238,1,1,0.548107738095238,1,1,1
"Purinergic receptor P2Y12",1,1,1,1,1,1,1,1,1,1,1
"Retinoic acid receptor gamma",1,0.332186507936508,1,0.855380257936508,0.841539153439153,1,1,0.841539153439153,1,1,1
"Platelet-derived growth factor receptor alpha",1,1,1,1,1,1,1,1,1,1,1
"Retinoic acid receptor beta",0.726064795918367,0.726064795918367,1,0.726064795918367,0.726064795918367,0.867375881834215,0.726064795918367,0.726064795918367,0.867375881834215,0.726064795918367,1
"Nociceptin receptor",0.340491170634921,1,1,0.340491170634921,0,1,1,0,1,0.757385238095238,1
"Dihydrofolate reductase",0.664373015873016,1,1,1,0.664373015873016,1,1,0.664373015873016,1,1,1
"Epidermal growth factor receptor erbB1",1,1,1,1,1,1,1,1,1,1,1
"Muscarinic acetylcholine receptor M5",1,1,1,1,1,1,1,1,1,1,1
"Peptidyl-prolyl cis-trans isomerase FKBP5",1,1,1,1,0.083046626984127,1,1,0.0664373015873016,1,1,1
"Retinoic acid receptor alpha",1,1,1,1,0.979950198412698,1,1,1,1,0.764028968253968,1
"Estrogen receptor alpha",1,1,1,1,1,1,1,1,1,1,1
"Beta-2 adrenergic receptor",0.0664373015873016,1,1,1,0.166093253968254,0.852612037037037,0.852612037037037,1,1,0.852612037037037,0.852612037037037
"Cyclin T1",1,1,1,1,1,1,1,0.531498412698413,1,1,1
"Muscarinic acetylcholine receptor M2",0.916834761904762,1,0.916834761904762,0.916834761904762,1,1,1,1,1,0.916834761904762,0.916834761904762
"Beta-1 adrenergic receptor",1,1,1,1,1,1,1,1,1,1,1
"Dopamine D2 receptor",0.744097777777778,0.744097777777778,0.858148478835979,0.542571296296296,0.542571296296296,1,1,0.43184246031746,1,1,1
"Beta-glucocerebrosidase",0.0332186507936508,0.0415233134920635,0.564717063492063,0.0415233134920635,0,0.304504298941799,0.668525347222222,0.0597935714285714,1,1,0.697591666666667
"Motilin receptor",1,0.933813183421517,0.888598908730159,0.888598908730159,0.841539153439153,0.857041190476191,0.989915793650794,0.857041190476191,0.888598908730159,0.841539153439153,0.841539153439153
"MAP kinase-activated protein kinase 2",1,0.0664373015873016,1,1,1,1,1,1,1,1,1
"Cyclooxygenase-1",1,1,1,1,1,1,1,1,1,1,1
"Norepinephrine transporter",1,1,1,1,0.697591666666667,1,1,0.780638293650794,1,0.907976455026455,1
"Anandamide amidohydrolase",0.166093253968254,0.627002033730159,0.627002033730159,0.323881845238095,0.166093253968254,0.727119356261023,1,0.232530555555556,0.627002033730159,0.544785873015873,0.910191031746032
"Serotonin 2c (5-HT2c) receptor",0.445129920634921,0.445129920634921,1,0.445129920634921,0.182702579365079,1,0.697591666666667,0.166093253968254,1,0.896903571428571,0.697591666666667
"Dipeptidyl peptidase I",1,1,1,1,1,1,1,1,1,1,1
"Serotonin transporter",0.971645535714286,1,1,0.971645535714286,0.971645535714286,0.971645535714286,0.971645535714286,1,0.971645535714286,0.971645535714286,0.971645535714286
"Peroxisome proliferator-activated receptor alpha",1,1,1,1,1,1,1,1,1,1,1
"HERG",0.974413756613757,0.974413756613757,1,0.974413756613757,1,1,1,1,1,1,1
"Epoxide hydratase",1,1,1,1,1,1,1,1,1,1,1
"Phosphodiesterase 3A",0.55364417989418,0.869221362433862,0.969380627705628,0.869221362433862,0.55364417989418,0.969380627705628,0.869221362433862,0.43184246031746,0.969380627705628,0.969380627705628,0.969380627705628
"C-C chemokine receptor type 1",0.591291984126984,0.678609580498866,0.678609580498866,0.506584424603175,0.506584424603175,1,0.298967857142857,1,1,1,0.166093253968254
"C-C chemokine receptor type 4",0.780638293650794,1,1,1,1,0.551429603174603,0.551429603174603,0.551429603174603,1,0.551429603174603,0.551429603174603
"Estrogen receptor beta",0.21592123015873,0.132874603174603,0.221457671957672,0.240835218253968,1,1,1,1,1,1,1
"Glyoxalase I",0.487206878306878,0.0332186507936508,0.487206878306878,0.73911498015873,1,0.84470283446712,0.83711,0.959649911816579,1,0.959649911816579,0.84470283446712
"Myosin light chain kinase, smooth muscle",1,1,1,1,1,1,1,1,1,1,1
"Serine/threonine-protein kinase AKT2",1,1,1,1,1,1,1,1,1,1,1
"Interleukin-8 receptor B",0.752956084656085,0.752956084656085,1,1,0.752956084656085,0.752956084656085,1,1,1,0.752956084656085,0.752956084656085
"Myeloperoxidase",0.604579444444444,0.514889087301587,1,0.904285493827161,0.39862380952381,0.604579444444444,0.904285493827161,0.808320502645503,0.904285493827161,0.604579444444444,1
"Coagulation factor X",0.996559523809524,1,1,1,1,1,1,1,1,1,1
"Deoxycytidine kinase",1,1,1,1,1,1,1,1,1,1,1
"Muscarinic acetylcholine receptor M3",0.0664373015873016,0.290663194444444,1,0.816229705215419,0.199311904761905,0.816229705215419,0.816229705215419,0.0664373015873016,1,1,1
"Beta-3 adrenergic receptor",1,1,1,1,1,1,1,1,1,1,1
"Death-associated protein kinase 3",0.348795833333333,1,1,1,0.199311904761905,1,0.531498412698413,0.481670436507937,1,0.481670436507937,1
"Methionine aminopeptidase 1",1,1,1,1,1,1,0.199311904761905,1,1,1,1
"Leukocyte elastase",0.514889087301587,1,0.974413756613757,0.282358531746032,0.282358531746032,1,1,0.514889087301587,1,1,0.544785873015873
"Beta amyloid A4 protein",0.0166093253968254,0.622849702380952,0.622849702380952,0.0166093253968254,0.0747419642857143,1,1,0.0747419642857143,0.622849702380952,0.622849702380952,1
"Neurokinin 1 receptor",1,0.647763690476191,1,0.82382253968254,0.664373015873016,1,1,0.82382253968254,1,0.647763690476191,1
"Neuronal acetylcholine receptor protein alpha-7 subunit",0.27682208994709,0.645390929705215,0.847075595238095,0.948241486291486,0.27682208994709,0.27682208994709,0.27682208994709,0.948241486291486,0.867375881834215,0.27682208994709,0.27682208994709
"Adenosine A2a receptor",0.944358786848073,1,0.944358786848073,1,0.896903571428571,1,0.941195105820106,0.944358786848073,1,0.944358786848073,0.896903571428571
"Endothelin receptor ET-A",0.597935714285714,0.0332186507936508,0.597935714285714,1,0.597935714285714,1,1,0.597935714285714,1,1,1
"Beta secretase 2",1,1,1,1,0.631154365079365,1,1,0.631154365079365,1,1,1
"Serine/threonine-protein kinase Chk2",0.332186507936508,1,1,0.664373015873016,1,1,1,1,0.930122222222222,1,1
"Cannabinoid CB2 receptor",1,0.556412400793651,0.930122222222222,0.556412400793651,1,0.556412400793651,1,1,0.556412400793651,1,1
"3-phosphoinositide dependent protein kinase-1",1,0.642227248677249,1,0.717522857142857,0.642227248677249,1,1,0.465061111111111,1,1,0.717522857142857
"Phospholipase D1",0.81717880952381,1,1,0.81717880952381,0.81717880952381,1,1,1,0.81717880952381,1,0.81717880952381
"Phosphodiesterase 4A",0.999881388888889,0.999881388888889,0.999881388888889,0.901649092970522,0.901649092970522,1,0.901649092970522,0.901649092970522,0.901649092970522,0.901649092970522,0.901649092970522
"Adenosine A2b receptor",0.0996559523809524,0.0996559523809524,0.252461746031746,0.450824546485261,0.252461746031746,0.252461746031746,1,1,1,0.450824546485261,0.963340873015873
"Carboxypeptidase B",1,1,1,1,0.930122222222222,1,1,1,1,1,1
"Adenosine A3 receptor",0.773520011337869,0.764028968253968,0.764028968253968,0.803891349206349,0.764028968253968,0.806307251082251,0.803891349206349,0.773520011337869,0.803891349206349,0.773520011337869,0.773520011337869
"Histone deacetylase 5",1,1,1,1,1,1,1,1,1,1,1
"Liver glycogen phosphorylase",1,1,1,1,0.896903571428571,1,1,1,1,1,1
"Tyrosine-protein kinase LCK",1,1,1,1,1,1,1,1,1,1,1
"Cathepsin D",1,0.43184246031746,1,1,1,1,1,1,1,1,1
"Melanocortin receptor 4",1,1,1,1,1,1,1,1,1,1,1
"Peptide N-myristoyltransferase 1",0.365405158730159,1,1,0.988254861111111,0.0664373015873016,1,1,0.21592123015873,1,1,1
"Tyrosine-protein kinase SYK",1,1,1,1,0.896903571428571,1,1,0.764028968253968,1,1,1
"MAP kinase p38 alpha",0.0166093253968254,0.0863684920634921,0.409696693121693,0.0498279761904762,0.0166093253968254,1,1,0.0498279761904762,1,0.811484183673469,1
"Carbonic anhydrase I",0.0664373015873016,0.775101851851852,1,0.764028968253968,1,1,1,1,1,1,1
"Furin",0.870328650793651,0.43184246031746,1,0.870328650793651,1,1,1,1,0.870328650793651,0.870328650793651,1
"Tryptase beta-1",1,1,1,1,1,1,1,1,1,1,1
"Glycogen synthase kinase-3 beta",1,1,1,1,0.664373015873016,1,1,0.664373015873016,1,1,1
"Dual specificity protein phosphatase 3",1,1,1,1,1,1,0.83046626984127,1,1,1,1
"c-Jun N-terminal kinase 3",1,0.622849702380952,0.98548664021164,0.622849702380952,0.622849702380952,1,0.98548664021164,0.622849702380952,1,1,1
"Histamine H3 receptor",0.465061111111111,1,1,1,1,1,1,1,1,1,1
"Phosphodiesterase 2A",0.0498279761904762,1,0.887412528344671,0.385336349206349,0.174397916666667,0.978104717813051,0.174397916666667,0.0498279761904762,0.978104717813051,1,0.725273875661376
"Adenosylhomocysteinase",1,1,1,1,1,1,1,1,1,1,1
"Tyrosine-protein kinase SRC",1,1,1,1,1,1,1,1,1,1,1
"Cathepsin K",1,1,1,1,1,1,1,1,1,1,1
"Macrophage-stimulating protein receptor",1,1,1,1,1,1,1,1,1,1,1
"Cystinyl aminopeptidase",1,1,1,1,1,1,1,1,1,1,1
"Focal adhesion kinase 1",1,1,1,1,1,1,1,1,1,1,1
"Mitogen-activated protein kinase kinase kinase 11",0.332186507936508,1,0.348795833333333,0.332186507936508,0.332186507936508,1,1,1,1,1,1
"Histone deacetylase 7",0.107960615079365,0.510736755952381,0.107960615079365,0.107960615079365,1,1,1,0.107960615079365,0.426306018518519,0.132874603174603,0.510736755952381
"Phosphodiesterase 11A",1,1,1,1,1,0.597935714285714,1,0.597935714285714,1,1,1
"Cytochrome P450 11B2",0.66806397707231,0.502432093253968,0.953375277777778,0.39862380952381,0.0332186507936508,0.298967857142857,0.298967857142857,0.298967857142857,0.972400505050505,0.393087367724868,0.21592123015873
"Protein-glutamine gamma-glutamyltransferase",0.73911498015873,0.0332186507936508,1,0.338830238095238,0.338830238095238,0.338830238095238,0.721319274376417,0.520425529100529,0.974413756613757,0.265749206349206,1
"Phospholipase D2",0,0.0498279761904762,0.166093253968254,0.0747419642857143,0.055364417989418,0.354332275132275,0.690947936507937,0.166093253968254,0.694571789321789,0.251512641723356,0.354332275132275
"Metabotropic glutamate receptor 4",1,1,1,1,1,1,1,1,1,1,1
"C-C chemokine receptor type 5",0.0332186507936508,0.083046626984127,0.957301118326118,0.21592123015873,0.0332186507936508,0.674338611111111,0.21592123015873,0.0664373015873016,0.583171869488536,0.583171869488536,0.441333503401361
"Fibroblast growth factor receptor 3",0.132874603174603,0.182702579365079,1,0.624510634920635,0.741883201058201,1,0.624510634920635,1,1,0.624510634920635,1
"Phosphodiesterase 4B",1,1,1,1,1,1,1,1,1,1,1
"Ileal bile acid transporter",1,1,1,1,1,1,1,1,1,1,1
"Integrin alpha-4",1,0.43184246031746,1,1,0.487206878306878,1,1,0.487206878306878,1,1,1
"Sodium/hydrogen exchanger 1",0.0249139880952381,0.999881388888889,0.996559523809524,0.0221457671957672,0.0166093253968254,0.991023082010582,0.999881388888889,0,0.991023082010582,1,0.999881388888889
"Acyl coenzyme A:cholesterol acyltransferase 1",1,1,1,1,1,1,1,1,1,1,1
"Estradiol 17-beta-dehydrogenase 2",1,0.498279761904762,1,1,1,0.498279761904762,1,1,1,1,0.609008597883598
"Vascular endothelial growth factor receptor 2",0.564717063492063,1,1,1,0.315577182539683,1,1,0.315577182539683,1,1,1
"Matrix metalloproteinase 13",1,0.0332186507936508,0.365405158730159,0.957804431216931,1,1,1,0.957804431216931,0.957804431216931,1,0.957804431216931
"Tyrosine-protein kinase ZAP-70",0.199311904761905,1,1,0.199311904761905,0.182702579365079,1,1,0.182702579365079,0.777316428571429,1,1
"LXR-alpha",1,1,1,1,1,1,1,1,1,1,1
"Protein-glutamine gamma-glutamyltransferase K",0.489975099206349,0.0996559523809524,0.489975099206349,1,1,1,1,1,1,1,0.489975099206349
"Nerve growth factor receptor Trk-A",1,1,1,1,1,1,1,1,1,1,1
"Coagulation factor XI",0.752956084656085,1,1,1,0.752956084656085,1,1,0.905208234126984,1,1,0.752956084656085
"Casein kinase I delta",0.292324126984127,0.0332186507936508,1,0.292324126984127,0.292324126984127,0.609008597883598,1,1,0.813856944444445,0.813856944444445,0.292324126984127
"Matrix metalloproteinase 3",0.365405158730159,0.365405158730159,0.365405158730159,0.657729285714286,0.915885657596372,1,1,1,1,0.657729285714286,0.915885657596372
"Tyrosine-protein kinase JAK1",0.773520011337869,0.773520011337869,0.971645535714286,1,0.773520011337869,1,0.773520011337869,0.773520011337869,0.773520011337869,1,0.773520011337869
"Dipeptidyl peptidase IV",0.669909457671958,0.669909457671958,0.669909457671958,1,0.669909457671958,1,0.669909457671958,1,1,0.977577437641723,0.669909457671958
"Serine/threonine-protein kinase mTOR",1,1,1,1,1,1,0.896903571428571,0.896903571428571,1,1,1
"Glycogen synthase kinase-3 alpha",1,0.298967857142857,1,1,1,1,1,0.896903571428571,1,1,1
"Renin",0.440147123015873,0.440147123015873,1,0.604579444444444,1,1,1,1,1,0.440147123015873,0.440147123015873
"Sigma opioid receptor",0.841539153439153,1,0.841539153439153,0.963340873015873,1,0.841539153439153,1,1,1,1,1
"Mitogen-activated protein kinase kinase kinase 9",1,1,1,1,1,1,1,1,1,1,1
"Phosphodiesterase 4D",0.310040740740741,0.199311904761905,1,0.310040740740741,1,1,1,1,1,1,1
"Carbonic anhydrase III",1,0.631154365079365,1,1,0.531498412698413,1,1,0.631154365079365,1,1,0.822161607142857
"Hematopoietic cell protein-tyrosine phosphatase 70Z-PEP",0,0.110728835978836,1,0.174397916666667,0.0332186507936508,1,0.254676322751323,0.270494727891156,1,0.743267311507936,0.179380714285714
"Phosphodiesterase 3B",1,1,1,1,1,1,1,1,1,1,1
"Arachidonate 15-lipoxygenase",0.0664373015873016,0.631154365079365,1,1,1,1,1,1,1,1,1
"Phosphodiesterase 4C",0.12180171957672,0.531498412698413,1,0.531498412698413,0.12180171957672,0.61454503968254,0.934867743764172,0.12180171957672,0.967493204365079,1,1
"Telomerase reverse transcriptase",1,1,1,1,1,1,1,1,1,1,1
"Protein kinase C gamma",1,1,1,1,1,1,1,1,1,1,1
"Cathepsin S",1,1,1,1,1,1,1,1,1,1,1
"Sphingosine 1-phosphate receptor Edg-5",1,1,1,1,1,1,1,1,1,1,1
"Tyrosine-protein kinase ITK/TSK",1,1,1,1,1,1,1,1,1,1,1
"Dual specificity mitogen-activated protein kinase kinase 2",1,0.611223174603175,0.611223174603175,0.611223174603175,1,1,0.611223174603175,0.764028968253968,1,1,0.611223174603175
"Tyrosine-protein kinase JAK2",1,1,1,1,0.39862380952381,1,1,1,1,1,1
"Rho-associated protein kinase 2",1,1,1,1,1,1,1,1,1,1,1
"Cholecystokinin B receptor",0.773994563492064,0.332186507936508,0.773994563492064,0.332186507936508,0.773994563492064,0.773994563492064,0.773994563492064,0.773994563492064,1,0.642227248677249,0.773994563492064
"Protein kinase C alpha",0.570253505291005,1,0.773520011337869,0.570253505291005,0.913512896825397,0.570253505291005,1,0.570253505291005,0.570253505291005,0.570253505291005,1
"Protein kinase C delta",1,1,1,1,1,1,1,1,1,1,0.298967857142857
"P2X purinoceptor 3",0.903547301587302,0.597935714285714,0.597935714285714,0.903547301587302,0.597935714285714,0.597935714285714,0.597935714285714,0.597935714285714,0.903547301587302,0.597935714285714,1
"Multidrug resistance-associated protein 1",1,0.43184246031746,1,1,1,1,1,0.852612037037037,1,1,0.852612037037037
"Receptor protein-tyrosine kinase erbB-4",1,1,1,1,1,1,1,1,1,1,1
"Cyclin-dependent kinase 2",0.503816203703704,0.110728835978836,0.132874603174603,0.616917800453515,0.0332186507936508,0.996559523809524,1,0.0332186507936508,1,0.847075595238095,0.503816203703704
"Phosphodiesterase 7A",0.874757804232804,0.874757804232804,0.874757804232804,1,1,1,0.996559523809524,0.874757804232804,0.874757804232804,0.901649092970522,0.874757804232804
"Matriptase",1,1,1,1,1,1,1,1,1,1,1
"Sphingosine kinase 2",0.627463403880071,0.15502037037037,0.292324126984127,0.435994791666667,0.0664373015873016,0.274053869047619,0.807213214285714,0.393878287981859,0.315577182539683,0.0664373015873016,1
"Serine/threonine-protein kinase PLK1",0.27682208994709,1,0.697591666666667,0.697591666666667,0.27682208994709,1,1,0.27682208994709,1,1,0.697591666666667
"Carbonic anhydrase VI",0.42519873015873,0.485822767857143,0.474552154195011,1,0.0332186507936508,0.474552154195011,0.287894973544974,1,1,0.0664373015873016,0.42519873015873
"Protein kinase C beta",0.476133994708995,0.597935714285714,1,0.597935714285714,0.52319375,1,1,0.476133994708995,1,1,0.476133994708995
"Cyclin-dependent kinase 7",0.90936056547619,0.282358531746032,1,0.90936056547619,0.90936056547619,0.90936056547619,0.90936056547619,0.90936056547619,1,1,0.0332186507936508
"Glycine transporter 2",1,0.409696693121693,1,1,0.409696693121693,0.847075595238095,1,1,1,0.409696693121693,1
"Cyclin-dependent kinase 1",0,1,0.542571296296296,0.816229705215419,0.0664373015873016,1,1,0.373709821428571,0.373709821428571,0.542571296296296,0.896903571428571
"Excitatory amino acid transporter 1",1,1,1,1,1,1,1,1,1,1,1
"Plasma retinol-binding protein",0.0664373015873016,1,0.871989583333333,0.465061111111111,0.871989583333333,0.913512896825397,1,1,1,1,0.913512896825397
"Poly [ADP-ribose] polymerase-1",1,1,1,1,0.0664373015873016,1,1,0,1,1,1
"Thymidine phosphorylase",1,1,1,1,1,1,1,1,1,1,1
"Cyclin-dependent kinase 9",0.478348571428571,0.664373015873016,0.478348571428571,1,0.478348571428571,1,1,0.478348571428571,0.478348571428571,1,0.811484183673469
"PI3-kinase p110-delta subunit",0.700913531746032,0.43184246031746,0.700913531746032,0.520425529100529,0.764028968253968,0.700913531746032,0.700913531746032,0.700913531746032,0.647763690476191,0.520425529100529,0.700913531746032
"DNA-dependent protein kinase",0.680982341269841,1,0.680982341269841,0.680982341269841,0.870328650793651,0.680982341269841,1,1,1,1,1
"PI3-kinase p110-beta subunit",1,1,1,1,0.21592123015873,1,1,0.199311904761905,1,1,1
"Serotonin 7 (5-HT7) receptor",1,1,0.98548664021164,0.98548664021164,0.98548664021164,1,1,1,1,1,1
"Bradykinin B2 receptor",1,1,1,1,1,1,1,1,1,1,1
"Protein-tyrosine phosphatase 1C",0.684304206349206,0.808320502645503,0.684304206349206,1,0.415233134920635,1,1,0.0664373015873016,1,1,0.453988227513228
"Carboxylesterase 2",0.531498412698413,0.680982341269841,0.852612037037037,1,0.680982341269841,0.680982341269841,0.852612037037037,1,1,1,1
"Estradiol 17-beta-dehydrogenase 1",0.0996559523809524,1,1,0.996559523809524,0.514889087301587,1,1,1,1,1,1
"Histone deacetylase 8",0.232530555555556,1,1,1,0.465061111111111,1,1,1,1,1,1
"Prolyl endopeptidase",0,0.584648253968254,1,0.584648253968254,1,1,1,0.584648253968254,1,0.686518783068783,0.584648253968254
"Matrix metalloproteinase 9",1,0.87614191468254,0.604579444444444,0.290663194444444,0.166093253968254,0.721319274376417,1,0.166093253968254,0.721319274376417,1,0.166093253968254
"CD22",0.465061111111111,0.465061111111111,0.76956541005291,0.76956541005291,1,1,1,1,1,0.465061111111111,0.76956541005291
"Metabotropic glutamate receptor 5",1,1,1,1,1,1,1,1,1,1,1
"Sphingosine 1-phosphate receptor Edg-6",1,1,1,1,1,1,1,1,1,1,1
"Rho-associated protein kinase 1",1,0.719737433862434,0.780638293650794,0.979950198412698,1,0.979950198412698,0.719737433862434,0.719737433862434,1,0.979950198412698,0.783960158730159
"Tyrosine-protein kinase HCK",0.697591666666667,0.365405158730159,0.764028968253968,1,0.697591666666667,0.697591666666667,1,0.834618601190476,1,0.730810317460317,0.730810317460317
"Carbonic anhydrase XII",1,0.868430442176871,1,0.905208234126984,0.70866455026455,0.868430442176871,0.61454503968254,0.43184246031746,0.868430442176871,1,0.797247619047619
"Histone deacetylase 1",0.460315589569161,0.460315589569161,1,0.460315589569161,0.460315589569161,0.689287003968254,0.460315589569161,0.460315589569161,0.786174735449735,0.460315589569161,0.989915793650794
"Lysophosphatidic acid receptor Edg-7",1,1,1,1,1,1,1,1,1,1,1
"PI3-kinase p110-gamma subunit",0.797247619047619,0.166093253968254,1,0.809704613095238,0.797247619047619,0.797247619047619,1,0.382014484126984,1,0.809704613095238,0.809704613095238
"PI4-kinase beta subunit",1,1,1,1,1,1,1,1,1,1,1
"Cathepsin L2",1,1,1,1,1,1,1,1,1,1,1
"Urokinase-type plasminogen activator",0.76956541005291,0.76956541005291,0.76956541005291,0.966662738095238,0.76956541005291,0.778265532879819,0.966662738095238,0.76956541005291,0.76956541005291,0.966662738095238,1
"Testis-specific androgen-binding protein",0.920631179138322,1,0.920631179138322,0.920631179138322,0.920631179138322,0.920631179138322,0.920631179138322,0.920631179138322,1,1,1
"Caspase-6",0.764028968253968,0.923478492063492,1,1,1,0.764028968253968,1,0.747419642857143,0.747419642857143,1,1
"Cyclin-dependent kinase 4",0.257444543650794,0.503816203703704,1,0.232530555555556,0.0996559523809524,1,0.996559523809524,0.232530555555556,1,0.616917800453515,0.503816203703704
"Histone deacetylase 11",0.930122222222222,0.874757804232804,0.930122222222222,0.930122222222222,0.83046626984127,0.930122222222222,1,1,0.874757804232804,0.930122222222222,1
"Sodium-dependent proline transporter",0.132874603174603,0.930122222222222,1,0.930122222222222,0.930122222222222,0.930122222222222,1,0.930122222222222,0.948577028218695,0.564717063492064,0.919049338624339
"Matrix metalloproteinase-1",0.379641723356009,0.199311904761905,1,0.27682208994709,0.298967857142857,0.511567222222222,0.511567222222222,0.199311904761905,0.298967857142857,0.298967857142857,0.511567222222222
"Matrix metalloproteinase-2",1,1,1,1,1,1,1,1,1,1,1
"Protein-tyrosine phosphatase 1B",1,1,1,1,1,1,1,1,1,1,1
"Acetyl-CoA carboxylase 1",1,1,1,1,1,1,1,1,1,1,1
"Serotonin 6 (5-HT6) receptor",1,0.12180171957672,1,1,0.116265277777778,1,1,0.116265277777778,1,1,1
"MAP kinase ERK1",0.132874603174603,1,1,1,0.465061111111111,1,0.83046626984127,1,1,1,1
"Cytochrome P450 2C9",1,1,1,1,1,1,1,1,1,1,1
"Probable G-protein coupled receptor 88",1,1,1,1,1,1,1,1,1,1,1
"Cytochrome P450 3A4",1,1,1,1,1,1,1,1,1,1,1
"Pregnane X receptor",0.764028968253968,1,1,1,0.348795833333333,1,1,0.0332186507936508,1,1,1
"Carboxypeptidase B2 isoform A",1,1,1,1,1,1,1,1,1,1,1
"Serotonin 5a (5-HT5a) receptor",1,1,1,1,1,1,1,1,1,1,1
"Estrogen-related receptor alpha",1,0.647763690476191,1,1,0.647763690476191,1,1,1,1,1,1
"Amine oxidase, copper containing",0.863684920634921,1,1,0.863684920634921,1,1,1,1,1,1,1
"Protein kinase C zeta",1,0.664373015873016,1,1,1,1,1,1,1,1,1
"Melanin-concentrating hormone receptor 1",1,1,1,1,1,1,1,1,1,1,1
"Caspase-7",1,1,1,1,1,1,1,1,1,1,1
"C-C chemokine receptor type 3",1,1,1,1,1,1,1,1,1,1,1
"Phospholipase A2 group IIA",1,1,1,1,1,1,1,1,1,1,1
"Plasminogen activator inhibitor-1",1,1,1,1,0.132874603174603,1,1,0.132874603174603,1,0.98548664021164,1
"Inhibitor of nuclear factor kappa B kinase alpha subunit",1,1,1,1,1,1,1,1,1,1,1
"Proteasome Macropain subunit",1,0.70866455026455,1,0.764028968253968,1,0.764028968253968,0.70866455026455,1,1,1,0.70866455026455
"Carbonic anhydrase XIV",1,1,1,1,1,1,1,1,1,1,1
"LDL-associated phospholipase A2",1,0.925376700680272,0.963340873015873,0.777316428571429,0.489975099206349,0.489975099206349,0.963340873015873,0.166093253968254,0.925376700680272,1,0.489975099206349
"Cytochrome P450 17A1",1,1,1,1,1,1,1,1,1,1,1
"Histone deacetylase 4",0.797247619047619,0.797247619047619,1,1,1,1,1,1,1,1,0.797247619047619
"Inhibitor of nuclear factor kappa B kinase epsilon subunit",0.983272063492064,1,0.983272063492064,1,1,1,1,0.983272063492064,0.983272063492064,1,0.983272063492064
"Phosphodiesterase 9A",1,1,1,1,1,1,1,1,1,1,1
"Tyrosine-protein kinase TYK2",1,1,1,1,1,1,1,1,1,1,1
"Steryl-sulfatase",1,1,1,1,1,1,1,1,1,1,1
"Nitric-oxide synthase, brain",0.199311904761905,1,1,0.27682208994709,0.27682208994709,1,1,1,1,1,1
"Cholesteryl ester transfer protein",1,0,1,1,1,1,1,1,1,1,1
"Protein kinase C epsilon",1,1,1,1,1,1,1,1,1,1,1
"Dual specificity mitogen-activated protein kinase kinase 1",0.597935714285714,0.232530555555556,1,1,0.597935714285714,0.664373015873016,1,1,1,1,1
"Adenosine kinase",0.0332186507936508,1,1,0.107960615079365,0.0332186507936508,1,1,0.055364417989418,1,1,0.83046626984127
"Hormone sensitive lipase",0.0083046626984127,0.502432093253968,0.857645165945166,0.0083046626984127,0.0083046626984127,0.265749206349206,0.820500674603175,0,0.820500674603175,0.126230873015873,0.502432093253968
"Carbonic anhydrase IX",0.700611544011544,0,0.55364417989418,0.626408843537415,0.465061111111111,0.700611544011544,0.465061111111111,0.700611544011544,0.700611544011544,0.465061111111111,0.465061111111111
"Protein kinase C eta",0.597935714285714,1,0.83995731292517,0.855380257936508,0.653300132275132,0.83995731292517,1,1,0.790603888888889,0.790603888888889,0.597935714285714
"Cytochrome P450 2C19",1,0.298967857142857,0.941195105820106,1,0.943409682539682,0.943409682539682,1,1,1,0.298967857142857,1
"Quinone reductase 1)",1,1,1,1,1,1,1,1,1,1,1
"Casein kinase II alpha",0.631154365079365,1,1,1,1,1,1,1,1,1,1
"Opioid growth factor receptor-like protein 1",0.859993959435626,0.859993959435626,0.859993959435626,0.859993959435626,0.953375277777778,0.764028968253968,0.764028968253968,0.764028968253968,1,0.859993959435626,0.764028968253968
"Kininogen-1",1,0.586862830687831,1,1,0.586862830687831,1,1,1,1,1,0.586862830687831
"Acetyl-coenzyme A transporter 1",1,0.132874603174603,0.702337188208617,0.805552281746032,0.702337188208617,0.702337188208617,0.702337188208617,0.232530555555556,1,0.702337188208617,1
"Fibroblast growth factor receptor 1",1,0.772333630952381,1,0.348795833333333,0.564717063492063,1,1,0.166093253968254,1,1,1
"PI4-kinase alpha subunit",0.597935714285714,0.787756575963719,0.265749206349206,1,0.787756575963719,1,1,1,0.787756575963719,0.265749206349206,0.787756575963719
"Arachidonate 12-lipoxygenase",1,1,1,1,1,1,1,1,1,1,1
"Autotaxin",1,1,1,1,1,1,1,1,1,1,1
"ADAM17",1,1,1,0.979950198412698,1,1,1,0.979950198412698,1,1,1
"Prostanoid EP3 receptor",1,1,1,1,1,1,1,1,1,1,1
"Hepatocyte growth factor receptor",0.520425529100529,0.597935714285714,1,0.597935714285714,0.520425529100529,0.520425529100529,1,0.874757804232804,0.642227248677249,0.656068353174603,0.656068353174603
"Carbonic anhydrase IV",1,0.786174735449735,1,1,0.888598908730159,0.786174735449735,1,0.786174735449735,1,1,1
"11-beta-hydroxysteroid dehydrogenase 2",0.82382253968254,0.82382253968254,1,0.83046626984127,0.82382253968254,1,1,0.82382253968254,1,1,0.82382253968254
"Histamine H4 receptor",1,0.43184246031746,1,0.43184246031746,1,1,1,0.863684920634921,1,0.863684920634921,0.43184246031746
"Beta-glucosidase",1,0.0664373015873016,1,1,0.199311904761905,1,1,0.199311904761905,1,1,1
"Urotensin II receptor",0.573021726190476,0.525961970899471,1,0.91166741622575,1,0.525961970899471,0.525961970899471,0.540989455782313,0.525961970899471,0.132874603174603,0.525961970899471
"Metabotropic glutamate receptor 1",0.43184246031746,0.0664373015873016,1,1,0.0332186507936508,1,1,0.343259391534392,1,0.524854682539683,1
"Dual specificity phosphatase Cdc25A",0,1,1,1,1,0.913512896825397,1,0.581326388888889,1,1,0.653300132275132
"Caspase-8",1,1,1,1,0.531498412698413,1,1,1,1,1,1
"Interleukin-1 receptor-associated kinase 4",1,1,1,1,1,1,1,1,1,1,1
"Histone acetyltransferase p300",0.705896329365079,1,1,1,0.705896329365079,1,1,0.705896329365079,1,0.705896329365079,1
"Hydroxycarboxylic acid receptor 2",1,1,1,1,1,1,1,1,1,1,1
"Serine/threonine-protein kinase PLK4",1,1,1,1,1,1,1,1,1,1,1
"Melanocortin receptor 1",1,0.365405158730159,0.586862830687831,0.697591666666667,0.365405158730159,0.415233134920635,1,1,0.415233134920635,0.697591666666667,0.586862830687831
"Calcitonin gene-related peptide type 1 receptor",0.680982341269841,0.680982341269841,1,0.757385238095238,0.697591666666667,0.697591666666667,1,1,0.953849829931973,0.869221362433862,1
"T-cell protein-tyrosine phosphatase",1,0.991023082010582,1,1,1,0.963340873015873,0.991023082010582,0.991023082010582,1,0.991023082010582,0.991023082010582
"Cytosolic phospholipase A2",1,1,1,1,1,1,1,1,1,1,1
"Hexokinase type IV",1,1,1,1,1,1,1,1,1,1,1
"Serine/threonine-protein kinase NEK2",0.920631179138322,0.232530555555556,0.83046626984127,0.409696693121693,0.981460137085137,0.232530555555556,0.981460137085137,0.981460137085137,0.920631179138322,0.83046626984127,0.981460137085137
"LIM domain kinase 1",0.801399950396825,0.232530555555556,0.801399950396825,0.801399950396825,1,0.801399950396825,0.232530555555556,0.70866455026455,0.801399950396825,1,1
"Cathepsin L",0.0664373015873016,1,1,0.950053412698413,0.21592123015873,1,0.950053412698413,0.950053412698413,1,1,1
"Protein kinase C mu",0.770672698412698,0.770672698412698,0.770672698412698,0.770672698412698,1,1,0.770672698412698,1,1,0.957804431216931,1
"Protein-tyrosine phosphatase 2C",1,1,1,1,1,1,1,1,1,1,1
"Matrix metalloproteinase 14",1,1,1,1,1,1,1,1,1,1,1
"Heat shock protein HSP 90-alpha",0,0.83046626984127,0.83046626984127,0.83046626984127,0.0775101851851852,0.83046626984127,0.083046626984127,1,1,1,0.0664373015873016
"Sodium/glucose cotransporter 2",0.298967857142857,1,1,1,0.963340873015873,1,1,1,1,1,1
"Calpain 1",0.484043197278912,0.387550925925926,1,0.387550925925926,1,0.387550925925926,1,0.387550925925926,0.387550925925926,0.365405158730159,1
"Sphingosine 1-phosphate receptor Edg-3",0.83046626984127,1,1,1,1,0.83046626984127,1,1,1,1,1
"Bone morphogenetic protein 1",1,1,1,1,1,1,1,1,1,1,1
"Glutathione S-transferase Pi",0.923478492063492,0.923478492063492,0.930122222222222,0.923478492063492,0.0166093253968254,1,1,0,1,1,1
"Tyrosine-protein kinase Lyn",1,0.913512896825397,1,0.92458578042328,0.92458578042328,1,0.92458578042328,0.982322959183673,1,0.913512896825397,0.92458578042328
"Ribosomal protein S6 kinase alpha 2",1,0.149483928571429,0.752956084656085,1,0.257444543650794,1,0.752956084656085,1,0.257444543650794,0.149483928571429,1
"Carbonic anhydrase XIII",1,1,1,1,1,1,1,0.963340873015873,0.963340873015873,0.963340873015873,0.963340873015873
"Complement C1s",1,1,1,1,1,1,1,1,1,1,1
"Protein kinase C theta",0.398623809523809,0.717522857142857,0.717522857142857,0.398623809523809,0.398623809523809,0.84470283446712,1,0.764028968253968,1,1,0.901055902777778
"Heparanase",0.243603439153439,0.584648253968254,0.813856944444445,0.348795833333333,0.243603439153439,1,0.787756575963719,0.243603439153439,1,0.787756575963719,1
"Methionine aminopeptidase 2",0,1,0.884446577380952,0.639459027777778,0.0332186507936508,1,0.81717880952381,0.0664373015873016,1,0.884446577380952,0.884446577380952
"Serine/threonine-protein kinase Aurora-C",0.0332186507936508,0.83046626984127,1,1,0.0332186507936508,0.855380257936508,1,0.855380257936508,0.83046626984127,0.797247619047619,0.855380257936508
"Quinone reductase 2",1,1,1,1,1,1,1,1,1,1,1
"MAP kinase p38 beta",1,1,1,1,1,1,1,1,1,1,1
"Carbonic anhydrase VB",0.66022068452381,0.298967857142857,1,0.66022068452381,0.66022068452381,0.66022068452381,0.66022068452381,0.298967857142857,1,0.298967857142857,1
"GAR transformylase",0.0332186507936508,0.336932029478458,0.287894973544974,0.0664373015873016,0.0996559523809524,0.287894973544974,0.166093253968254,0.63447623015873,0.63447623015873,0.936161976911977,0.440147123015873
"Proteinase-activated receptor 1",0.083046626984127,1,0.724166587301587,0.083046626984127,0.724166587301587,1,1,0.724166587301587,1,1,1
"Fructose-1,6-bisphosphatase",1,0.797247619047619,0.797247619047619,1,1,1,1,1,1,1,0.797247619047619
"Dipeptidyl peptidase II",0.764028968253968,0.941195105820106,1,1,1,1,1,1,1,0.847075595238095,1
"Peroxisome proliferator-activated receptor delta",0.182702579365079,0.382014484126984,1,1,0.0664373015873016,1,0.944358786848073,0.232530555555556,1,0.944358786848073,0.944358786848073
"Serine/threonine-protein kinase 10",0.298967857142857,1,1,1,1,1,1,1,1,1,1
"Dual specificity protein kinase TTK",0.84375373015873,1,0.84375373015873,1,0,1,1,0.199311904761905,1,0.409696693121693,0.869221362433862
"Coagulation factor VII",0.166093253968254,0.332186507936508,0.70866455026455,0.656068353174603,0.711828231292517,0.70866455026455,1,0.265749206349206,1,1,1
"PI3-kinase p110-alpha subunit",1,0.826313938492064,1,0.826313938492064,0.826313938492064,0.826313938492064,1,0.826313938492064,0.826313938492064,0.826313938492064,0.826313938492064
"Tyrosine-protein kinase ABL2",0.166093253968254,0.166093253968254,1,1,1,1,1,1,1,0.387550925925926,1
"C-C chemokine receptor type 2",0.365405158730159,1,1,1,0.863684920634921,1,1,1,1,1,1
"Glutamate receptor ionotropic, AMPA 2",1,0.298967857142857,1,1,1,1,1,1,1,1,1
"Neuropeptide Y receptor type 2",1,0.730810317460317,0.730810317460317,1,0.730810317460317,1,0.730810317460317,0.92458578042328,1,0.92458578042328,1
"HMG-CoA reductase",0.664373015873016,1,0.453988227513228,0.736346759259259,0.298967857142857,1,1,0.298967857142857,1,0.736346759259259,1
"Signal transducer and activator of transcription 3",0.581326388888889,0.586862830687831,0.747419642857143,1,0.920631179138322,0.581326388888889,0.933813183421517,0.920631179138322,1,0.920631179138322,0.933813183421517
"Interleukin-8 receptor A",0,0.989915793650794,1,0.415233134920635,0.415233134920635,1,1,1,1,0.415233134920635,1
"Cyclin-dependent kinase 5",1,1,1,1,1,1,1,1,1,1,1
"MAP kinase ERK2",1,1,1,1,1,1,1,1,1,1,1
"Cystic fibrosis transmembrane conductance regulator",0.43184246031746,1,1,1,1,0.83046626984127,1,1,1,1,1
"Chymase",0.315577182539683,0.199311904761905,0.659627494331066,0.659627494331066,0.0664373015873016,0.631154365079365,1,0.149483928571429,1,1,1
"Casein kinase II alpha (prime)",0.132874603174603,0.938426884920635,0.938426884920635,0.373709821428571,0.132874603174603,1,1,0.132874603174603,0.938426884920635,1,0.938426884920635
"Cathepsin B",0.265749206349206,1,1,1,1,1,1,1,1,1,1
"Matrix metalloproteinase 7",1,0.225886825396825,1,0.225886825396825,0,1,1,0.0996559523809524,1,0.225886825396825,1
"Bombesin receptor subtype-3",0.166093253968254,1,1,0.896903571428571,1,1,1,0.896903571428571,1,1,1
"LXR-beta",1,1,1,0.913512896825397,1,1,1,1,1,1,0.498279761904762
"Neurotensin receptor 1",0.522007369614512,0.243603439153439,0.503816203703704,0.503816203703704,0.243603439153439,0.503816203703704,0.793925753968254,0.132874603174603,0.793925753968254,0.990519769119769,0.793925753968254
"Tyrosine-protein kinase TIE-2",0.511567222222222,0.116265277777778,0.116265277777778,1,0.340491170634921,1,1,0.340491170634921,1,1,1
"Fibroblast growth factor receptor 2",1,0.808320502645503,1,1,1,0.808320502645503,1,0.43184246031746,1,0.880294246031746,1
"Histone deacetylase 9",0,0.378692619047619,0.930122222222222,0.210384788359788,0.166093253968254,1,1,0.378692619047619,1,1,0.930122222222222
"Fatty acid synthase",1,1,1,1,0.979950198412698,1,1,0.730810317460317,1,1,1
"c-Jun N-terminal kinase 2",0.892158049886621,0.892158049886621,0.892158049886621,1,0.805552281746032,1,0.805552281746032,0.805552281746032,0.805552281746032,1,1
"Sodium channel protein type II alpha subunit",0.719737433862434,0.531498412698413,0.719737433862434,1,0.957804431216931,0.930122222222222,1,1,1,0.930122222222222,1
"Monoglyceride lipase",1,1,1,1,0.232530555555556,1,1,0.232530555555556,1,1,1
"Inhibitor of apoptosis protein 3",0.939613265306122,1,0.939613265306122,0.913512896825397,0.764028968253968,1,0.939613265306122,0.132874603174603,1,1,0.913512896825397
"Serine/threonine-protein kinase 2",0.0747419642857143,0.0747419642857143,0.284731292517007,0.0747419642857143,0.186024444444444,1,0.332186507936508,0.0747419642857143,1,1,0.284731292517007
"Dual specificity protein kinase CLK4",0.719737433862434,0.249139880952381,1,0.232530555555556,1,0.564717063492064,1,0.564717063492064,1,1,0.298967857142857
"MAP kinase signal-integrating kinase 2",0.647763690476191,0.647763690476191,1,1,1,1,1,1,1,1,1
"Proteasome component C5",1,0.996559523809524,1,1,1,1,1,1,1,1,1
"Tyrosine-protein kinase FRK",0.710879126984127,0.791711177248677,0.81717880952381,0.81717880952381,0.81717880952381,0.863684920634921,0.597935714285714,0.710879126984127,0.81717880952381,0.710879126984127,0.710879126984127
"Dual specificty protein kinase CLK1",0.298967857142857,1,1,0.888598908730159,0.813856944444445,0.888598908730159,1,1,1,1,1
"Dual specificity protein kinase CLK2",1,1,1,1,1,1,1,1,1,1,1
"Lipoxin A4 receptor",1,1,1,1,1,1,1,1,1,1,1
"Estradiol 17-beta-dehydrogenase 3",1,1,1,1,1,1,1,1,1,1,1
"11-beta-hydroxysteroid dehydrogenase 1",0.953849829931973,1,0.953849829931973,1,0.747419642857143,1,0.953849829931973,0.747419642857143,0.953849829931973,0.953849829931973,1
"Ribosomal protein S6 kinase alpha 5",0.325542777777778,0.0885830687830688,1,0.325542777777778,0.0885830687830688,1,1,0.0885830687830688,1,1,1
"ALK tyrosine kinase receptor",0.868430442176871,0.343259391534392,0.343259391534392,0.343259391534392,0.880294246031746,0.868430442176871,1,0.868430442176871,1,1,0.868430442176871
"Hypoxia-inducible factor 1 alpha",0.507770804988662,0.0332186507936508,0.916834761904762,0.597935714285714,0.507770804988662,0.904285493827161,0.507770804988662,0.507770804988662,0.507770804988662,0.507770804988662,1
"TGF-beta receptor type II",1,0.43184246031746,1,1,1,1,1,1,1,1,1
"Serine/threonine-protein kinase AKT",1,1,1,1,1,1,1,1,1,1,1
"Sodium channel protein type IX alpha subunit",0.345473968253968,0.481670436507936,0.345473968253968,0.345473968253968,0.756647045855379,1,1,0.345473968253968,0.345473968253968,0.756647045855379,0.621663321995465
"P-glycoprotein 1",0.813856944444445,1,0.813856944444445,1,1,1,1,1,1,1,1
"Heat shock protein HSP 90-beta",0.132874603174603,1,1,0.348795833333333,0.0332186507936508,1,1,0.0498279761904762,1,1,1
"Calcium-activated potassium channel subunit alpha-1",0.925969890873016,0.925969890873016,1,1,0.925969890873016,0.925969890873016,0.925969890873016,1,0.925969890873016,0.925969890873016,0.925969890873016
"Intermediate conductance calcium-activated potassium channel protein 4",1,0.298967857142857,1,1,1,1,1,1,1,1,1
"Voltage-gated potassium channel subunit Kv1.5",1,0.332186507936508,0.564717063492064,0.564717063492064,1,1,1,0.564717063492064,1,1,1
"Bradykinin B1 receptor",1,1,1,1,1,1,1,1,1,1,1
"Purinergic receptor P2Y1",0.0996559523809524,0.370941600529101,0.812347005772006,0.812347005772006,0,0.812347005772006,0.812347005772006,0.370941600529101,0.812347005772006,0.27682208994709,0.370941600529101
"Sphingosine 1-phosphate receptor Edg-1",0.149483928571429,0.055364417989418,0.784790625,0.986593928571429,0.193775462962963,0.055364417989418,0.955958950617284,0.055364417989418,1,0.279985770975057,0.193775462962963
"Purine nucleoside phosphorylase",0,0.0531498412698413,0.393087367724868,0.0332186507936508,0.0442915343915344,0.702337188208617,0.884446577380952,0.0531498412698413,1,0.941195105820106,1
"Serine/threonine-protein kinase GAK",0.498279761904762,0.784790625,0.274053869047619,0.274053869047619,1,0.391980079365079,0.274053869047619,1,0.274053869047619,1,0.784790625
"Induced myeloid leukemia cell differentiation protein Mcl-1",1,1,1,1,1,1,1,1,1,1,1
"Dual-specificity tyrosine-phosphorylation regulated kinase 2",1,1,1,1,1,1,1,1,1,1,1
"Gastric inhibitory polypeptide receptor",0,1,1,0.12180171957672,0.0332186507936508,1,1,0.611223174603175,1,1,0.473365773809524
"Matrix metalloproteinase 12",1,1,1,1,1,1,1,1,1,1,1
"Sphingosine kinase 1",1,0.888598908730159,0.0664373015873016,0.365405158730159,0.199311904761905,0.597935714285714,1,0.597935714285714,0.0664373015873016,0.0664373015873016,1
"Phosphodiesterase 8B",1,1,1,1,1,1,1,1,1,1,1
"Phosphodiesterase 10A",1,1,1,1,1,1,1,1,1,1,1
"Free fatty acid receptor 1",1,0.690947936507937,0.690947936507937,1,0.548107738095238,0.690947936507937,1,0.548107738095238,1,1,1
"Prostanoid DP receptor",0.166093253968254,0.166093253968254,1,0.757385238095238,0.191007242063492,1,1,0.166093253968254,1,1,1
"Neurokinin 3 receptor",1,0.930122222222222,1,1,1,1,1,1,1,1,1
"TGF-beta receptor type I",1,1,1,1,1,1,1,1,1,1,1
"C-X-C chemokine receptor type 3",1,1,1,1,1,1,1,1,1,1,1
"Vitamin K-dependent protein C",1,1,1,1,1,1,1,1,1,1,1
"Tyrosine-protein kinase FGR",0.797247619047619,1,1,0.797247619047619,1,1,1,1,1,1,1
"NAD-dependent deacetylase sirtuin 3",1,0.797247619047619,1,1,1,1,1,1,1,1,1
"NAD-dependent deacetylase sirtuin 2",1,0.609008597883598,1,0.949104308390023,0.609008597883598,0.741883201058201,1,0.609008597883598,1,0.741883201058201,0.741883201058201
"Acyl coenzyme A:cholesterol acyltransferase 2",1,0.415233134920635,1,1,0.415233134920635,1,1,0.415233134920635,1,1,0.415233134920635
"Voltage-gated N-type calcium channel alpha-1B subunit",0.199311904761905,0.199311904761905,0.797247619047619,0.465061111111111,0.199311904761905,1,1,0.373709821428571,1,1,1
"Nitric oxide synthase, inducible",1,1,1,1,0.730810317460317,1,0.930122222222222,1,1,1,0.930122222222222
"Serine/threonine-protein kinase PAK 4",1,1,1,0.885830687830688,0.232530555555556,1,1,0.730810317460317,1,1,1
"Ribosomal protein S6 kinase 1",1,1,1,1,1,1,1,1,1,1,1
"NAD-dependent deacetylase sirtuin 1",1,1,1,1,1,1,1,1,1,1,1
"Glutaminyl-peptide cyclotransferase",1,1,1,1,0.39862380952381,1,1,1,1,1,1
"Serine/threonine-protein kinase PIM2",1,1,1,1,1,1,1,1,1,1,1
"TRAF2- and NCK-interacting kinase",0.315577182539683,1,1,0.315577182539683,0.265749206349206,1,0.923478492063492,0.282358531746032,1,1,1
"Coagulation factor XIII",1,1,1,1,1,1,1,1,1,1,1
"5-lipoxygenase activating protein",1,1,1,1,1,1,1,1,1,1,1
"Neuropeptide Y receptor type 5",1,0.797247619047619,1,0.797247619047619,1,0.797247619047619,1,1,1,1,0.797247619047619
"Kinesin-like protein 1",1,0.382014484126984,0.741883201058201,1,1,0.382014484126984,1,1,1,1,1
"Matrix metalloproteinase 8",0.376478042328042,0.66806397707231,1,0.491636031746032,0.132874603174603,0.498279761904762,0.498279761904762,0.132874603174603,0.491636031746032,0.597935714285714,0.83711
"C-C chemokine receptor type 8",1,0.989915793650794,0.989915793650794,1,0.989915793650794,1,1,0.989915793650794,1,1,0.989915793650794
"Tyrosine kinase non-receptor protein 2",0.0332186507936508,0.514889087301587,1,0.0442915343915344,0.083046626984127,0.259105476190476,0.626408843537415,0.0332186507936508,0.743267311507936,1,1
"Serine/threonine-protein kinase PAK 1",1,1,1,1,1,1,1,1,1,1,1
"Tyrosine-protein kinase BRK",0.481670436507936,0.481670436507936,1,0.481670436507936,1,0.85419387755102,1,0.481670436507936,0.481670436507936,1,0.481670436507936
"Melanocortin receptor 5",0.867375881834215,0.867375881834215,0.867375881834215,0.981460137085137,0.867375881834215,0.867375881834215,0.867375881834215,0.780638293650794,0.780638293650794,0.867375881834215,0.973306468253968
"Ghrelin receptor",1,1,1,1,1,1,1,1,1,1,1
"Phenylethanolamine N-methyltransferase",1,0.0332186507936508,1,1,0.12456994047619,1,1,0.12456994047619,1,1,0.12456994047619
"Leukotriene A4 hydrolase",1,0.254676322751323,1,1,0.249139880952381,0.39862380952381,1,1,1,0.199311904761905,1
"Apoptosis regulator Bcl-X",0.315577182539683,0.0332186507936508,1,0.315577182539683,0.372048888888889,0.592399272486772,0.315577182539683,0.788942956349206,0.788942956349206,1,1
"Serine/threonine-protein kinase Chk1",1,1,1,1,0.697591666666667,1,1,0.697591666666667,1,1,1
"Voltage-gated potassium channel subunit Kv1.3",1,1,1,1,0.199311904761905,1,1,0.199311904761905,1,1,1
"Voltage-gated T-type calcium channel alpha-1G subunit",1,1,1,1,1,1,1,1,1,0.963340873015873,1
"Melanocortin receptor 3",1,1,1,1,1,1,1,1,1,1,1
"Dipeptidyl peptidase VIII",0.727119356261023,0.727119356261023,0.727119356261023,0.727119356261023,0.727119356261023,0.453988227513228,0.727119356261023,1,0.265749206349206,0.282358531746032,0.993237658730159
"Lymphocyte differentiation antigen CD38",1,1,1,1,1,1,1,1,1,1,1
"Proteasome Macropain subunit MB1",0.82382253968254,0.132874603174603,0.639459027777778,1,0.82382253968254,0.639459027777778,0.82382253968254,0.82382253968254,0.82382253968254,0.639459027777778,0.657729285714286
"Apoptosis regulator Bcl-W",1,1,1,1,1,1,1,1,1,1,1
"Aldo-keto-reductase family 1 member C3",0.664373015873016,0.664373015873016,0.840431865079365,0.783960158730159,0.813856944444445,0.813856944444445,0.840431865079365,0.813856944444445,1,0.783960158730159,0.664373015873016
"Fibroblast activation protein alpha",0.232530555555556,0.903547301587302,0.597935714285714,0.232530555555556,0.0996559523809524,0.588444671201814,0.588444671201814,0.232530555555556,0.903547301587302,1,0.149483928571429
"Indoleamine 2,3-dioxygenase",1,1,1,1,1,1,0.874757804232804,0.874757804232804,1,1,0.874757804232804
"Malonyl-CoA decarboxylase",1,0.43184246031746,1,1,1,1,1,1,1,1,0.43184246031746
"Isoprenylcysteine carboxyl methyltransferase",0.689287003968254,0.689287003968254,1,1,0.689287003968254,0.764028968253968,0.896903571428571,0.689287003968254,0.764028968253968,0.896903571428571,0.896903571428571
"Serine/threonine-protein kinase Aurora-A",0.61454503968254,0.132874603174603,1,1,0.132874603174603,1,0.61454503968254,0.730810317460317,1,1,0.657729285714286
"C3a anaphylatoxin chemotactic receptor",1,1,1,1,1,1,1,1,1,1,1
"Vesicular acetylcholine transporter",1,1,1,1,1,1,1,1,1,1,1
"Geranylgeranyl pyrophosphate synthetase",1,1,1,1,1,1,1,1,1,1,1
"Neuropeptide Y receptor type 1",1,1,1,1,1,1,1,1,1,1,1
"Carbonic anhydrase VA",1,1,1,1,1,1,1,1,1,1,1
"Endothelin-converting enzyme 1",0.564717063492064,1,0.863684920634921,0.564717063492064,1,1,1,0.863684920634921,1,1,1
"Orexin receptor 2",0.597935714285714,1,0.597935714285714,0.597935714285714,1,1,1,1,1,1,1
"Dipeptidyl peptidase IX",1,1,1,1,1,1,1,1,1,1,1
"Vanilloid receptor",1,1,1,0.653300132275132,0.348795833333333,1,1,0.0664373015873016,1,1,1
"Caspase-1",0.0996559523809524,0.149483928571429,0.352117698412698,0.352117698412698,0.664373015873016,1,1,0.352117698412698,0.949104308390023,1,1
"Nitric-oxide synthase, endothelial",1,1,1,1,1,1,1,1,1,1,1
"Dual specificity phosphatase Cdc25B",0.378692619047619,0.378692619047619,0.476133994708995,0.378692619047619,0.378692619047619,0.578953628117914,0.805552281746032,0.378692619047619,1,1,0.863684920634921
"P2X purinoceptor 7",0.837848192239859,0.837848192239859,1,0.837848192239859,0.837848192239859,0.837848192239859,0.837848192239859,0.837848192239859,1,0.837848192239859,0.837848192239859
"Serine/threonine-protein kinase AKT3",1,1,1,1,1,1,1,1,1,1,1
"Beta-secretase 1",1,1,1,0.498279761904762,0.298967857142857,1,1,0.0996559523809524,0.896903571428572,0.531498412698413,1
"Acetyl-CoA carboxylase 2",1,1,1,1,1,1,1,1,1,1,1
"L-lactate dehydrogenase A chain",0.0110728835978836,1,0.160556812169312,0.0166093253968254,0.0110728835978836,0.63484532627866,0.38616681547619,0.0110728835978836,0.246767120181406,1,0.160556812169312
"C-X3-C chemokine receptor 1",0.631154365079365,0.911140136054422,0.911140136054422,0.911140136054422,1,0.911140136054422,1,1,0.979950198412698,0.911140136054422,0.911140136054422
"Eukaryotic translation initation factor",0.581326388888889,0.0996559523809524,1,0.890259841269841,0.890259841269841,1,1,1,1,1,0.890259841269841
"Apoptosis regulator Bcl-2",0,1,1,0.714200992063492,0.0332186507936508,0.0442915343915344,0.418555,1,0.778265532879819,0.157788591269841,1
"Cytochrome P450 1B1",0.210384788359788,1,1,1,0.0664373015873016,0.225886825396825,1,0.225886825396825,0.359868716931217,0.182702579365079,0.972831916099773
"Tyrosine-protein kinase receptor UFO",0.437378902116402,0.365405158730159,1,0.826313938492064,0.826313938492064,0.423537797619048,1,0.423537797619048,0.43184246031746,0.423537797619048,0.959649911816579
"Neurotrophic tyrosine kinase receptor type 2",1,1,1,1,1,1,1,1,1,1,1
"Mitogen-activated protein kinase kinase kinase 8",1,1,1,1,1,1,1,1,1,1,1
"Low molecular weight phosphotyrosine protein phosphatase",1,1,1,1,1,1,1,1,1,1,1
"Casein kinase I epsilon",1,0.298967857142857,0.612699559082892,0.265749206349206,0.564717063492064,0.583699149659864,0.583699149659864,0.465061111111111,0.790603888888889,0.409696693121693,0.612699559082892
"L-lactate dehydrogenase B chain",0.934867743764172,0.934867743764172,0.934867743764172,0.934867743764172,1,1,1,0.934867743764172,0.934867743764172,1,0.934867743764172
"S-methyl-5-thioadenosine phosphorylase",0.773520011337869,0.182702579365079,0.624510634920635,0.298967857142857,0.886937976190476,0.773520011337869,0.886937976190476,0.182702579365079,0.886937976190476,0.61454503968254,1
"Proto-oncogene c-JUN",1,1,1,1,1,1,1,1,1,1,1
"Sodium/glucose cotransporter 1",0.896903571428572,0.631154365079365,1,1,0.896903571428572,1,1,0.896903571428572,1,0.863684920634921,1
"Transketolase",0.448451785714286,0.937504144620811,0.930122222222222,0.892158049886621,0.448451785714286,0.966662738095238,0.448451785714286,0.448451785714286,1,0.448451785714286,0.448451785714286
"Serine/threonine-protein kinase RIPK2",0.847075595238095,0.727119356261023,0.6754458994709,0.6754458994709,0.727119356261023,0.6754458994709,0.6754458994709,0.0332186507936508,0.727119356261023,1,0.6754458994709
"p53-binding protein Mdm-2",0.448451785714286,1,1,0.448451785714286,0.838770932539683,1,1,0.465061111111111,1,1,1
"Serine-protein kinase ATR",1,1,1,0.819393386243386,0.149483928571429,1,1,0.132874603174603,1,1,1
"ADAM10",1,1,1,1,1,1,1,1,1,1,1
"Endoplasmic reticulum aminopeptidase 2",1,1,0.642227248677249,1,0.365405158730159,0.597935714285714,1,0.642227248677249,0.740301360544218,0.597935714285714,0.642227248677249
"G protein-coupled receptor 44",1,1,1,1,1,1,1,1,1,1,1
"Endothelial lipase",0.0664373015873016,0.265749206349206,1,0.116265277777778,0.332186507936508,0.298967857142857,0.542571296296296,1,0.767719929453263,0.597935714285714,0.767719929453263
"Histone deacetylase 10",1,1,1,1,0.548107738095238,1,1,0.43184246031746,1,1,1
"GABA receptor alpha-5 subunit",0.722505654761905,0.27682208994709,1,0.722505654761905,0.27682208994709,0.597935714285714,0.722505654761905,0,1,0.722505654761905,1
"Orexin receptor 1",1,1,1,1,1,1,1,1,1,1,1
"Discoidin domain-containing receptor 2",0.647763690476191,1,0.647763690476191,1,1,1,1,0.647763690476191,0.750741507936508,0.647763690476191,1
"Metabotropic glutamate receptor 2",0.950883878968254,0.564717063492064,0.950883878968254,0.841539153439153,0.841539153439153,1,0.841539153439153,0.841539153439153,1,0.841539153439153,1
"Cytochrome P450 26A1",1,1,1,1,1,1,1,1,1,1,1
"Serine/threonine-protein kinase B-raf",1,0.0332186507936508,1,1,0.21592123015873,1,0.365405158730159,0.883616111111111,1,1,0.883616111111111
"Ephrin type-B receptor 4",0.963340873015873,0.481670436507937,1,1,0.805552281746032,0.481670436507937,1,1,1,0.786174735449735,1
"Neuropilin-1",1,1,1,1,1,1,1,1,1,1,1
"dUTP pyrophosphatase",1,1,1,1,1,1,1,1,1,1,1
"Serine/threonine-protein kinase ILK-1",0.12180171957672,1,1,0.398623809523809,0.0332186507936508,0.166093253968254,0.42709693877551,0.996559523809524,1,0.083046626984127,0.398623809523809
"Tyrosine-protein kinase BTK",1,1,1,1,1,1,1,1,1,0.531498412698413,1
"Serine/threonine-protein kinase TNNI3K",0.232530555555556,1,1,0.506584424603175,0.132874603174603,1,1,0.166093253968254,1,1,1
"Cytochrome P450 2A6",1,1,1,1,0.348795833333333,1,1,0.0664373015873016,1,1,1
"Mitogen-activated protein kinase kinase kinase 5",0.0996559523809524,0.584648253968254,1,0.323881845238095,0.323881845238095,1,0.719737433862434,1,0.768774489795918,1,0.323881845238095
"Tyrosine-protein kinase receptor TYRO3",0.442915343915344,0.651085555555556,1,0.442915343915344,1,0.651085555555556,1,0.442915343915344,1,1,1
"Epithelial discoidin domain-containing receptor 1",0.0775101851851852,1,1,0.318899047619048,0.0332186507936508,1,1,0.0498279761904762,1,1,0.182702579365079
"Proto-oncogene tyrosine-protein kinase MER",0.112943412698413,0.605317636684303,0.605317636684303,0.237276077097506,0,1,0.0581326388888889,0,0.237276077097506,0.055364417989418,1
"Baculoviral IAP repeat-containing protein 3",1,1,1,1,1,1,1,1,1,1,1
"Poly [ADP-ribose] polymerase 2",1,0.43184246031746,1,1,0.0664373015873016,1,1,0.0664373015873016,1,1,1
"P-selectin",1,1,1,0.406928472222222,0.0332186507936508,1,1,0.055364417989418,1,0.055364417989418,0.504923492063492
"ATP-binding cassette sub-family G member 2",0.697591666666667,1,1,0.755724305555556,0.755724305555556,1,1,1,1,1,0.755724305555556
"Pituitary adenylate cyclase-activating polypeptide type I receptor",1,1,1,1,1,1,1,1,1,1,1
"Serine/threonine-protein kinase PIM3",1,0,1,0.697591666666667,0.43184246031746,1,1,0.21592123015873,0.606240376984127,1,1
"G-protein coupled bile acid receptor 1",0.84375373015873,0.249139880952381,0.84375373015873,0.84375373015873,0.509352645502645,0.697591666666667,1,0.249139880952381,0.84375373015873,0.84375373015873,0.84375373015873
"Metastin receptor",0.083046626984127,1,1,0.083046626984127,0.390319146825397,1,0.744097777777778,0.110728835978836,1,1,1
"Cell division cycle 7-related protein kinase",0.245818015873016,0.819393386243386,0.755724305555556,0.132874603174603,0.232530555555556,1,0.625617923280423,0.232530555555556,1,0.755724305555556,0.245818015873016
"Sodium channel protein type X alpha subunit",0.0664373015873016,1,1,0.664373015873016,1,0.664373015873016,1,1,1,1,1
"Baculoviral IAP repeat-containing protein 2",0.510736755952381,0.510736755952381,0.510736755952381,0.510736755952381,0.510736755952381,1,0.510736755952381,0.510736755952381,1,0.510736755952381,1
"Receptor-interacting serine/threonine-protein kinase 1",0.55364417989418,1,1,0.89136712962963,0.55364417989418,0.89136712962963,0.89136712962963,0.298967857142857,1,1,0.953849829931973
"Protein tyrosine kinase 2 beta",0.240835218253968,1,1,0.232530555555556,0.232530555555556,1,1,0.240835218253968,1,1,0.810535079365079
"Perforin-1",0.730810317460317,1,1,0.813856944444445,0.813856944444445,1,1,0.813856944444445,1,1,1
"D-amino-acid oxidase",0.573021726190476,0.149483928571429,1,0.656991093474427,0.0996559523809524,0.643611359126984,0.643611359126984,0.643611359126984,0.643611359126984,0.287894973544974,0.710879126984127
"Serine/threonine-protein kinase WEE1",0.423537797619048,0.827144404761905,0.645918209876543,0.442915343915344,0.0332186507936508,0.645918209876543,1,0.116265277777778,0.423537797619048,0.645918209876543,0.442915343915344
"Histone acetyltransferase PCAF",0.382014484126984,1,1,0.689287003968254,0.783960158730159,1,0.597935714285714,1,1,1,0.382014484126984
"Secreted frizzled-related protein 1",0.730810317460317,0.282358531746032,0.282358531746032,1,0.804629541446208,0.804629541446208,0.804629541446208,0.804629541446208,0.804629541446208,1,0.531498412698413
"Transient receptor potential cation channel subfamily V member 3",0.186024444444444,0.243603439153439,0.981460137085137,0.653300132275132,0.149483928571429,0.684304206349206,0.149483928571429,0.149483928571429,0.498279761904762,0.149483928571429,0.653300132275132
"Protein-arginine N-methyltransferase 1",0.0664373015873016,1,1,0.498279761904762,0.564717063492064,1,1,0.498279761904762,1,1,1
"Nuclear factor NF-kappa-B p65 subunit",1,0.365405158730159,1,1,1,1,1,1,1,1,1
"Dual specificity tyrosine-phosphorylation-regulated kinase 1B",1,0.476133994708995,0.724166587301587,1,0.476133994708995,1,1,0.724166587301587,0.813856944444444,0.476133994708995,1
"Acyl-CoA desaturase",0.673864058956916,0.673864058956916,1,0.390319146825397,0.249139880952381,1,0.673864058956916,0.249139880952381,1,0.390319146825397,1
"Proto-oncogene tyrosine-protein kinase ROS",0.132874603174603,0.243603439153439,1,0.509352645502645,0.664373015873016,0.243603439153439,0.509352645502645,0.440147123015873,1,0.743267311507936,1
"Lysyl-tRNA synthetase",1,1,1,1,1,1,1,1,1,1,1
"DNA-(apurinic or apyrimidinic site) lyase",0.43184246031746,1,1,1,1,1,1,1,1,1,1
"Glucose-dependent insulinotropic receptor",1,0.83046626984127,1,1,0.564717063492064,1,1,0.564717063492064,1,1,1
"Prostaglandin E synthase",0.764028968253968,1,1,1,1,1,1,1,1,1,1
"G protein-coupled receptor kinase 5",0.199311904761905,1,1,1,0.199311904761905,0.968086394557823,1,0.639459027777778,0.83046626984127,0.199311904761905,0.968086394557823
"Egl nine homolog 1",0.265749206349206,1,1,1,1,1,1,1,1,1,1
"Elongation of very long chain fatty acids protein 6",0.0332186507936508,0.645390929705215,0.645390929705215,0.645390929705215,0.645390929705215,1,0.645390929705215,0.645390929705215,1,1,1
"Glucagon",0.0332186507936508,1,0.936765952380952,0.149483928571429,0.310040740740741,1,1,0.357100496031746,1,1,1
"CREB-binding protein",0.0442915343915344,0.548107738095238,1,0.0166093253968254,0.0166093253968254,1,0.635899886621315,0.0996559523809524,0.676830009920635,1,0.548107738095238
"Mitogen-activated protein kinase kinase kinase 7",0.919049338624339,1,0.996559523809524,0.996559523809524,0.996559523809524,0.919049338624339,1,0.930122222222222,0.996559523809524,0.919049338624339,1
"Interferon-induced, double-stranded RNA-activated protein kinase",0.40811485260771,0.40811485260771,0.40811485260771,0.40811485260771,0.40811485260771,0.999579401154401,0.999579401154401,0.40811485260771,0.40811485260771,0.999579401154401,0.999579401154401
"Aldo-keto reductase family 1 member C2",0.406928472222222,0.406928472222222,0.406928472222222,1,1,0.406928472222222,1,1,1,1,1
"Trace amine-associated receptor 1",0.618697371031746,0.398623809523809,0.618697371031746,1,0.398623809523809,0.618697371031746,1,0.398623809523809,1,0.489975099206349,0.618697371031746
"Nuclear receptor ROR-alpha",1,1,1,1,1,1,1,1,1,1,1
"Heat shock factor protein 1",1,1,1,1,1,1,1,1,1,1,1
"Hematopoietic prostaglandin D synthase",1,1,0.448451785714286,1,0.476133994708995,1,1,0.448451785714286,1,1,0.822161607142857
"Aldo-keto reductase family 1 member C1",1,1,1,1,1,1,1,1,1,1,1
"Bifunctional protein NCOAT",0.365405158730159,1,1,0.43184246031746,1,1,1,1,1,1,1
"LIM domain kinase 2",0.391980079365079,0.602681235827664,0.916834761904762,0.382014484126984,0.391980079365079,0.391980079365079,1,0.232530555555556,0.602681235827664,0.815702425044092,0.66022068452381
"Serine/threonine-protein kinase PLK2",1,1,1,1,1,0.597935714285714,1,0.747419642857143,1,1,1
"Neuropeptide FF receptor 1",1,1,1,1,1,1,1,1,1,1,1
"Neuropeptide FF receptor 2",1,0.166093253968254,1,1,1,0.979950198412698,1,1,1,1,1
"IgG receptor FcRn large subunit p51",0.680982341269841,0.82572074829932,0.82572074829932,1,0.82572074829932,1,0.82572074829932,0.465061111111111,0.82572074829932,1,1
"Smoothened homolog",0.730810317460317,1,1,1,0.805552281746032,1,1,1,1,0.805552281746032,0.805552281746032
"Aldo-keto reductase family 1 member B10",0.43184246031746,0.87106684303351,0.43184246031746,0.989915793650794,0.0996559523809524,0.851227926587302,0.332186507936508,1,0.851227926587302,0.851227926587302,0.332186507936508
"Serine/threonine-protein kinase 33",0.365405158730159,0.365405158730159,0.365405158730159,1,0.616390520282187,0.365405158730159,0.365405158730159,0.616390520282187,0.365405158730159,0.365405158730159,0.780638293650794
"Transient receptor potential cation channel subfamily A member 1",0.944358786848073,1,0.944358786848073,1,0.944358786848073,0.944358786848073,0.944358786848073,0.896903571428571,1,1,0.944358786848073
"Diacylglycerol O-acyltransferase 1",0.919049338624339,0.265749206349206,1,0.919049338624339,1,1,1,1,1,1,1
"Histone-lysine N-methyltransferase, H3 lysine-9 specific 3",0.637798095238095,0.637798095238095,1,0.637798095238095,0.637798095238095,1,1,0.802784060846561,0.877921485260771,0.637798095238095,1
"Lysine-specific histone demethylase 1",1,1,0.913512896825397,1,1,1,1,0.597935714285714,0.963340873015873,1,1
"Alpha-synuclein",0.934867743764172,1,1,1,0.514889087301587,0.737454047619048,0.514889087301587,0.0664373015873016,1,0.514889087301587,0.934867743764172
"Tankyrase-2",0.956697142857143,0.813856944444445,0.506584424603175,0.506584424603175,0.509352645502645,0.813856944444445,1,0.889521649029982,0.506584424603175,0.509352645502645,0.506584424603175
"Tankyrase-1",1,0.298967857142857,0.651085555555556,0.740301360544218,1,0.448451785714286,0.95503621031746,0.651085555555556,1,0.6754458994709,0.609008597883598
"Mitogen-activated protein kinase kinase kinase kinase 4",0.689287003968254,0.631154365079365,1,0.689287003968254,0.689287003968254,1,1,1,1,1,0.730810317460318
"Lysine-specific demethylase 4C",0.514889087301587,1,1,1,1,0.232530555555556,0.631154365079365,0.597935714285714,1,1,1
