"","EGFR","Hypoxia","JAK.STAT","MAPK","NFkB","PI3K","TGFb","TNFa","Trail","VEGF","p53"
"Arginase-1",0.492,0.268,0.1,0.332,0.327,0.122,0.227,0.156,0.309,0.17,0.189
"Leucine-rich repeat serine/threonine-protein kinase 2",0.524,0.258,0.363,0.219,0.03,0.535,0.098,0.17,0.398,0.215,0.315
"Tyrosyl-DNA phosphodiesterase 1",0.003,0.426,0.331,0.322,0.117,0.133,0.134,0.336,0.368,0.258,0.326
"Transitional endoplasmic reticulum ATPase",0.468,0.096,0.217,0.564,0.07,0.096,0.366,0.029,0.382,0.245,0.073
"Glucokinase regulatory protein",0.038,0.223,0.301,0.02,0.12,0.22,0.096,0.151,0.404,0.35,0.042
"Pyruvate kinase isozymes M1/M2",0.285,0.153,0.221,0.112,0.07,0.286,0.347,0.027,0.418,0.436,0.031
"Transient receptor potential cation channel subfamily M member 8",0.065,0.013,0.306,0.321,0.225,0.323,0.265,0.399,0.329,0.316,0.308
"G-protein coupled receptor 55",0.063,0.017,0.349,0.091,0.028,0.501,0.132,0.003,0.446,0.167,0.402
"Endoplasmin",0.056,0.037,0.158,0.102,0.03,0.184,0.185,0.074,0.405,0.013,0.432
"Serine/threonine-protein kinase/endoribonuclease IRE1",0.017,0.025,0.477,0.149,0.171,0.025,0.443,0.194,0.215,0.067,0.227
"NADPH oxidase 4",0.042,0.311,0.456,0.126,0.007,0.335,0.41,0.014,0.383,0.422,0.053
"Ketohexokinase",0.4,0.015,0.17,0.151,0.19,0.544,0.429,0.152,0.426,0.106,0.025
"Lethal(3)malignant brain tumor-like protein 1",0.461,0.21,0.133,0.012,0.111,0.028,0.152,0,0.299,0.471,0.479
"Microtubule-associated protein tau",0.331,0.025,0.226,0.123,0.05,0.473,0.259,0.038,0.357,0.217,0.117
"15-hydroxyprostaglandin dehydrogenase [NAD+]",0.133,0.019,0.44,0.132,0.031,0.039,0.34,0.002,0.413,0.383,0.461
"G-protein coupled receptor 35",0.042,0.003,0.058,0.109,0.002,0.342,0.141,0.009,0.525,0.302,0.031
"ATP-sensitive inward rectifier potassium channel 1",0.102,0.397,0.208,0.353,0.246,0.148,0.085,0.204,0.266,0.423,0.125
"Neuropeptides B/W receptor type 1",0.122,0.308,0.212,0.112,0.388,0.26,0.411,0.241,0.208,0.166,0.406
"Nuclear receptor ROR-gamma",0.216,0.162,0.112,0.103,0.07,0.491,0.252,0.214,0.409,0.19,0.313
"DNA topoisomerase I",0.203,0.061,0.301,0.151,0.424,0.479,0.287,0.295,0.338,0.406,0.192
"Farnesyl diphosphate synthase",0.017,0.321,0.265,0.034,0.433,0.179,0.36,0.178,0.508,0.432,0.16
"Glucagon-like peptide 1 receptor",0.012,0.024,0.099,0.186,0.394,0.33,0.13,0.358,0.27,0.014,0.571
"Endothelin receptor ET-B",0.172,0.232,0.335,0.246,0.068,0.31,0.287,0.005,0.301,0.14,0.052
"Steroid 5-alpha-reductase 1",0.074,0.028,0.188,0.391,0.165,0.491,0.102,0.205,0.396,0.337,0.51
"Vasopressin V2 receptor",0.226,0.204,0.488,0.436,0.012,0.481,0.076,0.007,0.161,0.039,0.149
"Somatostatin receptor 5",0.085,0.072,0.275,0.19,0.377,0.3,0.064,0.046,0.355,0.4,0.211
"Histone-lysine N-methyltransferase, H3 lysine-79 specific",0.008,0.189,0.122,0.281,0.158,0.523,0.316,0.37,0.378,0.46,0.204
"Bromodomain-containing protein 3",0.454,0.081,0.352,0.285,0.057,0.137,0.174,0.003,0.312,0.5,0.268
"Cysteinyl leukotriene receptor 1",0.11,0.057,0.031,0.049,0.492,0.264,0.324,0.497,0.218,0.372,0.427
"Plasminogen",0.007,0.109,0.128,0.335,0.026,0.344,0.402,0.501,0.075,0.425,0.102
"Leukocyte adhesion glycoprotein LFA-1 alpha",0.15,0.077,0.294,0.244,0.053,0.259,0.382,0.187,0.332,0.294,0.125
"Somatostatin receptor 2",0.001,0.448,0.4,0.067,0.438,0.329,0.365,0.132,0.246,0.191,0.391
"Muscarinic acetylcholine receptor M4",0.464,0.423,0.308,0.425,0.125,0.185,0.246,0.436,0.144,0.061,0.425
"Inosine-5'-monophosphate dehydrogenase 1",0.469,0.025,0.283,0.261,0.053,0.195,0.198,0.09,0.203,0.025,0.04
"Receptor protein-tyrosine kinase erbB-2",0.203,0.066,0.525,0.065,0.015,0.064,0.353,0.074,0.235,0.01,0.099
"TNF-alpha",0.225,0.45,0.179,0.332,0.453,0.455,0.102,0.238,0.254,0.259,0.418
"Phosphodiesterase 5A",0.045,0.133,0.367,0.043,0.042,0.198,0.38,0.095,0.345,0.257,0.462
"Serotonin 2b (5-HT2b) receptor",0.313,0.046,0.307,0.167,0.228,0.08,0.215,0.125,0.449,0.456,0.265
"Thromboxane-A synthase",0.012,0.01,0.145,0.015,0.025,0.011,0.329,0.026,0.295,0.085,0.059
"Prostanoid EP4 receptor",0.103,0.058,0.263,0.161,0.005,0.268,0.423,0.022,0.287,0.061,0.332
"Dopamine D5 receptor",0.072,0.025,0.021,0.196,0.101,0.381,0.332,0.073,0.299,0.355,0.049
"Somatostatin receptor 4",0.453,0.114,0.251,0.12,0.304,0.184,0.357,0.036,0.105,0.092,0.498
"Gonadotropin-releasing hormone receptor",0.028,0.073,0.385,0.062,0.045,0.293,0.18,0.096,0.334,0.377,0.465
"4-hydroxyphenylpyruvate dioxygenase",0.008,0.041,0.542,0.053,0.003,0.373,0.529,0.011,0.303,0.434,0.356
"Tyrosine-protein kinase ABL",0.359,0.007,0.252,0.311,0.244,0.14,0.135,0.421,0.269,0.469,0.021
"Vascular endothelial growth factor receptor 1",0.446,0.118,0.31,0.357,0.373,0.516,0.477,0.423,0.238,0.145,0.369
"Tissue-type plasminogen activator",0.479,0.142,0.111,0.139,0.43,0.466,0.184,0.275,0.497,0.029,0.114
"Calcium sensing receptor",0.069,0.165,0.243,0.127,0.233,0.057,0.466,0.499,0.377,0.333,0.276
"Neuronal acetylcholine receptor protein alpha-4 subunit",0.064,0.178,0.235,0.071,0.166,0.316,0.096,0.165,0.139,0.077,0.106
"Potassium channel, inwardly rectifying, subfamily J, member 11",0.178,0.365,0.088,0.395,0.313,0.429,0.168,0.122,0.371,0.475,0.301
"Vasopressin V1a receptor",0.22,0.393,0.325,0.286,0.415,0.332,0.194,0.46,0.54,0.451,0.228
"Glutamate carboxypeptidase II",0.125,0.323,0.186,0.052,0.259,0.43,0.338,0.178,0.424,0.268,0.378
"Serotonin 1b (5-HT1b) receptor",0.129,0.001,0.026,0.301,0.187,0.402,0.435,0.085,0.515,0.042,0.258
"Serotonin 3a (5-HT3a) receptor",0.018,0.265,0.293,0.061,0.011,0.169,0.347,0.058,0.351,0.25,0.334
"Aldose reductase",0.391,0.273,0.163,0.496,0.095,0.322,0.096,0.411,0.456,0.412,0.219
"Glutamate [NMDA] receptor subunit epsilon 2",0.412,0.027,0.296,0.122,0.408,0.413,0.294,0.364,0.225,0.283,0.105
"Serine/threonine-protein kinase RAF",0.106,0.007,0.356,0.015,0.156,0.135,0.406,0.1,0.499,0.268,0.133
"Aminopeptidase N",0.057,0.247,0.181,0.378,0.01,0.177,0.34,0.019,0.317,0.151,0.302
"Cytochrome P450 11B1",0.369,0.038,0.102,0.322,0.351,0.413,0.45,0.408,0.354,0.217,0.147
"Butyrylcholinesterase",0.228,0.258,0.29,0.167,0.084,0.277,0.161,0.094,0.281,0.345,0.162
"Alpha-2c adrenergic receptor",0.104,0.192,0.207,0.211,0.345,0.202,0.113,0.025,0.225,0.272,0.243
"Melatonin receptor 1A",0.256,0.162,0.47,0.083,0.467,0.439,0.37,0.306,0.321,0.247,0.444
"Melatonin receptor 1B",0.018,0.043,0.191,0.042,0.043,0.235,0.09,0.527,0.45,0.184,0.027
"Thyroid hormone receptor beta-1",0.151,0.095,0.317,0.046,0.612,0.372,0.19,0.314,0.129,0.163,0.413
"Cyclophilin A",0.2,0.251,0.262,0.272,0.129,0.066,0.389,0.467,0.352,0.226,0.247
"Thymidylate synthase",0.128,0.183,0.326,0.113,0.106,0.32,0.449,0.021,0.349,0.49,0.299
"Vascular endothelial growth factor receptor 3",0.511,0.055,0.408,0.353,0.22,0.496,0.135,0.038,0.393,0.212,0.066
"Insulin-like growth factor I receptor",0.159,0.197,0.131,0.165,0.235,0.01,0.078,0.149,0.121,0.401,0.097
"Epoxide hydrolase 1",0.172,0.111,0.353,0.405,0.172,0.442,0.271,0.371,0.33,0.372,0.018
"Tyrosine-protein kinase receptor FLT3",0.015,0.275,0.411,0.003,0.027,0.503,0.142,0.048,0.077,0.413,0.055
"Vitamin D receptor",0.357,0.009,0.439,0.158,0.267,0.338,0.376,0.182,0.506,0.113,0.523
"Cytochrome P450 19A1",0.003,0.014,0.05,0.093,0.001,0.28,0.171,0.02,0.148,0.056,0.5
"Insulin receptor",0.452,0.219,0.188,0.062,0.429,0.318,0.273,0.353,0.269,0.434,0.225
"Serotonin 1d (5-HT1d) receptor",0.33,0.022,0.346,0.351,0.338,0.025,0.119,0.034,0.182,0.213,0.152
"Inhibitor of nuclear factor kappa B kinase beta subunit",0.202,0.119,0.476,0.435,0.051,0.259,0.069,0.004,0.386,0.333,0.099
"Prostanoid IP receptor",0.201,0.235,0.359,0.413,0.31,0.33,0.338,0.302,0.171,0.5,0.448
"Equilibrative nucleoside transporter 1",0.079,0.101,0.434,0.2,0.03,0.281,0.286,0.033,0.192,0.308,0.456
"Purinergic receptor P2Y12",0.452,0.104,0.133,0.163,0.272,0.047,0.435,0.322,0.39,0.505,0.28
"Retinoic acid receptor gamma",0.213,0.01,0.185,0.103,0.076,0.551,0.378,0.056,0.42,0.306,0.39
"Platelet-derived growth factor receptor alpha",0.234,0.208,0.265,0.151,0.331,0.116,0.335,0.259,0.336,0.264,0.043
"Retinoic acid receptor beta",0.044,0.099,0.393,0.146,0.09,0.235,0.153,0.069,0.218,0.134,0.417
"Nociceptin receptor",0.041,0.302,0.447,0.035,0,0.509,0.503,0,0.189,0.114,0.248
"Dihydrofolate reductase",0.06,0.523,0.392,0.256,0.022,0.34,0.175,0.041,0.156,0.243,0.231
"Epidermal growth factor receptor erbB1",0.285,0.383,0.152,0.304,0.062,0.265,0.535,0.344,0.303,0.188,0.596
"Muscarinic acetylcholine receptor M5",0.059,0.159,0.524,0.559,0.237,0.587,0.42,0.303,0.44,0.2,0.225
"Peptidyl-prolyl cis-trans isomerase FKBP5",0.531,0.277,0.376,0.196,0.005,0.429,0.322,0.002,0.135,0.218,0.336
"Retinoic acid receptor alpha",0.225,0.108,0.443,0.3,0.059,0.205,0.481,0.375,0.308,0.023,0.259
"Estrogen receptor alpha",0.41,0.252,0.364,0.39,0.161,0.429,0.392,0.343,0.43,0.271,0.341
"Beta-2 adrenergic receptor",0.002,0.278,0.271,0.38,0.01,0.129,0.12,0.219,0.441,0.11,0.154
"Cyclin T1",0.397,0.185,0.471,0.19,0.122,0.353,0.264,0.016,0.304,0.291,0.302
"Muscarinic acetylcholine receptor M2",0.138,0.31,0.068,0.087,0.27,0.317,0.267,0.448,0.249,0.097,0.117
"Beta-1 adrenergic receptor",0.341,0.204,0.356,0.175,0.118,0.198,0.426,0.18,0.242,0.358,0.117
"Dopamine D2 receptor",0.092,0.112,0.155,0.043,0.049,0.33,0.492,0.013,0.459,0.35,0.352
"Beta-glucocerebrosidase",0.002,0.005,0.119,0.005,0,0.055,0.161,0.009,0.446,0.431,0.189
"Motilin receptor",0.387,0.253,0.214,0.188,0.05,0.119,0.298,0.129,0.165,0.076,0.056
"MAP kinase-activated protein kinase 2",0.22,0.002,0.087,0.331,0.529,0.151,0.192,0.3,0.496,0.152,0.102
"Cyclooxygenase-1",0.329,0.065,0.129,0.211,0.423,0.17,0.394,0.428,0.231,0.124,0.454
"Norepinephrine transporter",0.243,0.273,0.292,0.254,0.021,0.184,0.267,0.047,0.378,0.082,0.376
"Anandamide amidohydrolase",0.01,0.15,0.151,0.039,0.005,0.197,0.457,0.021,0.122,0.082,0.274
"Serotonin 2c (5-HT2c) receptor",0.055,0.067,0.504,0.058,0.011,0.279,0.144,0.005,0.46,0.216,0.147
"Dipeptidyl peptidase I",0.16,0.065,0.487,0.099,0.529,0.058,0.392,0.301,0.333,0.504,0.216
"Serotonin transporter",0.135,0.446,0.465,0.072,0.234,0.166,0.127,0.339,0.221,0.233,0.157
"Peroxisome proliferator-activated receptor alpha",0.211,0.497,0.442,0.413,0.193,0.375,0.421,0.27,0.175,0.423,0.386
"HERG",0.036,0.081,0.332,0.088,0.306,0.136,0.317,0.231,0.422,0.462,0.269
"Epoxide hydratase",0.382,0.116,0.403,0.248,0.103,0.526,0.321,0.036,0.313,0.126,0.16
"Phosphodiesterase 3A",0.045,0.107,0.243,0.157,0.05,0.321,0.139,0.013,0.258,0.305,0.277
"C-C chemokine receptor type 1",0.089,0.143,0.134,0.061,0.05,0.298,0.018,0.288,0.395,0.366,0.005
"C-C chemokine receptor type 4",0.141,0.478,0.313,0.238,0.362,0.06,0.038,0.06,0.468,0.083,0.08
"Estrogen receptor beta",0.013,0.004,0.02,0.029,0.211,0.501,0.422,0.226,0.311,0.291,0.187
"Glyoxalase I",0.036,0.001,0.044,0.089,0.489,0.155,0.126,0.26,0.446,0.25,0.178
"Myosin light chain kinase, smooth muscle",0.498,0.565,0.132,0.314,0.445,0.07,0.477,0.326,0.379,0.545,0.412
"Serine/threonine-protein kinase AKT2",0.124,0.447,0.243,0.374,0.444,0.22,0.074,0.204,0.367,0.331,0.547
"Interleukin-8 receptor B",0.079,0.036,0.412,0.476,0.136,0.113,0.279,0.501,0.271,0.051,0.114
"Myeloperoxidase",0.091,0.031,0.504,0.245,0.012,0.074,0.238,0.146,0.207,0.06,0.32
"Coagulation factor X",0.03,0.338,0.174,0.282,0.128,0.483,0.253,0.475,0.109,0.378,0.431
"Deoxycytidine kinase",0.275,0.51,0.434,0.428,0.142,0.386,0.229,0.2,0.321,0.08,0.103
"Muscarinic acetylcholine receptor M3",0.003,0.035,0.464,0.15,0.018,0.147,0.172,0.004,0.36,0.297,0.523
"Beta-3 adrenergic receptor",0.103,0.401,0.448,0.443,0.158,0.541,0.256,0.211,0.54,0.338,0.337
"Death-associated protein kinase 3",0.021,0.329,0.35,0.202,0.006,0.408,0.08,0.049,0.411,0.058,0.411
"Methionine aminopeptidase 1",0.416,0.368,0.242,0.287,0.279,0.31,0.006,0.198,0.359,0.447,0.156
"Leukocyte elastase",0.062,0.329,0.176,0.017,0.011,0.305,0.217,0.051,0.329,0.438,0.082
"Beta amyloid A4 protein",0.001,0.143,0.102,0.001,0.007,0.547,0.294,0.009,0.116,0.15,0.323
"Neurokinin 1 receptor",0.408,0.021,0.303,0.103,0.06,0.399,0.461,0.124,0.421,0.039,0.21
"Neuronal acetylcholine receptor protein alpha-7 subunit",0.05,0.136,0.204,0.314,0.033,0.026,0.039,0.308,0.235,0.043,0.029
"Adenosine A2a receptor",0.199,0.374,0.172,0.515,0.038,0.247,0.085,0.188,0.384,0.177,0.054
"Endothelin receptor ET-A",0.067,0.001,0.083,0.494,0.048,0.365,0.488,0.09,0.31,0.296,0.303
"Beta secretase 2",0.352,0.433,0.328,0.326,0.038,0.453,0.393,0.033,0.248,0.425,0.278
"Serine/threonine-protein kinase Chk2",0.01,0.17,0.157,0.04,0.285,0.42,0.478,0.211,0.084,0.435,0.331
"Cannabinoid CB2 receptor",0.216,0.057,0.14,0.042,0.292,0.067,0.23,0.309,0.033,0.547,0.335
"3-phosphoinositide dependent protein kinase-1",0.317,0.058,0.187,0.108,0.039,0.473,0.325,0.014,0.461,0.502,0.094
"Phospholipase D1",0.081,0.291,0.245,0.123,0.118,0.401,0.48,0.505,0.093,0.488,0.039
"Phosphodiesterase 4A",0.296,0.301,0.265,0.184,0.127,0.351,0.185,0.068,0.19,0.181,0.093
"Adenosine A2b receptor",0.006,0.005,0.038,0.093,0.031,0.037,0.39,0.382,0.392,0.095,0.232
"Carboxypeptidase B",0.23,0.292,0.206,0.402,0.028,0.401,0.379,0.093,0.208,0.267,0.153
"Adenosine A3 receptor",0.152,0.069,0.048,0.242,0.047,0.267,0.225,0.138,0.203,0.163,0.107
"Histone deacetylase 5",0.314,0.58,0.284,0.213,0.155,0.243,0.24,0.522,0.589,0.387,0.351
"Liver glycogen phosphorylase",0.091,0.397,0.354,0.164,0.027,0.601,0.431,0.116,0.514,0.255,0.253
"Tyrosine-protein kinase LCK",0.144,0.437,0.331,0.388,0.159,0.49,0.532,0.038,0.243,0.264,0.095
"Cathepsin D",0.164,0.013,0.362,0.232,0.315,0.199,0.15,0.402,0.461,0.374,0.459
"Melanocortin receptor 4",0.409,0.377,0.38,0.434,0.44,0.479,0.198,0.405,0.306,0.109,0.385
"Peptide N-myristoyltransferase 1",0.033,0.305,0.387,0.119,0.002,0.217,0.505,0.013,0.35,0.162,0.37
"Tyrosine-protein kinase SYK",0.551,0.149,0.254,0.367,0.054,0.176,0.177,0.023,0.238,0.264,0.408
"MAP kinase p38 alpha",0.001,0.013,0.074,0.005,0.001,0.479,0.461,0.006,0.258,0.171,0.318
"Carbonic anhydrase I",0.002,0.07,0.404,0.046,0.22,0.178,0.313,0.211,0.386,0.436,0.194
"Furin",0.095,0.013,0.252,0.131,0.511,0.189,0.288,0.563,0.106,0.124,0.638
"Tryptase beta-1",0.316,0.276,0.143,0.357,0.139,0.208,0.377,0.138,0.511,0.348,0.212
"Glycogen synthase kinase-3 beta",0.177,0.504,0.131,0.476,0.025,0.423,0.394,0.04,0.296,0.474,0.191
"Dual specificity protein phosphatase 3",0.103,0.292,0.166,0.345,0.225,0.449,0.025,0.062,0.4,0.387,0.315
"c-Jun N-terminal kinase 3",0.455,0.062,0.149,0.075,0.066,0.281,0.178,0.036,0.213,0.4,0.346
"Histamine H3 receptor",0.014,0.061,0.332,0.432,0.395,0.485,0.356,0.187,0.216,0.377,0.363
"Phosphodiesterase 2A",0.002,0.56,0.187,0.058,0.021,0.265,0.018,0.003,0.247,0.399,0.131
"Adenosylhomocysteinase",0.127,0.47,0.289,0.162,0.285,0.219,0.375,0.158,0.424,0.18,0.422
"Tyrosine-protein kinase SRC",0.387,0.106,0.221,0.279,0.159,0.136,0.383,0.217,0.388,0.395,0.09
"Cathepsin K",0.4,0.381,0.104,0.24,0.389,0.356,0.407,0.098,0.422,0.461,0.211
"Macrophage-stimulating protein receptor",0.186,0.262,0.155,0.409,0.076,0.456,0.501,0.421,0.324,0.213,0.211
"Cystinyl aminopeptidase",0.438,0.263,0.155,0.266,0.089,0.245,0.238,0.078,0.53,0.48,0.114
"Focal adhesion kinase 1",0.321,0.479,0.365,0.132,0.262,0.342,0.241,0.474,0.339,0.046,0.384
"Mitogen-activated protein kinase kinase kinase 11",0.027,0.475,0.042,0.03,0.025,0.204,0.354,0.151,0.351,0.375,0.304
"Histone deacetylase 7",0.012,0.123,0.012,0.004,0.311,0.314,0.429,0.013,0.077,0.02,0.116
"Phosphodiesterase 11A",0.143,0.288,0.274,0.442,0.125,0.036,0.239,0.032,0.476,0.351,0.286
"Cytochrome P450 11B2",0.181,0.121,0.287,0.084,0.001,0.045,0.04,0.027,0.322,0.071,0.013
"Protein-glutamine gamma-glutamyltransferase",0.178,0.001,0.359,0.036,0.051,0.045,0.152,0.094,0.264,0.016,0.334
"Phospholipase D2",0,0.003,0.03,0.009,0.005,0.096,0.208,0.029,0.23,0.053,0.092
"Metabotropic glutamate receptor 4",0.418,0.158,0.163,0.336,0.561,0.552,0.263,0.436,0.338,0.514,0.19
"C-C chemokine receptor type 5",0.002,0.01,0.317,0.039,0.002,0.203,0.039,0.006,0.158,0.141,0.093
"Fibroblast growth factor receptor 3",0.004,0.011,0.39,0.094,0.134,0.291,0.066,0.326,0.244,0.076,0.335
"Phosphodiesterase 4B",0.195,0.216,0.248,0.275,0.24,0.389,0.196,0.191,0.301,0.233,0.328
"Ileal bile acid transporter",0.36,0.305,0.301,0.487,0.367,0.2,0.495,0.427,0.437,0.43,0.498
"Integrin alpha-4",0.242,0.013,0.269,0.399,0.044,0.396,0.315,0.033,0.281,0.145,0.209
"Sodium/hydrogen exchanger 1",0.003,0.301,0.21,0.002,0.001,0.179,0.296,0,0.162,0.423,0.25
"Acyl coenzyme A:cholesterol acyltransferase 1",0.233,0.441,0.11,0.315,0.235,0.323,0.469,0.174,0.484,0.267,0.211
"Estradiol 17-beta-dehydrogenase 2",0.303,0.03,0.163,0.447,0.291,0.025,0.308,0.353,0.576,0.148,0.055
"Vascular endothelial growth factor receptor 2",0.051,0.397,0.389,0.221,0.011,0.182,0.382,0.019,0.547,0.509,0.383
"Matrix metalloproteinase 13",0.226,0.001,0.022,0.172,0.292,0.474,0.387,0.173,0.137,0.344,0.128
"Tyrosine-protein kinase ZAP-70",0.021,0.36,0.428,0.024,0.008,0.513,0.303,0.011,0.117,0.525,0.287
"LXR-alpha",0.393,0.081,0.117,0.443,0.298,0.422,0.352,0.331,0.472,0.272,0.111
"Protein-glutamine gamma-glutamyltransferase K",0.058,0.003,0.043,0.484,0.304,0.371,0.482,0.551,0.322,0.323,0.059
"Nerve growth factor receptor Trk-A",0.178,0.216,0.337,0.268,0.212,0.391,0.598,0.6,0.342,0.348,0.401
"Coagulation factor XI",0.068,0.315,0.559,0.306,0.058,0.304,0.309,0.109,0.471,0.572,0.052
"Casein kinase I delta",0.018,0.001,0.391,0.031,0.043,0.11,0.378,0.428,0.196,0.172,0.044
"Matrix metalloproteinase 3",0.026,0.023,0.033,0.099,0.193,0.324,0.484,0.266,0.271,0.09,0.167
"Tyrosine-protein kinase JAK1",0.161,0.079,0.234,0.272,0.163,0.499,0.078,0.059,0.162,0.309,0.136
"Dipeptidyl peptidase IV",0.111,0.088,0.109,0.41,0.1,0.416,0.086,0.416,0.395,0.206,0.121
"Serine/threonine-protein kinase mTOR",0.359,0.574,0.322,0.382,0.178,0.2,0.038,0.054,0.218,0.246,0.299
"Glycogen synthase kinase-3 alpha",0.314,0.009,0.165,0.201,0.35,0.114,0.235,0.054,0.407,0.281,0.178
"Renin",0.053,0.031,0.34,0.091,0.571,0.356,0.541,0.409,0.396,0.04,0.016
"Sigma opioid receptor",0.054,0.256,0.076,0.116,0.456,0.04,0.386,0.163,0.298,0.448,0.417
"Mitogen-activated protein kinase kinase kinase 9",0.555,0.058,0.129,0.158,0.443,0.373,0.249,0.268,0.189,0.13,0.437
"Phosphodiesterase 4D",0.028,0.006,0.274,0.021,0.196,0.331,0.157,0.464,0.296,0.468,0.325
"Carbonic anhydrase III",0.217,0.057,0.344,0.396,0.016,0.338,0.172,0.053,0.384,0.448,0.099
"Hematopoietic cell protein-tyrosine phosphatase 70Z-PEP",0,0.01,0.355,0.021,0.002,0.509,0.046,0.057,0.436,0.179,0.027
"Phosphodiesterase 3B",0.056,0.411,0.104,0.168,0.239,0.438,0.365,0.302,0.351,0.377,0.112
"Arachidonate 15-lipoxygenase",0.002,0.038,0.467,0.16,0.209,0.403,0.519,0.526,0.365,0.247,0.25
"Phosphodiesterase 4C",0.011,0.08,0.439,0.074,0.005,0.111,0.197,0.011,0.233,0.325,0.315
"Telomerase reverse transcriptase",0.221,0.282,0.115,0.383,0.117,0.29,0.394,0.087,0.274,0.275,0.142
"Protein kinase C gamma",0.147,0.139,0.127,0.416,0.302,0.307,0.487,0.381,0.227,0.21,0.365
"Cathepsin S",0.232,0.492,0.259,0.423,0.145,0.042,0.081,0.338,0.4,0.479,0.181
"Sphingosine 1-phosphate receptor Edg-5",0.463,0.507,0.113,0.283,0.068,0.278,0.259,0.459,0.327,0.08,0.468
"Tyrosine-protein kinase ITK/TSK",0.394,0.371,0.387,0.245,0.339,0.429,0.201,0.27,0.5,0.227,0.29
"Dual specificity mitogen-activated protein kinase kinase 2",0.254,0.06,0.08,0.028,0.327,0.393,0.092,0.138,0.274,0.274,0.072
"Tyrosine-protein kinase JAK2",0.278,0.472,0.253,0.334,0.012,0.284,0.397,0.18,0.249,0.118,0.159
"Rho-associated protein kinase 2",0.35,0.271,0.38,0.402,0.222,0.086,0.309,0.316,0.382,0.168,0.297
"Cholecystokinin B receptor",0.14,0.02,0.214,0.019,0.233,0.192,0.12,0.173,0.389,0.058,0.185
"Protein kinase C alpha",0.025,0.528,0.163,0.093,0.22,0.038,0.283,0.102,0.103,0.065,0.312
"Protein kinase C delta",0.088,0.305,0.472,0.408,0.419,0.296,0.46,0.256,0.402,0.262,0.009
"P2X purinoceptor 3",0.272,0.053,0.126,0.271,0.075,0.09,0.054,0.062,0.241,0.108,0.373
"Multidrug resistance-associated protein 1",0.265,0.013,0.36,0.156,0.187,0.278,0.396,0.053,0.441,0.247,0.077
"Receptor protein-tyrosine kinase erbB-4",0.157,0.483,0.463,0.123,0.066,0.251,0.519,0.054,0.285,0.511,0.115
"Cyclin-dependent kinase 2",0.088,0.01,0.016,0.13,0.001,0.27,0.5,0.002,0.32,0.204,0.091
"Phosphodiesterase 7A",0.065,0.095,0.107,0.273,0.477,0.465,0.24,0.106,0.158,0.19,0.141
"Matriptase",0.276,0.349,0.457,0.173,0.493,0.375,0.148,0.411,0.271,0.313,0.491
"Sphingosine kinase 2",0.17,0.014,0.044,0.105,0.002,0.033,0.243,0.083,0.057,0.004,0.52
"Serine/threonine-protein kinase PLK1",0.025,0.26,0.121,0.106,0.017,0.227,0.347,0.016,0.387,0.343,0.126
"Carbonic anhydrase VI",0.064,0.117,0.091,0.336,0.001,0.1,0.026,0.452,0.403,0.004,0.055
"Protein kinase C beta",0.043,0.108,0.488,0.09,0.063,0.394,0.327,0.032,0.355,0.399,0.021
"Cyclin-dependent kinase 7",0.13,0.017,0.366,0.202,0.093,0.181,0.219,0.163,0.482,0.396,0.001
"Glycine transporter 2",0.373,0.015,0.347,0.224,0.026,0.102,0.439,0.482,0.238,0.037,0.32
"Cyclin-dependent kinase 1",0,0.54,0.088,0.172,0.004,0.52,0.508,0.037,0.045,0.098,0.216
"Excitatory amino acid transporter 1",0.252,0.049,0.438,0.133,0.187,0.258,0.379,0.309,0.355,0.238,0.079
"Plasma retinol-binding protein",0.002,0.217,0.079,0.028,0.105,0.153,0.269,0.341,0.298,0.334,0.165
"Poly [ADP-ribose] polymerase-1",0.484,0.111,0.178,0.361,0.004,0.222,0.332,0,0.459,0.383,0.18
"Thymidine phosphorylase",0.198,0.079,0.279,0.064,0.209,0.146,0.452,0.463,0.412,0.291,0.198
"Cyclin-dependent kinase 9",0.041,0.12,0.066,0.318,0.043,0.58,0.332,0.072,0.057,0.348,0.171
"PI3-kinase p110-delta subunit",0.126,0.013,0.211,0.04,0.253,0.179,0.193,0.147,0.078,0.047,0.155
"DNA-dependent protein kinase",0.047,0.191,0.068,0.082,0.131,0.077,0.378,0.362,0.365,0.436,0.524
"PI3-kinase p110-beta subunit",0.243,0.432,0.244,0.191,0.013,0.228,0.275,0.006,0.376,0.224,0.135
"Serotonin 7 (5-HT7) receptor",0.508,0.127,0.053,0.084,0.089,0.219,0.168,0.505,0.302,0.43,0.257
"Bradykinin B2 receptor",0.223,0.091,0.39,0.375,0.305,0.123,0.532,0.085,0.194,0.113,0.257
"Protein-tyrosine phosphatase 1C",0.103,0.146,0.091,0.549,0.025,0.455,0.308,0.002,0.214,0.288,0.041
"Carboxylesterase 2",0.016,0.057,0.154,0.435,0.071,0.082,0.137,0.315,0.304,0.395,0.423
"Estradiol 17-beta-dehydrogenase 1",0.003,0.503,0.394,0.09,0.031,0.208,0.227,0.167,0.579,0.224,0.264
"Histone deacetylase 8",0.007,0.218,0.305,0.194,0.028,0.357,0.525,0.12,0.392,0.476,0.405
"Prolyl endopeptidase",0,0.043,0.347,0.088,0.219,0.29,0.312,0.062,0.338,0.124,0.075
"Matrix metalloproteinase 9",0.446,0.211,0.091,0.035,0.014,0.148,0.273,0.015,0.152,0.342,0.012
"CD22",0.02,0.042,0.11,0.139,0.374,0.454,0.415,0.481,0.218,0.031,0.122
"Metabotropic glutamate receptor 5",0.095,0.513,0.502,0.391,0.307,0.385,0.44,0.57,0.301,0.575,0.218
"Sphingosine 1-phosphate receptor Edg-6",0.516,0.098,0.447,0.327,0.257,0.094,0.403,0.201,0.191,0.084,0.519
"Rho-associated protein kinase 1",0.492,0.065,0.094,0.193,0.338,0.218,0.031,0.057,0.406,0.236,0.118
"Tyrosine-protein kinase HCK",0.084,0.011,0.161,0.364,0.083,0.07,0.456,0.201,0.318,0.132,0.116
"Carbonic anhydrase XII",0.44,0.183,0.355,0.218,0.064,0.165,0.037,0.013,0.149,0.483,0.096
"Histone deacetylase 1",0.087,0.079,0.407,0.059,0.028,0.166,0.097,0.053,0.213,0.094,0.298
"Lysophosphatidic acid receptor Edg-7",0.048,0.396,0.341,0.316,0.489,0.19,0.432,0.158,0.285,0.192,0.447
"PI3-kinase p110-gamma subunit",0.096,0.005,0.473,0.147,0.077,0.12,0.307,0.023,0.302,0.183,0.195
"PI4-kinase beta subunit",0.158,0.191,0.273,0.438,0.316,0.214,0.328,0.085,0.401,0.442,0.069
"Cathepsin L2",0.113,0.375,0.418,0.376,0.23,0.28,0.34,0.111,0.278,0.141,0.175
"Urokinase-type plasminogen activator",0.089,0.079,0.128,0.291,0.139,0.164,0.282,0.046,0.131,0.27,0.398
"Testis-specific androgen-binding protein",0.194,0.313,0.127,0.122,0.071,0.164,0.182,0.055,0.256,0.302,0.38
"Caspase-6",0.08,0.139,0.344,0.619,0.228,0.092,0.27,0.025,0.045,0.295,0.599
"Cyclin-dependent kinase 4",0.031,0.091,0.349,0.021,0.003,0.323,0.24,0.016,0.396,0.13,0.082
"Histone deacetylase 11",0.214,0.067,0.143,0.224,0.025,0.168,0.328,0.381,0.079,0.133,0.459
"Sodium-dependent proline transporter",0.004,0.141,0.417,0.224,0.168,0.117,0.546,0.217,0.257,0.034,0.083
"Matrix metalloproteinase-1",0.08,0.009,0.347,0.025,0.05,0.154,0.143,0.012,0.054,0.05,0.133
"Matrix metalloproteinase-2",0.354,0.105,0.207,0.514,0.23,0.381,0.211,0.2,0.376,0.135,0.164
"Protein-tyrosine phosphatase 1B",0.273,0.27,0.477,0.18,0.411,0.327,0.334,0.287,0.366,0.423,0.317
"Acetyl-CoA carboxylase 1",0.295,0.181,0.162,0.405,0.166,0.266,0.266,0.121,0.289,0.104,0.35
"Serotonin 6 (5-HT6) receptor",0.339,0.011,0.428,0.281,0.007,0.187,0.503,0.007,0.403,0.408,0.379
"MAP kinase ERK1",0.004,0.453,0.359,0.372,0.028,0.428,0.075,0.335,0.44,0.216,0.354
"Cytochrome P450 2C9",0.191,0.146,0.428,0.111,0.119,0.316,0.27,0.222,0.362,0.219,0.302
"Probable G-protein coupled receptor 88",0.369,0.171,0.437,0.214,0.197,0.432,0.404,0.291,0.222,0.407,0.352
"Cytochrome P450 3A4",0.159,0.381,0.11,0.36,0.179,0.048,0.262,0.282,0.348,0.39,0.213
"Pregnane X receptor",0.069,0.201,0.263,0.451,0.021,0.22,0.154,0.001,0.37,0.261,0.286
"Carboxypeptidase B2 isoform A",0.542,0.12,0.167,0.374,0.333,0.308,0.223,0.321,0.189,0.08,0.236
"Serotonin 5a (5-HT5a) receptor",0.122,0.117,0.06,0.201,0.376,0.374,0.304,0.386,0.235,0.087,0.206
"Estrogen-related receptor alpha",0.209,0.039,0.539,0.287,0.022,0.119,0.438,0.159,0.396,0.241,0.141
"Amine oxidase, copper containing",0.052,0.374,0.35,0.038,0.331,0.382,0.207,0.371,0.149,0.148,0.225
"Protein kinase C zeta",0.339,0.02,0.132,0.17,0.28,0.36,0.354,0.443,0.357,0.292,0.361
"Melanin-concentrating hormone receptor 1",0.233,0.466,0.245,0.45,0.282,0.141,0.153,0.034,0.447,0.443,0.104
"Caspase-7",0.42,0.451,0.233,0.484,0.277,0.337,0.157,0.492,0.402,0.468,0.303
"C-C chemokine receptor type 3",0.096,0.099,0.163,0.249,0.526,0.323,0.314,0.369,0.288,0.293,0.339
"Phospholipase A2 group IIA",0.068,0.147,0.371,0.225,0.43,0.221,0.271,0.269,0.288,0.145,0.196
"Plasminogen activator inhibitor-1",0.238,0.304,0.131,0.385,0.008,0.253,0.285,0.006,0.244,0.089,0.239
"Inhibitor of nuclear factor kappa B kinase alpha subunit",0.325,0.534,0.033,0.23,0.15,0.428,0.132,0.374,0.531,0.289,0.288
"Proteasome Macropain subunit",0.319,0.047,0.379,0.113,0.404,0.115,0.057,0.405,0.495,0.309,0.064
"Carbonic anhydrase XIV",0.351,0.214,0.418,0.08,0.465,0.265,0.148,0.172,0.493,0.4,0.341
"LDL-associated phospholipase A2",0.392,0.195,0.26,0.117,0.056,0.042,0.261,0.005,0.191,0.397,0.059
"Cytochrome P450 17A1",0.3,0.34,0.393,0.34,0.239,0.094,0.105,0.062,0.412,0.121,0.242
"Histone deacetylase 4",0.058,0.027,0.179,0.256,0.282,0.477,0.246,0.137,0.317,0.384,0.072
"Inhibitor of nuclear factor kappa B kinase epsilon subunit",0.071,0.482,0.148,0.307,0.461,0.266,0.456,0.118,0.147,0.271,0.077
"Phosphodiesterase 9A",0.188,0.101,0.492,0.138,0.301,0.521,0.379,0.157,0.243,0.351,0.38
"Tyrosine-protein kinase TYK2",0.21,0.485,0.321,0.108,0.07,0.456,0.24,0.073,0.266,0.568,0.178
"Steryl-sulfatase",0.531,0.074,0.225,0.54,0.464,0.192,0.283,0.28,0.256,0.467,0.249
"Nitric-oxide synthase, brain",0.006,0.207,0.252,0.025,0.022,0.451,0.18,0.307,0.298,0.454,0.143
"Cholesteryl ester transfer protein",0.239,0,0.228,0.371,0.103,0.245,0.276,0.279,0.36,0.114,0.209
"Protein kinase C epsilon",0.249,0.078,0.135,0.125,0.042,0.319,0.232,0.172,0.384,0.387,0.473
"Dual specificity mitogen-activated protein kinase kinase 1",0.046,0.007,0.291,0.393,0.054,0.08,0.484,0.182,0.234,0.185,0.4
"Adenosine kinase",0.001,0.211,0.46,0.013,0.002,0.182,0.294,0.005,0.409,0.327,0.125
"Hormone sensitive lipase",0.001,0.111,0.284,0.001,0.001,0.048,0.247,0,0.231,0.019,0.121
"Carbonic anhydrase IX",0.195,0,0.1,0.132,0.065,0.232,0.07,0.214,0.221,0.058,0.033
"Protein kinase C eta",0.021,0.318,0.165,0.206,0.059,0.177,0.503,0.321,0.101,0.119,0.036
"Cytochrome P450 2C19",0.35,0.009,0.085,0.344,0.117,0.142,0.416,0.38,0.304,0.018,0.291
"Quinone reductase 1)",0.526,0.252,0.298,0.491,0.148,0.31,0.177,0.13,0.174,0.248,0.098
"Casein kinase II alpha",0.019,0.077,0.488,0.39,0.255,0.25,0.495,0.36,0.504,0.251,0.36
"Opioid growth factor receptor-like protein 1",0.219,0.13,0.233,0.183,0.287,0.092,0.067,0.072,0.436,0.203,0.073
"Kininogen-1",0.491,0.027,0.377,0.226,0.037,0.317,0.143,0.317,0.535,0.248,0.053
"Acetyl-coenzyme A transporter 1",0.357,0.004,0.144,0.194,0.066,0.1,0.107,0.014,0.319,0.148,0.274
"Fibroblast growth factor receptor 1",0.188,0.093,0.35,0.021,0.051,0.299,0.165,0.005,0.524,0.381,0.492
"PI4-kinase alpha subunit",0.054,0.166,0.01,0.306,0.143,0.332,0.293,0.421,0.096,0.016,0.127
"Arachidonate 12-lipoxygenase",0.04,0.456,0.17,0.132,0.222,0.205,0.351,0.339,0.192,0.389,0.496
"Autotaxin",0.381,0.154,0.095,0.428,0.368,0.492,0.247,0.473,0.494,0.325,0.447
"ADAM17",0.25,0.344,0.259,0.059,0.308,0.168,0.355,0.036,0.334,0.209,0.304
"Prostanoid EP3 receptor",0.268,0.343,0.487,0.345,0.335,0.465,0.387,0.268,0.332,0.285,0.087
"Hepatocyte growth factor receptor",0.047,0.09,0.451,0.087,0.035,0.024,0.509,0.237,0.116,0.149,0.158
"Carbonic anhydrase IV",0.336,0.061,0.395,0.508,0.107,0.071,0.442,0.032,0.352,0.231,0.362
"11-beta-hydroxysteroid dehydrogenase 2",0.028,0.103,0.468,0.15,0.07,0.295,0.448,0.124,0.324,0.306,0.119
"Histamine H4 receptor",0.261,0.039,0.482,0.037,0.275,0.331,0.339,0.13,0.328,0.124,0.036
"Beta-glucosidase",0.495,0.002,0.215,0.293,0.018,0.463,0.18,0.014,0.183,0.175,0.323
"Urotensin II receptor",0.138,0.051,0.348,0.247,0.418,0.077,0.084,0.114,0.073,0.004,0.095
"Metabotropic glutamate receptor 1",0.052,0.004,0.577,0.383,0.001,0.362,0.386,0.031,0.279,0.079,0.288
"Dual specificity phosphatase Cdc25A",0,0.154,0.502,0.181,0.247,0.11,0.298,0.035,0.394,0.401,0.059
"Caspase-8",0.18,0.395,0.375,0.209,0.016,0.259,0.194,0.109,0.419,0.316,0.445
"Interleukin-1 receptor-associated kinase 4",0.416,0.134,0.32,0.493,0.38,0.09,0.227,0.453,0.283,0.348,0.429
"Histone acetyltransferase p300",0.044,0.213,0.238,0.296,0.035,0.386,0.265,0.081,0.262,0.085,0.429
"Hydroxycarboxylic acid receptor 2",0.095,0.22,0.155,0.121,0.179,0.402,0.249,0.253,0.376,0.427,0.381
"Serine/threonine-protein kinase PLK4",0.232,0.19,0.312,0.334,0.233,0.196,0.28,0.408,0.471,0.215,0.491
"Melanocortin receptor 1",0.393,0.021,0.106,0.168,0.022,0.05,0.438,0.431,0.046,0.149,0.094
"Calcitonin gene-related peptide type 1 receptor",0.041,0.021,0.311,0.114,0.084,0.064,0.51,0.444,0.201,0.157,0.286
"T-cell protein-tyrosine phosphatase",0.5,0.179,0.313,0.224,0.397,0.029,0.171,0.159,0.429,0.178,0.102
"Cytosolic phospholipase A2",0.321,0.191,0.349,0.459,0.292,0.247,0.284,0.137,0.429,0.33,0.46
"Hexokinase type IV",0.29,0.156,0.313,0.246,0.291,0.25,0.36,0.198,0.301,0.327,0.505
"Serine/threonine-protein kinase NEK2",0.192,0.014,0.125,0.037,0.279,0.014,0.254,0.311,0.194,0.125,0.325
"LIM domain kinase 1",0.145,0.014,0.184,0.193,0.314,0.125,0.014,0.064,0.099,0.292,0.48
"Cathepsin L",0.002,0.511,0.402,0.116,0.013,0.184,0.126,0.143,0.54,0.471,0.321
"Protein kinase C mu",0.085,0.116,0.075,0.109,0.397,0.355,0.063,0.341,0.497,0.173,0.227
"Protein-tyrosine phosphatase 2C",0.031,0.11,0.428,0.099,0.244,0.349,0.312,0.262,0.178,0.238,0.163
"Matrix metalloproteinase 14",0.26,0.286,0.046,0.224,0.182,0.183,0.348,0.078,0.392,0.351,0.213
"Heat shock protein HSP 90-alpha",0,0.15,0.2,0.162,0.007,0.188,0.01,0.597,0.507,0.509,0.004
"Sodium/glucose cotransporter 2",0.009,0.266,0.445,0.152,0.058,0.365,0.453,0.236,0.403,0.473,0.092
"Calpain 1",0.102,0.049,0.296,0.049,0.407,0.042,0.429,0.07,0.067,0.011,0.422
"Sphingosine 1-phosphate receptor Edg-3",0.036,0.409,0.416,0.425,0.382,0.05,0.498,0.333,0.41,0.346,0.401
"Bone morphogenetic protein 1",0.101,0.488,0.319,0.083,0.31,0.278,0.335,0.106,0.131,0.208,0.154
"Glutathione S-transferase Pi",0.099,0.139,0.168,0.128,0.001,0.518,0.471,0,0.352,0.369,0.246
"Tyrosine-protein kinase Lyn",0.242,0.03,0.516,0.167,0.103,0.299,0.144,0.207,0.336,0.055,0.166
"Ribosomal protein S6 kinase alpha 2",0.316,0.009,0.124,0.36,0.024,0.27,0.136,0.235,0.031,0.007,0.307
"Carbonic anhydrase XIII",0.256,0.215,0.572,0.306,0.244,0.363,0.212,0.065,0.116,0.105,0.073
"Complement C1s",0.444,0.259,0.09,0.536,0.063,0.536,0.374,0.273,0.097,0.19,0.388
"Protein kinase C theta",0.036,0.108,0.102,0.026,0.012,0.178,0.293,0.138,0.384,0.404,0.217
"Heparanase",0.022,0.088,0.196,0.042,0.016,0.412,0.157,0.008,0.419,0.166,0.442
"Methionine aminopeptidase 2",0,0.388,0.181,0.077,0.002,0.333,0.123,0.006,0.46,0.213,0.197
"Serine/threonine-protein kinase Aurora-C",0.002,0.114,0.422,0.532,0.002,0.187,0.358,0.206,0.125,0.072,0.192
"Quinone reductase 2",0.212,0.361,0.372,0.357,0.492,0.449,0.448,0.339,0.25,0.424,0.195
"MAP kinase p38 beta",0.284,0.252,0.461,0.3,0.259,0.247,0.113,0.16,0.223,0.058,0.422
"Carbonic anhydrase VB",0.116,0.023,0.404,0.159,0.144,0.085,0.145,0.027,0.326,0.023,0.491
"GAR transformylase",0.001,0.071,0.05,0.004,0.009,0.052,0.02,0.173,0.191,0.31,0.106
"Proteinase-activated receptor 1",0.003,0.346,0.079,0.005,0.109,0.504,0.26,0.094,0.328,0.346,0.538
"Fructose-1,6-bisphosphatase",0.273,0.072,0.026,0.304,0.19,0.283,0.448,0.353,0.213,0.422,0.065
"Dipeptidyl peptidase II",0.023,0.085,0.472,0.522,0.306,0.163,0.359,0.39,0.316,0.051,0.225
"Peroxisome proliferator-activated receptor delta",0.011,0.046,0.433,0.491,0.002,0.459,0.195,0.021,0.31,0.192,0.199
"Serine/threonine-protein kinase 10",0.009,0.311,0.296,0.159,0.339,0.121,0.453,0.14,0.511,0.413,0.092
"Dual specificity protein kinase TTK",0.118,0.364,0.127,0.408,0,0.459,0.391,0.012,0.264,0.037,0.157
"Coagulation factor VII",0.005,0.03,0.128,0.079,0.15,0.114,0.366,0.016,0.286,0.584,0.445
"PI3-kinase p110-alpha subunit",0.348,0.106,0.46,0.131,0.199,0.196,0.359,0.199,0.113,0.196,0.143
"Tyrosine-protein kinase ABL2",0.005,0.01,0.59,0.385,0.542,0.129,0.427,0.298,0.532,0.035,0.247
"C-C chemokine receptor type 2",0.011,0.245,0.479,0.363,0.052,0.105,0.468,0.358,0.411,0.193,0.238
"Glutamate receptor ionotropic, AMPA 2",0.242,0.009,0.277,0.169,0.45,0.521,0.432,0.164,0.55,0.28,0.203
"Neuropeptide Y receptor type 2",0.412,0.046,0.085,0.287,0.088,0.219,0.057,0.167,0.365,0.15,0.379
"HMG-CoA reductase",0.08,0.323,0.041,0.116,0.013,0.423,0.364,0.018,0.26,0.133,0.336
"Signal transducer and activator of transcription 3",0.02,0.053,0.09,0.448,0.191,0.035,0.225,0.194,0.348,0.185,0.253
"Interleukin-8 receptor A",0,0.149,0.285,0.046,0.042,0.277,0.477,0.335,0.386,0.05,0.523
"Cyclin-dependent kinase 5",0.075,0.342,0.368,0.379,0.201,0.426,0.132,0.372,0.422,0.267,0.098
"MAP kinase ERK2",0.133,0.334,0.553,0.246,0.474,0.312,0.07,0.135,0.386,0.269,0.409
"Cystic fibrosis transmembrane conductance regulator",0.013,0.158,0.453,0.109,0.144,0.05,0.208,0.359,0.385,0.405,0.326
"Chymase",0.038,0.018,0.122,0.139,0.002,0.095,0.471,0.009,0.284,0.299,0.408
"Casein kinase II alpha (prime)",0.007,0.196,0.226,0.045,0.01,0.377,0.409,0.012,0.212,0.315,0.201
"Cathepsin B",0.008,0.458,0.384,0.178,0.185,0.174,0.098,0.455,0.385,0.27,0.284
"Matrix metalloproteinase 7",0.319,0.033,0.369,0.034,0,0.369,0.222,0.006,0.323,0.021,0.191
"Bombesin receptor subtype-3",0.005,0.465,0.301,0.081,0.527,0.198,0.515,0.073,0.355,0.452,0.256
"LXR-beta",0.309,0.283,0.121,0.055,0.249,0.28,0.132,0.443,0.258,0.302,0.015
"Neurotensin receptor 1",0.11,0.022,0.089,0.091,0.021,0.087,0.225,0.004,0.233,0.328,0.239
"Tyrosine-protein kinase TIE-2",0.077,0.007,0.007,0.356,0.036,0.48,0.437,0.041,0.301,0.446,0.282
"Fibroblast growth factor receptor 2",0.462,0.073,0.371,0.438,0.35,0.073,0.156,0.013,0.188,0.106,0.27
"Histone deacetylase 9",0,0.057,0.196,0.019,0.01,0.394,0.335,0.056,0.561,0.402,0.172
"Fatty acid synthase",0.333,0.351,0.334,0.232,0.059,0.389,0.204,0.022,0.311,0.35,0.247
"c-Jun N-terminal kinase 2",0.163,0.188,0.152,0.519,0.062,0.473,0.097,0.046,0.082,0.309,0.243
"Sodium channel protein type II alpha subunit",0.061,0.016,0.065,0.262,0.173,0.14,0.37,0.262,0.468,0.134,0.342
"Monoglyceride lipase",0.411,0.131,0.238,0.296,0.01,0.354,0.296,0.014,0.194,0.166,0.217
"Inhibitor of apoptosis protein 3",0.198,0.407,0.174,0.088,0.046,0.38,0.142,0.004,0.388,0.322,0.11
"Serine/threonine-protein kinase 2",0.009,0.007,0.06,0.008,0.028,0.389,0.08,0.003,0.311,0.519,0.059
"Dual specificity protein kinase CLK4",0.13,0.015,0.465,0.007,0.302,0.085,0.483,0.078,0.382,0.507,0.027
"MAP kinase signal-integrating kinase 2",0.026,0.039,0.298,0.329,0.424,0.203,0.306,0.136,0.097,0.29,0.189
"Proteasome component C5",0.34,0.03,0.241,0.105,0.141,0.35,0.457,0.163,0.246,0.265,0.092
"Tyrosine-protein kinase FRK",0.107,0.143,0.184,0.233,0.246,0.286,0.018,0.088,0.231,0.076,0.053
"Dual specificty protein kinase CLK1",0.009,0.447,0.365,0.106,0.049,0.107,0.269,0.425,0.494,0.393,0.402
"Dual specificity protein kinase CLK2",0.342,0.053,0.208,0.458,0.34,0.519,0.39,0.403,0.374,0.398,0.116
"Lipoxin A4 receptor",0.263,0.401,0.122,0.528,0.236,0.243,0.507,0.323,0.275,0.218,0.271
"Estradiol 17-beta-dehydrogenase 3",0.362,0.197,0.069,0.127,0.299,0.325,0.132,0.371,0.41,0.461,0.464
"11-beta-hydroxysteroid dehydrogenase 1",0.144,0.286,0.144,0.529,0.045,0.437,0.128,0.028,0.2,0.201,0.344
"Ribosomal protein S6 kinase alpha 5",0.049,0.008,0.407,0.047,0.004,0.374,0.409,0.007,0.335,0.379,0.244
"ALK tyrosine kinase receptor",0.183,0.031,0.02,0.029,0.212,0.136,0.363,0.106,0.342,0.459,0.178
"Hypoxia-inducible factor 1 alpha",0.089,0.001,0.276,0.144,0.1,0.245,0.107,0.092,0.077,0.038,0.431
"TGF-beta receptor type II",0.54,0.013,0.261,0.334,0.204,0.322,0.472,0.177,0.544,0.485,0.449
"Serine/threonine-protein kinase AKT",0.233,0.126,0.512,0.354,0.148,0.315,0.211,0.279,0.248,0.152,0.233
"Sodium channel protein type IX alpha subunit",0.027,0.087,0.029,0.035,0.189,0.466,0.495,0.052,0.052,0.205,0.131
"P-glycoprotein 1",0.049,0.498,0.04,0.182,0.284,0.322,0.523,0.201,0.47,0.353,0.335
"Heat shock protein HSP 90-beta",0.012,0.326,0.49,0.042,0.001,0.403,0.486,0.003,0.346,0.205,0.4
"Calcium-activated potassium channel subunit alpha-1",0.106,0.19,0.502,0.38,0.128,0.199,0.179,0.491,0.223,0.062,0.206
"Intermediate conductance calcium-activated potassium channel protein 4",0.396,0.009,0.116,0.365,0.247,0.34,0.299,0.213,0.469,0.126,0.438
"Voltage-gated potassium channel subunit Kv1.5",0.537,0.01,0.068,0.034,0.191,0.219,0.277,0.062,0.302,0.278,0.439
"Bradykinin B1 receptor",0.34,0.144,0.325,0.375,0.353,0.08,0.133,0.067,0.221,0.277,0.164
"Purinergic receptor P2Y1",0.006,0.058,0.269,0.205,0,0.227,0.265,0.067,0.251,0.025,0.045
"Sphingosine 1-phosphate receptor Edg-1",0.018,0.002,0.189,0.297,0.035,0.005,0.259,0.004,0.476,0.059,0.03
"Purine nucleoside phosphorylase",0,0.008,0.071,0.002,0.004,0.148,0.213,0.008,0.463,0.255,0.383
"Serine/threonine-protein kinase GAK",0.09,0.189,0.013,0.033,0.391,0.059,0.03,0.449,0.02,0.477,0.176
"Induced myeloid leukemia cell differentiation protein Mcl-1",0.517,0.17,0.057,0.315,0.291,0.256,0.414,0.301,0.2,0.169,0.123
"Dual-specificity tyrosine-phosphorylation regulated kinase 2",0.259,0.089,0.248,0.319,0.266,0.374,0.242,0.063,0.326,0.452,0.149
"Gastric inhibitory polypeptide receptor",0,0.381,0.332,0.011,0.002,0.4,0.235,0.092,0.496,0.31,0.057
"Matrix metalloproteinase 12",0.404,0.263,0.446,0.236,0.41,0.102,0.145,0.064,0.472,0.151,0.149
"Sphingosine kinase 1",0.411,0.214,0.004,0.055,0.024,0.126,0.484,0.11,0.006,0.006,0.31
"Phosphodiesterase 8B",0.295,0.314,0.309,0.383,0.357,0.29,0.035,0.156,0.192,0.491,0.271
"Phosphodiesterase 10A",0.444,0.236,0.098,0.427,0.44,0.261,0.14,0.313,0.497,0.209,0.186
"Free fatty acid receptor 1",0.218,0.073,0.091,0.461,0.027,0.104,0.286,0.033,0.212,0.339,0.315
"Prostanoid DP receptor",0.009,0.012,0.387,0.114,0.023,0.416,0.201,0.015,0.459,0.242,0.348
"Neurokinin 3 receptor",0.201,0.028,0.369,0.25,0.509,0.341,0.53,0.362,0.342,0.409,0.538
"TGF-beta receptor type I",0.239,0.06,0.07,0.566,0.18,0.241,0.244,0.301,0.545,0.183,0.371
"C-X-C chemokine receptor type 3",0.042,0.118,0.423,0.236,0.182,0.274,0.387,0.171,0.302,0.088,0.208
"Vitamin K-dependent protein C",0.08,0.139,0.321,0.432,0.393,0.396,0.19,0.137,0.459,0.272,0.425
"Tyrosine-protein kinase FGR",0.024,0.278,0.277,0.048,0.211,0.186,0.3,0.311,0.338,0.449,0.249
"NAD-dependent deacetylase sirtuin 3",0.061,0.024,0.337,0.331,0.44,0.228,0.498,0.24,0.417,0.216,0.25
"NAD-dependent deacetylase sirtuin 2",0.317,0.049,0.513,0.2,0.055,0.134,0.298,0.024,0.358,0.097,0.123
"Acyl coenzyme A:cholesterol acyltransferase 2",0.225,0.021,0.262,0.386,0.046,0.482,0.18,0.026,0.489,0.273,0.05
"Voltage-gated N-type calcium channel alpha-1B subunit",0.018,0.011,0.144,0.07,0.016,0.493,0.31,0.045,0.296,0.286,0.435
"Nitric oxide synthase, inducible",0.124,0.459,0.193,0.32,0.022,0.331,0.059,0.268,0.414,0.235,0.084
"Serine/threonine-protein kinase PAK 4",0.14,0.17,0.473,0.08,0.007,0.278,0.407,0.044,0.325,0.181,0.258
"Ribosomal protein S6 kinase 1",0.573,0.199,0.384,0.421,0.391,0.453,0.526,0.586,0.396,0.372,0.23
"NAD-dependent deacetylase sirtuin 1",0.058,0.071,0.149,0.263,0.313,0.26,0.387,0.352,0.22,0.279,0.097
"Glutaminyl-peptide cyclotransferase",0.2,0.406,0.211,0.261,0.012,0.437,0.408,0.359,0.099,0.064,0.398
"Serine/threonine-protein kinase PIM2",0.234,0.235,0.358,0.303,0.267,0.111,0.102,0.327,0.383,0.412,0.054
"TRAF2- and NCK-interacting kinase",0.038,0.365,0.328,0.035,0.008,0.427,0.139,0.017,0.205,0.214,0.285
"Coagulation factor XIII",0.338,0.231,0.33,0.183,0.22,0.466,0.196,0.101,0.297,0.288,0.385
"5-lipoxygenase activating protein",0.268,0.4,0.369,0.403,0.101,0.35,0.498,0.082,0.35,0.221,0.47
"Neuropeptide Y receptor type 5",0.183,0.061,0.161,0.096,0.348,0.095,0.356,0.406,0.331,0.34,0.053
"Kinesin-like protein 1",0.47,0.022,0.067,0.428,0.271,0.023,0.215,0.321,0.298,0.239,0.274
"Matrix metalloproteinase 8",0.034,0.181,0.37,0.074,0.007,0.105,0.094,0.008,0.063,0.144,0.252
"C-C chemokine receptor type 8",0.357,0.119,0.139,0.409,0.132,0.359,0.458,0.044,0.255,0.344,0.149
"Tyrosine kinase non-receptor protein 2",0.002,0.093,0.419,0.004,0.01,0.039,0.132,0.002,0.179,0.337,0.405
"Serine/threonine-protein kinase PAK 1",0.266,0.152,0.428,0.392,0.329,0.153,0.068,0.042,0.488,0.191,0.418
"Tyrosine-protein kinase BRK",0.035,0.058,0.333,0.033,0.364,0.18,0.336,0.051,0.075,0.373,0.087
"Melanocortin receptor 5",0.227,0.153,0.184,0.325,0.186,0.179,0.235,0.027,0.047,0.156,0.293
"Ghrelin receptor",0.099,0.316,0.407,0.096,0.509,0.44,0.383,0.315,0.402,0.513,0.239
"Phenylethanolamine N-methyltransferase",0.379,0.001,0.274,0.252,0.014,0.279,0.3,0.015,0.452,0.234,0.012
"Leukotriene A4 hydrolase",0.283,0.023,0.358,0.414,0.015,0.048,0.375,0.407,0.187,0.006,0.404
"Apoptosis regulator Bcl-X",0.019,0.001,0.483,0.038,0.056,0.107,0.034,0.168,0.19,0.372,0.482
"Serine/threonine-protein kinase Chk1",0.157,0.41,0.421,0.38,0.028,0.525,0.216,0.042,0.396,0.302,0.228
"Voltage-gated potassium channel subunit Kv1.3",0.204,0.158,0.14,0.491,0.01,0.306,0.389,0.012,0.447,0.442,0.399
"Voltage-gated T-type calcium channel alpha-1G subunit",0.508,0.205,0.328,0.415,0.209,0.067,0.124,0.435,0.191,0.029,0.41
"Melanocortin receptor 3",0.103,0.537,0.253,0.362,0.031,0.398,0.313,0.123,0.457,0.096,0.189
"Dipeptidyl peptidase VIII",0.165,0.142,0.156,0.197,0.139,0.041,0.179,0.623,0.008,0.017,0.299
"Lymphocyte differentiation antigen CD38",0.446,0.32,0.466,0.31,0.328,0.286,0.438,0.154,0.491,0.388,0.339
"Proteasome Macropain subunit MB1",0.248,0.004,0.077,0.332,0.19,0.041,0.197,0.227,0.21,0.071,0.099
"Apoptosis regulator Bcl-W",0.441,0.361,0.144,0.413,0.295,0.438,0.456,0.202,0.221,0.421,0.38
"Aldo-keto-reductase family 1 member C3",0.055,0.047,0.244,0.118,0.161,0.196,0.253,0.184,0.483,0.104,0.06
"Fibroblast activation protein alpha",0.028,0.247,0.144,0.027,0.003,0.118,0.124,0.035,0.272,0.38,0.009
"Indoleamine 2,3-dioxygenase",0.369,0.413,0.151,0.297,0.318,0.131,0.079,0.042,0.355,0.384,0.053
"Malonyl-CoA decarboxylase",0.285,0.026,0.271,0.412,0.385,0.367,0.238,0.228,0.412,0.165,0.02
"Isoprenylcysteine carboxyl methyltransferase",0.059,0.041,0.303,0.419,0.083,0.136,0.235,0.066,0.138,0.215,0.243
"Serine/threonine-protein kinase Aurora-A",0.066,0.007,0.229,0.426,0.008,0.339,0.074,0.132,0.454,0.312,0.099
"C3a anaphylatoxin chemotactic receptor",0.272,0.08,0.508,0.326,0.052,0.215,0.139,0.223,0.367,0.446,0.113
"Vesicular acetylcholine transporter",0.381,0.353,0.135,0.069,0.365,0.164,0.14,0.506,0.217,0.234,0.035
"Geranylgeranyl pyrophosphate synthetase",0.305,0.328,0.296,0.033,0.476,0.333,0.576,0.291,0.155,0.247,0.351
"Neuropeptide Y receptor type 1",0.461,0.207,0.483,0.236,0.081,0.499,0.165,0.048,0.279,0.272,0.475
"Carbonic anhydrase VA",0.406,0.362,0.415,0.4,0.501,0.221,0.184,0.502,0.38,0.169,0.038
"Endothelin-converting enzyme 1",0.018,0.495,0.103,0.034,0.195,0.478,0.453,0.104,0.337,0.36,0.507
"Orexin receptor 2",0.054,0.237,0.031,0.048,0.354,0.357,0.377,0.242,0.223,0.132,0.438
"Dipeptidyl peptidase IX",0.489,0.214,0.28,0.508,0.274,0.243,0.391,0.447,0.338,0.505,0.096
"Vanilloid receptor",0.364,0.393,0.409,0.059,0.021,0.453,0.389,0.002,0.398,0.173,0.345
"Caspase-1",0.003,0.009,0.034,0.053,0.12,0.394,0.585,0.043,0.2,0.358,0.462
"Nitric-oxide synthase, endothelial",0.28,0.043,0.287,0.489,0.409,0.357,0.239,0.378,0.482,0.259,0.124
"Dual specificity phosphatase Cdc25B",0.013,0.025,0.086,0.057,0.051,0.122,0.194,0.036,0.512,0.481,0.234
"P2X purinoceptor 7",0.081,0.163,0.38,0.092,0.027,0.205,0.227,0.219,0.517,0.149,0.119
"Serine/threonine-protein kinase AKT3",0.249,0.08,0.289,0.312,0.392,0.286,0.204,0.237,0.401,0.478,0.268
"Beta-secretase 1",0.271,0.408,0.451,0.045,0.018,0.345,0.383,0.003,0.135,0.064,0.291
"Acetyl-CoA carboxylase 2",0.199,0.387,0.165,0.14,0.406,0.276,0.457,0.037,0.095,0.339,0.091
"L-lactate dehydrogenase A chain",0.001,0.477,0.029,0.002,0.001,0.172,0.093,0.001,0.052,0.343,0.027
"C-X3-C chemokine receptor 1",0.019,0.189,0.117,0.143,0.308,0.191,0.472,0.283,0.236,0.149,0.192
"Eukaryotic translation initation factor",0.035,0.003,0.44,0.112,0.134,0.444,0.249,0.358,0.331,0.261,0.083
"Apoptosis regulator Bcl-2",0,0.373,0.417,0.129,0.002,0.004,0.063,0.422,0.164,0.019,0.259
"Cytochrome P450 1B1",0.019,0.308,0.244,0.301,0.002,0.034,0.575,0.034,0.065,0.011,0.205
"Tyrosine-protein kinase receptor UFO",0.079,0.011,0.529,0.179,0.199,0.051,0.548,0.048,0.065,0.043,0.26
"Neurotrophic tyrosine kinase receptor type 2",0.312,0.436,0.172,0.193,0.36,0.122,0.346,0.383,0.341,0.459,0.457
"Mitogen-activated protein kinase kinase kinase 8",0.097,0.308,0.456,0.061,0.217,0.171,0.309,0.246,0.213,0.476,0.42
"Low molecular weight phosphotyrosine protein phosphatase",0.169,0.058,0.51,0.346,0.355,0.404,0.393,0.257,0.436,0.472,0.199
"Casein kinase I epsilon",0.346,0.018,0.166,0.008,0.085,0.115,0.123,0.056,0.238,0.037,0.164
"L-lactate dehydrogenase B chain",0.15,0.194,0.131,0.197,0.333,0.343,0.401,0.084,0.131,0.369,0.144
"S-methyl-5-thioadenosine phosphorylase",0.148,0.01,0.094,0.027,0.238,0.163,0.267,0.011,0.25,0.074,0.415
"Proto-oncogene c-JUN",0.284,0.308,0.447,0.313,0.173,0.414,0.316,0.181,0.069,0.38,0.367
"Sodium/glucose cotransporter 1",0.11,0.019,0.369,0.294,0.135,0.209,0.346,0.133,0.218,0.052,0.453
"Transketolase",0.034,0.254,0.224,0.188,0.075,0.291,0.081,0.074,0.362,0.075,0.072
"Serine/threonine-protein kinase RIPK2",0.255,0.197,0.081,0.103,0.175,0.122,0.064,0.001,0.19,0.565,0.118
"p53-binding protein Mdm-2",0.026,0.431,0.332,0.027,0.101,0.156,0.435,0.042,0.416,0.201,0.483
"Serine-protein kinase ATR",0.565,0.486,0.419,0.074,0.009,0.251,0.275,0.004,0.534,0.375,0.179
"ADAM10",0.425,0.327,0.411,0.235,0.393,0.152,0.401,0.221,0.23,0.384,0.068
"Endoplasmic reticulum aminopeptidase 2",0.32,0.403,0.089,0.466,0.011,0.054,0.306,0.105,0.156,0.037,0.116
"G protein-coupled receptor 44",0.037,0.453,0.333,0.095,0.356,0.077,0.328,0.491,0.351,0.399,0.398
"Endothelial lipase",0.002,0.024,0.386,0.007,0.05,0.036,0.098,0.32,0.189,0.126,0.208
"Histone deacetylase 10",0.416,0.199,0.133,0.138,0.033,0.462,0.494,0.013,0.405,0.302,0.339
"GABA receptor alpha-5 subunit",0.166,0.025,0.286,0.115,0.021,0.072,0.156,0,0.361,0.174,0.389
"Orexin receptor 1",0.166,0.127,0.414,0.254,0.084,0.182,0.259,0.083,0.423,0.148,0.323
"Discoidin domain-containing receptor 2",0.06,0.39,0.078,0.452,0.359,0.443,0.256,0.064,0.113,0.076,0.327
"Metabotropic glutamate receptor 2",0.204,0.017,0.229,0.093,0.126,0.393,0.147,0.152,0.354,0.077,0.283
"Cytochrome P450 26A1",0.179,0.252,0.161,0.304,0.119,0.386,0.132,0.194,0.044,0.228,0.358
"Serine/threonine-protein kinase B-raf",0.416,0.001,0.286,0.257,0.013,0.242,0.033,0.133,0.21,0.461,0.129
"Ephrin type-B receptor 4",0.145,0.029,0.211,0.243,0.097,0.02,0.263,0.543,0.351,0.071,0.354
"Neuropilin-1",0.111,0.273,0.458,0.201,0.504,0.567,0.112,0.305,0.381,0.08,0.277
"dUTP pyrophosphatase",0.387,0.458,0.046,0.329,0.26,0.352,0.265,0.145,0.144,0.563,0.236
"Serine/threonine-protein kinase ILK-1",0.011,0.43,0.323,0.072,0.001,0.02,0.09,0.24,0.39,0.005,0.07
"Tyrosine-protein kinase BTK",0.149,0.162,0.401,0.414,0.229,0.425,0.165,0.387,0.066,0.016,0.455
"Serine/threonine-protein kinase TNNI3K",0.021,0.34,0.197,0.061,0.004,0.506,0.369,0.01,0.3,0.47,0.383
"Cytochrome P450 2A6",0.127,0.515,0.311,0.182,0.021,0.311,0.263,0.002,0.167,0.239,0.461
"Mitogen-activated protein kinase kinase kinase 5",0.003,0.088,0.432,0.024,0.039,0.477,0.13,0.293,0.162,0.259,0.031
"Tyrosine-protein kinase receptor TYRO3",0.04,0.091,0.256,0.032,0.224,0.098,0.311,0.03,0.357,0.291,0.253
"Epithelial discoidin domain-containing receptor 1",0.007,0.425,0.355,0.048,0.001,0.389,0.511,0.003,0.272,0.207,0.022
"Proto-oncogene tyrosine-protein kinase MER",0.017,0.164,0.161,0.05,0,0.351,0.007,0,0.048,0.005,0.329
"Baculoviral IAP repeat-containing protein 3",0.374,0.16,0.045,0.411,0.394,0.138,0.105,0.341,0.386,0.243,0.376
"Poly [ADP-ribose] polymerase 2",0.354,0.039,0.216,0.139,0.002,0.383,0.395,0.004,0.513,0.345,0.258
"P-selectin",0.215,0.416,0.516,0.049,0.001,0.24,0.347,0.005,0.351,0.005,0.076
"ATP-binding cassette sub-family G member 2",0.021,0.466,0.304,0.091,0.077,0.261,0.152,0.421,0.354,0.37,0.076
"Pituitary adenylate cyclase-activating polypeptide type I receptor",0.062,0.503,0.347,0.137,0.358,0.424,0.117,0.175,0.422,0.411,0.32
"Serine/threonine-protein kinase PIM3",0.374,0,0.438,0.105,0.039,0.281,0.493,0.013,0.073,0.309,0.278
"G-protein coupled bile acid receptor 1",0.146,0.011,0.254,0.199,0.046,0.084,0.417,0.015,0.216,0.201,0.246
"Metastin receptor",0.004,0.321,0.2,0.005,0.047,0.275,0.112,0.01,0.349,0.451,0.416
"Cell division cycle 7-related protein kinase",0.037,0.222,0.171,0.004,0.021,0.483,0.113,0.021,0.329,0.182,0.032
"Sodium channel protein type X alpha subunit",0.002,0.455,0.284,0.06,0.251,0.05,0.339,0.178,0.318,0.245,0.265
"Baculoviral IAP repeat-containing protein 2",0.038,0.071,0.123,0.112,0.108,0.447,0.121,0.076,0.301,0.061,0.415
"Receptor-interacting serine/threonine-protein kinase 1",0.05,0.34,0.486,0.161,0.035,0.109,0.141,0.009,0.497,0.489,0.201
"Protein tyrosine kinase 2 beta",0.029,0.316,0.404,0.012,0.014,0.385,0.296,0.024,0.23,0.468,0.122
"Perforin-1",0.022,0.204,0.468,0.098,0.077,0.327,0.442,0.06,0.246,0.339,0.267
"D-amino-acid oxidase",0.069,0.009,0.45,0.178,0.003,0.155,0.145,0.097,0.142,0.026,0.214
"Serine/threonine-protein kinase WEE1",0.043,0.249,0.175,0.07,0.001,0.166,0.449,0.007,0.051,0.147,0.08
"Histone acetyltransferase PCAF",0.021,0.222,0.43,0.083,0.118,0.486,0.054,0.368,0.354,0.235,0.023
"Secreted frizzled-related protein 1",0.088,0.017,0.013,0.317,0.201,0.139,0.218,0.166,0.191,0.384,0.048
"Transient receptor potential cation channel subfamily V member 3",0.028,0.044,0.325,0.177,0.018,0.206,0.014,0.01,0.105,0.01,0.159
"Protein-arginine N-methyltransferase 1",0.002,0.272,0.486,0.041,0.068,0.344,0.399,0.045,0.411,0.309,0.217
"Nuclear factor NF-kappa-B p65 subunit",0.155,0.011,0.155,0.11,0.421,0.253,0.322,0.43,0.206,0.183,0.254
"Dual specificity tyrosine-phosphorylation-regulated kinase 1B",0.36,0.043,0.109,0.305,0.024,0.215,0.34,0.096,0.147,0.039,0.407
"Acyl-CoA desaturase",0.142,0.107,0.319,0.047,0.015,0.572,0.138,0.013,0.382,0.038,0.354
"Proto-oncogene tyrosine-protein kinase ROS",0.004,0.016,0.29,0.091,0.14,0.022,0.092,0.053,0.44,0.179,0.442
"Lysyl-tRNA synthetase",0.589,0.253,0.328,0.46,0.556,0.39,0.138,0.623,0.182,0.285,0.228
"DNA-(apurinic or apyrimidinic site) lyase",0.013,0.35,0.391,0.189,0.418,0.095,0.433,0.104,0.214,0.222,0.386
"Glucose-dependent insulinotropic receptor",0.155,0.075,0.371,0.176,0.03,0.459,0.349,0.034,0.349,0.184,0.239
"Prostaglandin E synthase",0.023,0.422,0.409,0.141,0.092,0.143,0.236,0.267,0.382,0.228,0.283
"G protein-coupled receptor kinase 5",0.018,0.326,0.415,0.302,0.01,0.188,0.271,0.077,0.125,0.018,0.204
"Egl nine homolog 1",0.008,0.203,0.409,0.065,0.437,0.211,0.486,0.271,0.409,0.442,0.348
"Elongation of very long chain fatty acids protein 6",0.001,0.078,0.087,0.136,0.117,0.492,0.05,0.121,0.306,0.416,0.253
"Glucagon",0.001,0.482,0.141,0.009,0.028,0.25,0.413,0.043,0.232,0.416,0.495
"CREB-binding protein",0.004,0.099,0.406,0.001,0.001,0.314,0.134,0.012,0.163,0.5,0.094
"Mitogen-activated protein kinase kinase kinase 7",0.083,0.378,0.24,0.18,0.231,0.059,0.332,0.112,0.166,0.082,0.375
"Interferon-induced, double-stranded RNA-activated protein kinase",0.048,0.051,0.086,0.065,0.074,0.313,0.297,0.013,0.065,0.331,0.29
"Aldo-keto reductase family 1 member C2",0.023,0.049,0.048,0.196,0.232,0.03,0.269,0.336,0.429,0.298,0.264
"Trace amine-associated receptor 1",0.124,0.015,0.149,0.42,0.024,0.095,0.369,0.036,0.451,0.059,0.146
"Nuclear receptor ROR-alpha",0.034,0.302,0.296,0.187,0.4,0.328,0.371,0.343,0.442,0.335,0.254
"Heat shock factor protein 1",0.362,0.307,0.237,0.442,0.414,0.244,0.284,0.181,0.168,0.064,0.033
"Hematopoietic prostaglandin D synthase",0.312,0.268,0.017,0.341,0.043,0.236,0.276,0.027,0.218,0.358,0.099
"Aldo-keto reductase family 1 member C1",0.403,0.366,0.22,0.423,0.347,0.444,0.354,0.463,0.196,0.3,0.352
"Bifunctional protein NCOAT",0.011,0.185,0.579,0.026,0.408,0.158,0.358,0.19,0.307,0.234,0.189
"LIM domain kinase 2",0.059,0.127,0.276,0.023,0.057,0.046,0.448,0.007,0.114,0.221,0.159
"Serine/threonine-protein kinase PLK2",0.316,0.293,0.424,0.341,0.191,0.018,0.389,0.045,0.259,0.337,0.187
"Neuropeptide FF receptor 1",0.321,0.362,0.302,0.398,0.13,0.065,0.324,0.391,0.468,0.499,0.161
"Neuropeptide FF receptor 2",0.256,0.005,0.28,0.406,0.574,0.059,0.239,0.262,0.338,0.099,0.48
"IgG receptor FcRn large subunit p51",0.041,0.172,0.161,0.334,0.132,0.368,0.124,0.014,0.174,0.277,0.271
"Smoothened homolog",0.022,0.364,0.222,0.355,0.087,0.501,0.356,0.283,0.201,0.097,0.068
"Aldo-keto reductase family 1 member B10",0.065,0.236,0.063,0.298,0.003,0.204,0.025,0.517,0.205,0.156,0.03
"Serine/threonine-protein kinase 33",0.061,0.067,0.028,0.487,0.167,0.048,0.024,0.164,0.077,0.071,0.235
"Transient receptor potential cation channel subfamily A member 1",0.093,0.461,0.199,0.245,0.181,0.111,0.186,0.027,0.409,0.423,0.122
"Diacylglycerol O-acyltransferase 1",0.08,0.008,0.225,0.083,0.227,0.268,0.216,0.372,0.437,0.284,0.331
"Histone-lysine N-methyltransferase, H3 lysine-9 specific 3",0.091,0.068,0.393,0.096,0.029,0.324,0.468,0.145,0.185,0.093,0.282
"Lysine-specific histone demethylase 1",0.217,0.163,0.055,0.505,0.297,0.145,0.288,0.018,0.087,0.492,0.283
"Alpha-synuclein",0.197,0.425,0.455,0.247,0.06,0.111,0.062,0.002,0.348,0.046,0.194
"Tankyrase-2",0.288,0.192,0.055,0.052,0.085,0.196,0.469,0.241,0.061,0.092,0.052
"Tankyrase-1",0.461,0.009,0.098,0.156,0.32,0.027,0.23,0.083,0.342,0.122,0.055
"Mitogen-activated protein kinase kinase kinase kinase 4",0.062,0.019,0.302,0.083,0.071,0.435,0.433,0.314,0.316,0.282,0.11
"Lysine-specific demethylase 4C",0.031,0.358,0.18,0.366,0.289,0.007,0.076,0.054,0.508,0.294,0.31
