"","EGFR","Hypoxia","JAK.STAT","MAPK","NFkB","PI3K","TGFb","TNFa","Trail","VEGF","p53"
"Arginase-1",1,1,1,1,1,1,1,1,1,1,1
"Leucine-rich repeat serine/threonine-protein kinase 2",0.867837251984127,0.867837251984127,0.867837251984127,0.741883201058201,0.741883201058201,1,0.867837251984127,0.741883201058201,1,0.867837251984127,1
"Tyrosyl-DNA phosphodiesterase 1",0.498279761904762,1,0.83521179138322,0.448451785714286,0.83521179138322,1,0.448451785714286,0.83521179138322,1,0.83521179138322,1
"Transitional endoplasmic reticulum ATPase",1,1,1,1,1,1,1,1,1,1,1
"Glucokinase regulatory protein",1,1,1,1,1,1,1,1,1,1,1
"Pyruvate kinase isozymes M1/M2",1,0.896903571428571,1,1,1,1,1,1,0.896903571428571,0.974413756613757,1
"Transient receptor potential cation channel subfamily M member 8",1,1,1,1,1,1,1,1,1,1,1
"G-protein coupled receptor 55",1,1,1,1,1,1,1,1,1,1,1
"Endoplasmin",0.925376700680272,0.888598908730159,1,0.925376700680272,0.888598908730159,0.888598908730159,0.925376700680272,0.888598908730159,1,1,1
"Serine/threonine-protein kinase/endoribonuclease IRE1",1,0.847075595238095,1,1,1,1,1,1,1,0.847075595238095,0.941195105820106
"NADPH oxidase 4",1,1,1,1,1,1,1,1,1,1,1
"Ketohexokinase",1,1,1,1,1,1,1,1,1,1,1
"Lethal(3)malignant brain tumor-like protein 1",1,0.664373015873016,0.664373015873016,0.996559523809524,1,1,1,1,0.664373015873016,1,1
"Microtubule-associated protein tau",1,1,1,1,1,1,1,1,1,1,1
"15-hydroxyprostaglandin dehydrogenase [NAD+]",1,1,1,1,1,1,1,1,1,1,1
"G-protein coupled receptor 35",1,1,1,1,1,1,1,1,1,1,1
"ATP-sensitive inward rectifier potassium channel 1",1,1,1,1,1,1,1,1,1,1,1
"Neuropeptides B/W receptor type 1",1,1,1,1,1,1,1,1,1,1,1
"Nuclear receptor ROR-gamma",1,0.930122222222222,1,1,1,1,1,1,0.930122222222222,0.930122222222222,1
"DNA topoisomerase I",1,1,1,1,1,1,1,1,1,1,1
"Farnesyl diphosphate synthase",1,1,1,1,1,1,1,1,1,1,1
"Glucagon-like peptide 1 receptor",1,1,1,1,1,1,1,1,1,1,1
"Endothelin receptor ET-B",1,1,1,1,1,1,1,1,1,1,1
"Steroid 5-alpha-reductase 1",1,1,1,1,1,1,1,1,1,1,1
"Vasopressin V2 receptor",1,1,1,1,1,1,1,1,1,1,1
"Somatostatin receptor 5",1,1,1,1,1,1,1,1,1,1,1
"Histone-lysine N-methyltransferase, H3 lysine-79 specific",1,1,1,1,1,1,1,1,1,1,1
"Bromodomain-containing protein 3",1,1,1,1,1,1,1,1,1,1,1
"Cysteinyl leukotriene receptor 1",0.690947936507937,0.690947936507937,1,1,0.690947936507937,1,1,1,0.690947936507937,0.690947936507937,1
"Plasminogen",0.945221608946609,0.714200992063492,0.945221608946609,0.890259841269841,0.890259841269841,0.945221608946609,0.945221608946609,0.945221608946609,0.714200992063492,0.890259841269841,0.945221608946609
"Leukocyte adhesion glycoprotein LFA-1 alpha",1,1,1,1,1,1,1,1,1,1,1
"Somatostatin receptor 2",1,0.963340873015873,1,1,1,1,1,1,1,1,1
"Muscarinic acetylcholine receptor M4",1,1,1,1,1,1,1,1,1,1,1
"Inosine-5'-monophosphate dehydrogenase 1",1,1,1,1,1,1,1,1,1,1,1
"Receptor protein-tyrosine kinase erbB-2",1,1,1,1,1,1,1,1,1,1,1
"TNF-alpha",1,1,1,1,1,1,1,1,1,1,1
"Phosphodiesterase 5A",1,1,1,1,1,1,1,1,1,1,1
"Serotonin 2b (5-HT2b) receptor",1,1,1,1,1,1,1,1,1,1,1
"Thromboxane-A synthase",1,1,1,1,1,1,1,1,1,1,1
"Prostanoid EP4 receptor",0.697591666666667,0.697591666666667,1,1,1,0.697591666666667,0.963340873015873,0.697591666666667,0.963340873015873,1,0.697591666666667
"Dopamine D5 receptor",0.754969336219336,0.754969336219336,0.754969336219336,0.754969336219336,0.754969336219336,0.754969336219336,0.754969336219336,0.754969336219336,0.754969336219336,0.754969336219336,0.754969336219336
"Somatostatin receptor 4",1,0.387550925925926,1,0.870328650793651,1,1,0.387550925925926,1,0.387550925925926,0.822161607142857,1
"Gonadotropin-releasing hormone receptor",1,1,1,1,1,1,1,1,1,1,1
"4-hydroxyphenylpyruvate dioxygenase",0.730810317460318,0.730810317460318,0.556412400793651,0.556412400793651,0.556412400793651,0.730810317460318,0.39862380952381,0.730810317460318,1,0.730810317460318,0.730810317460318
"Tyrosine-protein kinase ABL",0.664373015873016,0.639459027777778,0.664373015873016,1,0.664373015873016,0.265749206349206,0.265749206349206,0.83046626984127,0.639459027777778,0.664373015873016,0.664373015873016
"Vascular endothelial growth factor receptor 1",1,1,1,1,1,1,1,1,1,1,1
"Tissue-type plasminogen activator",1,1,1,1,1,1,1,1,1,1,1
"Calcium sensing receptor",1,1,1,1,1,1,1,1,1,1,1
"Neuronal acetylcholine receptor protein alpha-4 subunit",1,1,1,1,1,1,1,1,1,1,1
"Potassium channel, inwardly rectifying, subfamily J, member 11",1,1,1,1,1,1,1,1,1,1,1
"Vasopressin V1a receptor",1,1,1,1,1,1,1,1,1,1,1
"Glutamate carboxypeptidase II",1,1,1,1,1,1,1,1,1,1,1
"Serotonin 1b (5-HT1b) receptor",1,1,1,1,1,1,1,1,1,1,1
"Serotonin 3a (5-HT3a) receptor",1,1,1,1,1,1,1,1,1,1,1
"Aldose reductase",1,1,1,1,1,1,1,1,1,1,1
"Glutamate [NMDA] receptor subunit epsilon 2",1,1,1,1,1,1,1,1,1,1,1
"Serine/threonine-protein kinase RAF",0.943409682539682,0.943409682539682,1,0.943409682539682,1,1,1,0.943409682539682,1,0.943409682539682,1
"Aminopeptidase N",1,0.564717063492063,1,0.166093253968254,0.597935714285714,1,0.514889087301587,1,1,1,1
"Cytochrome P450 11B1",0.649609171075838,0.649609171075838,0.649609171075838,0.649609171075838,0.649609171075838,0.649609171075838,0.649609171075838,1,0.649609171075838,0.677660476190476,0.649609171075838
"Butyrylcholinesterase",1,1,1,1,1,1,1,1,1,1,1
"Alpha-2c adrenergic receptor",0.556412400793651,1,0.697591666666667,0.55364417989418,0.55364417989418,1,0.531498412698413,0.697591666666667,1,0.697591666666667,1
"Melatonin receptor 1A",1,1,1,1,1,1,1,1,1,1,1
"Melatonin receptor 1B",1,1,1,1,1,1,1,1,1,1,1
"Thyroid hormone receptor beta-1",1,1,1,1,1,1,1,1,1,1,1
"Cyclophilin A",1,1,1,1,1,1,1,1,1,1,1
"Thymidylate synthase",1,1,1,1,1,1,1,1,1,1,1
"Vascular endothelial growth factor receptor 3",1,1,1,1,1,1,1,1,1,1,1
"Insulin-like growth factor I receptor",0.930122222222222,0.597935714285714,0.930122222222222,1,0.930122222222222,1,0.930122222222222,0.930122222222222,0.780638293650794,0.930122222222222,0.930122222222222
"Epoxide hydrolase 1",1,1,0.730810317460317,0.730810317460317,1,0.730810317460317,0.730810317460317,0.884446577380952,0.884446577380952,0.730810317460317,0.730810317460317
"Tyrosine-protein kinase receptor FLT3",1,1,1,1,1,1,1,1,1,1,1
"Vitamin D receptor",1,1,1,1,1,1,1,1,1,1,1
"Cytochrome P450 19A1",0.645390929705215,0.645390929705215,0.937504144620811,0.645390929705215,0.645390929705215,1,0.645390929705215,0.937504144620811,0.645390929705215,0.645390929705215,1
"Insulin receptor",1,1,1,1,1,1,1,1,1,1,1
"Serotonin 1d (5-HT1d) receptor",1,1,1,1,1,1,1,1,1,1,1
"Inhibitor of nuclear factor kappa B kinase beta subunit",0.963340873015873,0.83046626984127,0.963340873015873,1,1,1,0.963340873015873,0.963340873015873,0.963340873015873,0.963340873015873,0.963340873015873
"Prostanoid IP receptor",1,1,1,1,1,1,1,1,1,1,1
"Equilibrative nucleoside transporter 1",0.902440013227513,0.902440013227513,1,1,0.902440013227513,0.902440013227513,0.982322959183673,1,0.902440013227513,0.902440013227513,1
"Purinergic receptor P2Y12",1,1,1,1,1,1,1,1,1,1,1
"Retinoic acid receptor gamma",1,1,1,1,1,1,1,1,1,1,1
"Platelet-derived growth factor receptor alpha",1,1,1,1,1,1,1,1,1,1,1
"Retinoic acid receptor beta",1,0.43184246031746,1,1,1,1,1,1,0.581326388888889,1,1
"Nociceptin receptor",1,1,1,1,1,1,1,1,1,1,1
"Dihydrofolate reductase",1,1,1,1,1,1,1,1,1,1,1
"Epidermal growth factor receptor erbB1",1,1,1,1,1,1,1,1,1,1,1
"Muscarinic acetylcholine receptor M5",1,1,1,1,1,1,1,1,1,1,1
"Peptidyl-prolyl cis-trans isomerase FKBP5",1,1,1,1,1,1,1,1,1,1,1
"Retinoic acid receptor alpha",0.310040740740741,0.310040740740741,1,0.310040740740741,0.310040740740741,1,0.310040740740741,0.310040740740741,0.479297675736961,0.934274553571429,1
"Estrogen receptor alpha",1,1,1,1,1,1,1,1,1,1,1
"Beta-2 adrenergic receptor",1,0.934274553571429,0.934274553571429,0.934274553571429,1,1,0.934274553571429,0.934274553571429,0.934274553571429,0.934274553571429,0.934274553571429
"Cyclin T1",1,1,1,1,1,1,1,1,1,1,1
"Muscarinic acetylcholine receptor M2",1,1,1,1,1,1,1,1,1,1,1
"Beta-1 adrenergic receptor",0.92458578042328,0.92458578042328,1,0.92458578042328,1,0.92458578042328,0.949104308390023,0.92458578042328,0.92458578042328,1,1
"Dopamine D2 receptor",1,1,1,1,1,1,1,1,1,1,1
"Beta-glucocerebrosidase",1,1,1,1,1,1,1,1,1,1,1
"Motilin receptor",1,0.83046626984127,1,1,1,1,1,1,1,1,1
"MAP kinase-activated protein kinase 2",1,1,1,1,1,1,1,1,1,1,1
"Cyclooxygenase-1",1,1,1,1,1,1,1,1,1,1,1
"Norepinephrine transporter",1,1,1,1,1,1,1,1,1,1,1
"Anandamide amidohydrolase",1,1,1,1,1,1,1,1,1,1,1
"Serotonin 2c (5-HT2c) receptor",1,1,1,1,1,1,1,1,1,1,1
"Dipeptidyl peptidase I",1,0.764028968253968,1,1,1,1,1,1,0.963340873015873,1,1
"Serotonin transporter",1,1,1,1,1,1,1,1,1,1,1
"Peroxisome proliferator-activated receptor alpha",1,0.930122222222222,1,1,1,1,1,1,1,1,0.930122222222222
"HERG",1,0.952267989417989,1,0.952267989417989,1,1,0.952267989417989,1,1,1,1
"Epoxide hydratase",1,1,1,1,1,1,1,1,1,1,1
"Phosphodiesterase 3A",1,1,1,1,1,1,1,1,1,1,1
"C-C chemokine receptor type 1",1,1,1,1,1,1,1,1,1,1,1
"C-C chemokine receptor type 4",1,1,1,1,1,1,1,1,1,1,1
"Estrogen receptor beta",1,1,1,1,1,1,1,1,1,1,1
"Glyoxalase I",1,0.797247619047619,1,1,0.797247619047619,1,0.797247619047619,1,0.797247619047619,0.797247619047619,1
"Myosin light chain kinase, smooth muscle",1,1,1,1,1,1,1,1,1,1,1
"Serine/threonine-protein kinase AKT2",1,1,1,1,1,1,1,1,1,1,1
"Interleukin-8 receptor B",1,1,1,1,1,1,1,1,1,1,1
"Myeloperoxidase",1,1,1,1,1,1,1,1,1,1,1
"Coagulation factor X",0.83046626984127,0.531498412698413,1,1,1,1,1,1,1,1,1
"Deoxycytidine kinase",1,1,1,1,1,1,1,1,1,1,1
"Muscarinic acetylcholine receptor M3",1,1,1,1,1,1,1,1,1,1,1
"Beta-3 adrenergic receptor",1,1,1,0.885830687830688,0.913512896825397,1,0.885830687830688,1,1,0.885830687830688,1
"Death-associated protein kinase 3",1,1,1,1,1,1,1,1,1,1,1
"Methionine aminopeptidase 1",1,1,1,1,1,1,1,1,1,1,1
"Leukocyte elastase",1,1,1,1,1,1,1,1,1,1,1
"Beta amyloid A4 protein",1,1,1,1,1,1,1,1,1,1,1
"Neurokinin 1 receptor",1,1,1,1,1,1,1,1,1,1,1
"Neuronal acetylcholine receptor protein alpha-7 subunit",1,1,1,0.611223174603175,0.611223174603175,0.611223174603175,0.611223174603175,0.611223174603175,1,1,1
"Adenosine A2a receptor",0.885830687830688,1,1,1,1,1,0.885830687830688,1,1,0.885830687830688,1
"Endothelin receptor ET-A",0.607426757369614,0.503816203703704,0.907976455026455,0.503816203703704,0.503816203703704,0.503816203703704,0.842923263888889,1,0.503816203703704,0.503816203703704,1
"Beta secretase 2",1,1,1,1,1,1,1,1,1,1,1
"Serine/threonine-protein kinase Chk2",1,1,1,1,1,1,1,1,1,1,1
"Cannabinoid CB2 receptor",1,1,1,1,1,1,1,1,1,1,1
"3-phosphoinositide dependent protein kinase-1",1,1,1,1,1,1,1,1,1,1,1
"Phospholipase D1",0.312255317460317,0.312255317460317,1,0.61454503968254,0.312255317460317,0.61454503968254,0.312255317460317,0.883616111111111,0.33772294973545,0.312255317460317,0.882139726631393
"Phosphodiesterase 4A",1,1,1,1,1,1,1,1,1,1,1
"Adenosine A2b receptor",1,1,1,1,1,1,1,1,1,1,1
"Carboxypeptidase B",0.325542777777778,0.815702425044092,0.442915343915344,0.325542777777778,0.325542777777778,1,0.0664373015873016,0.282358531746032,0.697591666666667,1,0.797247619047619
"Adenosine A3 receptor",1,0.49274332010582,1,0.489975099206349,0.863684920634921,1,0.489975099206349,0.49274332010582,0.489975099206349,0.489975099206349,0.792502097505669
"Histone deacetylase 5",1,1,1,1,1,1,1,1,1,1,1
"Liver glycogen phosphorylase",1,0.531498412698413,1,1,1,1,0.797247619047619,1,0.797247619047619,1,1
"Tyrosine-protein kinase LCK",1,1,1,1,1,1,1,1,1,1,1
"Cathepsin D",1,1,1,1,1,1,1,1,1,1,1
"Melanocortin receptor 4",1,1,1,1,1,1,1,1,1,1,1
"Peptide N-myristoyltransferase 1",1,1,1,1,1,1,1,1,1,1,1
"Tyrosine-protein kinase SYK",1,1,1,1,1,1,1,1,1,1,1
"MAP kinase p38 alpha",0.498279761904762,0.759283446712018,0.759283446712018,0.498279761904762,0.730810317460318,1,0.498279761904762,0.498279761904762,0.978104717813051,0.963340873015873,1
"Carbonic anhydrase I",1,0.564717063492064,1,1,1,1,1,1,1,1,1
"Furin",0.531498412698413,0.531498412698413,1,0.531498412698413,0.755724305555556,0.531498412698413,0.0332186507936508,0.531498412698413,1,0.755724305555556,1
"Tryptase beta-1",0.92458578042328,0.92458578042328,0.92458578042328,0.92458578042328,1,0.92458578042328,1,1,1,0.92458578042328,1
"Glycogen synthase kinase-3 beta",1,1,1,1,1,1,1,1,1,1,1
"Dual specificity protein phosphatase 3",1,1,1,1,1,1,1,1,1,1,1
"c-Jun N-terminal kinase 3",1,1,1,1,1,1,1,1,1,1,1
"Histamine H3 receptor",0.982322959183673,1,1,0.982322959183673,0.982322959183673,0.982322959183673,0.982322959183673,0.982322959183673,1,0.982322959183673,1
"Phosphodiesterase 2A",1,1,1,1,1,1,1,1,1,1,1
"Adenosylhomocysteinase",1,1,1,1,1,1,1,1,1,1,1
"Tyrosine-protein kinase SRC",0.978104717813051,0.199311904761905,1,0.978104717813051,1,0.722505654761905,0.249139880952381,0.978104717813051,0.722505654761905,0.978104717813051,0.978104717813051
"Cathepsin K",1,1,1,1,1,1,1,1,1,1,1
"Macrophage-stimulating protein receptor",1,1,1,1,1,1,1,1,1,1,1
"Cystinyl aminopeptidase",1,1,1,1,1,1,1,1,1,1,1
"Focal adhesion kinase 1",1,1,1,1,1,1,1,1,1,1,1
"Mitogen-activated protein kinase kinase kinase 11",1,1,1,1,1,1,1,1,1,1,1
"Histone deacetylase 7",1,1,1,1,1,1,1,1,1,1,1
"Phosphodiesterase 11A",1,1,1,1,1,1,1,1,1,1,1
"Cytochrome P450 11B2",1,1,1,1,1,1,1,1,1,1,1
"Protein-glutamine gamma-glutamyltransferase",1,1,1,1,1,1,1,1,1,1,1
"Phospholipase D2",1,1,1,1,1,1,1,1,1,1,1
"Metabotropic glutamate receptor 4",1,1,1,1,1,1,1,1,1,1,1
"C-C chemokine receptor type 5",1,1,1,1,1,1,1,1,1,1,1
"Fibroblast growth factor receptor 3",1,1,1,1,1,1,1,1,1,1,1
"Phosphodiesterase 4B",1,1,1,1,1,1,1,1,1,1,1
"Ileal bile acid transporter",1,1,1,1,1,1,1,1,1,1,1
"Integrin alpha-4",1,1,1,1,1,1,1,1,1,1,1
"Sodium/hydrogen exchanger 1",1,1,1,1,1,1,1,1,1,1,1
"Acyl coenzyme A:cholesterol acyltransferase 1",1,0.752956084656085,1,1,1,0.95503621031746,1,1,1,0.664373015873016,0.664373015873016
"Estradiol 17-beta-dehydrogenase 2",1,1,1,1,1,1,1,1,1,1,1
"Vascular endothelial growth factor receptor 2",1,1,1,1,1,1,1,1,1,1,1
"Matrix metalloproteinase 13",1,1,1,1,1,1,1,1,1,1,1
"Tyrosine-protein kinase ZAP-70",0.963340873015873,1,1,0.874757804232804,0.874757804232804,0.963340873015873,0.874757804232804,1,1,0.963340873015873,0.963340873015873
"LXR-alpha",1,1,1,1,1,1,1,1,1,1,1
"Protein-glutamine gamma-glutamyltransferase K",1,1,1,1,1,1,1,1,1,1,1
"Nerve growth factor receptor Trk-A",1,1,1,1,1,1,1,1,1,1,1
"Coagulation factor XI",1,1,1,1,1,1,1,1,1,1,1
"Casein kinase I delta",1,1,1,1,1,1,1,1,1,1,1
"Matrix metalloproteinase 3",0.996559523809524,0.39862380952381,1,0.824929828042328,0.996559523809524,0.824929828042328,1,0.824929828042328,0.824929828042328,0.824929828042328,1
"Tyrosine-protein kinase JAK1",1,0.874757804232804,1,1,1,0.874757804232804,1,1,0.896903571428571,0.874757804232804,1
"Dipeptidyl peptidase IV",1,1,1,1,1,1,1,1,1,1,1
"Serine/threonine-protein kinase mTOR",1,1,1,1,1,1,1,1,1,1,1
"Glycogen synthase kinase-3 alpha",1,1,1,1,1,1,1,1,1,1,1
"Renin",1,1,1,1,1,1,1,1,1,1,1
"Sigma opioid receptor",1,1,1,1,1,1,1,1,1,1,1
"Mitogen-activated protein kinase kinase kinase 9",1,1,1,1,1,1,1,1,1,1,1
"Phosphodiesterase 4D",1,1,1,0.631154365079365,1,1,1,1,1,1,1
"Carbonic anhydrase III",0.833486147186147,0.833486147186147,0.833486147186147,0.833486147186147,0.833486147186147,0.833486147186147,0.833486147186147,0.833486147186147,0.833486147186147,0.833486147186147,0.833486147186147
"Hematopoietic cell protein-tyrosine phosphatase 70Z-PEP",1,1,1,1,1,1,1,1,1,1,1
"Phosphodiesterase 3B",1,1,1,1,1,1,1,1,1,1,1
"Arachidonate 15-lipoxygenase",1,1,1,1,1,1,1,1,1,1,1
"Phosphodiesterase 4C",1,0.943409682539682,0.548107738095238,0.548107738095238,0.943409682539682,1,0.943409682539682,1,1,1,1
"Telomerase reverse transcriptase",1,0.465061111111111,1,1,1,1,1,0.465061111111111,1,1,1
"Protein kinase C gamma",1,1,1,1,1,1,1,1,1,1,1
"Cathepsin S",1,1,1,1,1,1,1,1,1,1,1
"Sphingosine 1-phosphate receptor Edg-5",1,1,1,0.896903571428571,1,1,0.896903571428571,1,1,1,1
"Tyrosine-protein kinase ITK/TSK",1,1,1,1,1,1,1,1,1,1,1
"Dual specificity mitogen-activated protein kinase kinase 2",1,1,1,1,1,1,1,1,1,1,1
"Tyrosine-protein kinase JAK2",1,1,1,1,1,1,1,1,1,1,1
"Rho-associated protein kinase 2",1,1,1,1,1,1,1,1,1,1,1
"Cholecystokinin B receptor",1,0.979950198412698,1,0.979950198412698,1,1,0.979950198412698,0.979950198412698,1,1,1
"Protein kinase C alpha",1,1,1,1,1,1,1,1,1,1,1
"Protein kinase C delta",1,1,1,1,1,1,1,1,1,1,1
"P2X purinoceptor 3",1,1,1,1,1,1,1,1,1,1,1
"Multidrug resistance-associated protein 1",1,1,1,1,1,1,1,1,1,1,1
"Receptor protein-tyrosine kinase erbB-4",1,1,1,1,1,1,1,1,1,1,1
"Cyclin-dependent kinase 2",1,1,1,1,1,1,1,1,1,1,1
"Phosphodiesterase 7A",1,0.963340873015873,1,1,1,1,1,1,1,1,1
"Matriptase",0.741883201058201,1,1,0.82382253968254,0.82382253968254,1,0.741883201058201,1,1,0.741883201058201,1
"Sphingosine kinase 2",1,1,1,1,1,1,1,1,1,1,1
"Serine/threonine-protein kinase PLK1",1,1,1,1,1,1,1,1,1,1,1
"Carbonic anhydrase VI",0.819393386243386,1,1,1,1,1,0.819393386243386,0.819393386243386,1,1,1
"Protein kinase C beta",1,0.863684920634921,1,1,1,1,0.863684920634921,1,0.863684920634921,1,1
"Cyclin-dependent kinase 7",1,1,1,1,1,1,1,1,1,1,1
"Glycine transporter 2",1,1,1,1,1,1,1,1,1,1,1
"Cyclin-dependent kinase 1",1,1,1,1,1,1,1,1,1,1,1
"Excitatory amino acid transporter 1",1,1,1,1,1,1,1,1,1,1,1
"Plasma retinol-binding protein",1,1,1,1,1,1,1,1,1,1,1
"Poly [ADP-ribose] polymerase-1",1,0.465061111111111,1,1,1,1,1,0.730810317460317,0.481670436507937,0.730810317460317,1
"Thymidine phosphorylase",1,1,1,1,1,1,1,1,1,1,1
"Cyclin-dependent kinase 9",1,1,1,1,1,1,1,1,1,1,1
"PI3-kinase p110-delta subunit",1,1,1,1,1,1,1,1,1,1,1
"DNA-dependent protein kinase",1,1,1,1,1,1,1,1,1,1,1
"PI3-kinase p110-beta subunit",0.631154365079365,0.631154365079365,1,1,0.631154365079365,0.631154365079365,0.43184246031746,0.631154365079365,1,0.631154365079365,1
"Serotonin 7 (5-HT7) receptor",1,0.780638293650794,0.780638293650794,0.780638293650794,0.780638293650794,0.780638293650794,0.780638293650794,1,0.780638293650794,0.780638293650794,1
"Bradykinin B2 receptor",1,0.489975099206349,1,1,1,1,0.489975099206349,0.489975099206349,0.489975099206349,1,1
"Protein-tyrosine phosphatase 1C",1,1,1,1,1,1,1,1,1,1,1
"Carboxylesterase 2",1,0.963340873015873,0.963340873015873,0.978104717813051,1,0.978104717813051,0.978104717813051,0.963340873015873,0.978104717813051,0.978104717813051,0.978104717813051
"Estradiol 17-beta-dehydrogenase 1",1,1,1,1,1,1,1,1,1,1,1
"Histone deacetylase 8",0.990519769119769,0.990519769119769,0.990519769119769,0.990519769119769,0.990519769119769,0.990519769119769,0.990519769119769,0.990519769119769,0.990519769119769,0.990519769119769,0.990519769119769
"Prolyl endopeptidase",1,1,1,1,1,1,1,1,1,1,1
"Matrix metalloproteinase 9",1,1,1,1,1,1,1,1,1,1,1
"CD22",0.692055224867725,0.692055224867725,1,1,0.996559523809524,0.82097522675737,0.692055224867725,0.692055224867725,0.90936056547619,0.692055224867725,0.692055224867725
"Metabotropic glutamate receptor 5",0.880294246031746,0.880294246031746,1,1,1,1,0.880294246031746,0.880294246031746,0.880294246031746,1,0.880294246031746
"Sphingosine 1-phosphate receptor Edg-6",1,1,1,1,1,1,1,1,1,1,1
"Rho-associated protein kinase 1",0.797247619047619,1,1,1,0.797247619047619,0.797247619047619,0.797247619047619,0.797247619047619,1,1,0.797247619047619
"Tyrosine-protein kinase HCK",1,1,1,1,1,1,1,1,1,1,1
"Carbonic anhydrase XII",1,0.365405158730159,1,1,1,1,1,1,0.365405158730159,1,0.365405158730159
"Histone deacetylase 1",1,0.989915793650794,1,1,1,0.989915793650794,0.989915793650794,1,1,0.989915793650794,0.989915793650794
"Lysophosphatidic acid receptor Edg-7",1,1,1,1,1,1,1,1,1,1,1
"PI3-kinase p110-gamma subunit",0.193775462962963,0.132874603174603,0.543955406746032,0.193775462962963,0.193775462962963,0.701282627865961,0.308458900226757,0.927102344877345,0.193775462962963,0.193775462962963,0.813856944444445
"PI4-kinase beta subunit",0.680982341269841,0.680982341269841,0.989915793650794,0.680982341269841,0.680982341269841,0.800938580246914,0.680982341269841,1,0.800938580246914,0.800938580246914,0.680982341269841
"Cathepsin L2",1,1,1,1,1,1,1,1,1,1,1
"Urokinase-type plasminogen activator",0.714200992063492,1,1,1,1,0.597935714285714,0.597935714285714,1,1,0.714200992063492,1
"Testis-specific androgen-binding protein",1,1,1,1,1,1,1,1,1,1,1
"Caspase-6",1,0.73911498015873,1,0.73911498015873,1,0.967493204365079,0.778265532879819,0.73911498015873,0.73911498015873,0.778265532879819,0.778265532879819
"Cyclin-dependent kinase 4",1,1,1,1,1,1,1,1,1,1,1
"Histone deacetylase 11",1,1,1,1,1,1,1,1,1,1,1
"Sodium-dependent proline transporter",0.719737433862434,0.719737433862434,0.719737433862434,0.719737433862434,0.719737433862434,0.719737433862434,0.719737433862434,1,1,0.719737433862434,0.719737433862434
"Matrix metalloproteinase-1",1,1,1,1,1,1,1,1,1,1,1
"Matrix metalloproteinase-2",1,1,1,1,1,1,1,1,1,1,1
"Protein-tyrosine phosphatase 1B",1,1,1,1,1,1,1,1,1,1,1
"Acetyl-CoA carboxylase 1",1,1,1,1,1,1,1,1,1,1,1
"Serotonin 6 (5-HT6) receptor",1,1,1,1,1,1,1,1,1,1,1
"MAP kinase ERK1",1,1,1,1,1,1,1,1,1,1,1
"Cytochrome P450 2C9",1,0.465061111111111,1,1,1,1,1,1,0.664373015873016,1,1
"Probable G-protein coupled receptor 88",0.903547301587302,0.465061111111111,0.95503621031746,0.903547301587302,0.934867743764172,0.903547301587302,0.934867743764172,1,0.989177601410935,0.903547301587302,1
"Cytochrome P450 3A4",1,1,1,1,1,1,1,1,1,1,1
"Pregnane X receptor",1,1,1,1,1,1,1,1,1,1,1
"Carboxypeptidase B2 isoform A",1,1,1,1,1,1,1,1,1,1,1
"Serotonin 5a (5-HT5a) receptor",0.254676322751323,0.254676322751323,1,0.498279761904762,1,1,0.254676322751323,0.30727251984127,0.542571296296296,1,1
"Estrogen-related receptor alpha",1,1,1,1,1,1,1,1,1,1,1
"Amine oxidase, copper containing",1,0.963340873015873,1,1,1,1,1,1,0.963340873015873,1,1
"Protein kinase C zeta",1,1,1,1,1,1,1,1,1,1,1
"Melanin-concentrating hormone receptor 1",1,1,1,1,1,1,1,1,1,1,1
"Caspase-7",1,1,1,1,1,1,1,1,1,1,1
"C-C chemokine receptor type 3",1,1,1,1,1,1,1,1,1,1,1
"Phospholipase A2 group IIA",1,1,1,1,1,1,1,1,1,1,1
"Plasminogen activator inhibitor-1",1,1,1,1,1,1,1,1,1,1,1
"Inhibitor of nuclear factor kappa B kinase alpha subunit",0.597935714285714,0.797247619047619,0.764028968253968,0.697591666666667,0.764028968253968,1,0.232530555555556,0.764028968253968,1,0.764028968253968,1
"Proteasome Macropain subunit",0.806738662131519,0.806738662131519,1,0.806738662131519,0.806738662131519,1,0.806738662131519,0.806738662131519,0.806738662131519,1,1
"Carbonic anhydrase XIV",0.92181755952381,0.586862830687831,1,1,1,1,1,1,0.586862830687831,0.586862830687831,1
"LDL-associated phospholipase A2",0.885830687830688,1,1,0.885830687830688,0.885830687830688,1,0.885830687830688,0.885830687830688,1,1,0.885830687830688
"Cytochrome P450 17A1",0.315577182539683,0.315577182539683,0.63447623015873,0.315577182539683,0.315577182539683,0.317949943310658,0.232530555555556,0.315577182539683,0.387550925925926,0.387550925925926,1
"Histone deacetylase 4",1,1,1,1,1,1,1,1,1,1,1
"Inhibitor of nuclear factor kappa B kinase epsilon subunit",0.967493204365079,1,0.967493204365079,0.967493204365079,0.967493204365079,0.967493204365079,0.967493204365079,1,1,0.967493204365079,0.967493204365079
"Phosphodiesterase 9A",1,1,1,1,1,1,1,1,1,1,1
"Tyrosine-protein kinase TYK2",1,1,1,1,1,1,1,1,1,1,1
"Steryl-sulfatase",0.83711,1,1,1,0.83711,1,0.83711,0.83711,1,0.83711,1
"Nitric-oxide synthase, brain",1,0.870328650793651,0.870328650793651,0.870328650793651,0.996559523809524,1,0.996559523809524,1,0.870328650793651,1,0.870328650793651
"Cholesteryl ester transfer protein",1,1,1,1,1,1,1,1,1,1,1
"Protein kinase C epsilon",1,1,1,1,1,1,1,1,1,1,1
"Dual specificity mitogen-activated protein kinase kinase 1",0.880294246031746,0.880294246031746,0.880294246031746,1,0.880294246031746,1,0.880294246031746,0.934274553571429,1,0.934274553571429,0.880294246031746
"Adenosine kinase",1,1,1,1,1,1,1,1,1,1,1
"Hormone sensitive lipase",1,1,1,1,1,1,1,1,1,1,1
"Carbonic anhydrase IX",1,1,1,1,1,1,1,1,1,1,1
"Protein kinase C eta",1,1,1,1,1,1,1,1,1,1,1
"Cytochrome P450 2C19",0.887412528344671,0.887412528344671,0.887412528344671,0.887412528344671,0.887412528344671,1,1,1,0.887412528344671,0.887412528344671,0.967493204365079
"Quinone reductase 1)",1,1,1,1,1,1,1,1,1,1,1
"Casein kinase II alpha",1,0.564717063492064,1,1,1,1,0.575789947089947,1,0.564717063492064,0.996559523809524,1
"Opioid growth factor receptor-like protein 1",1,1,1,1,1,1,1,1,1,1,1
"Kininogen-1",1,1,1,1,1,1,1,1,1,1,1
"Acetyl-coenzyme A transporter 1",1,1,1,1,1,1,1,1,1,1,1
"Fibroblast growth factor receptor 1",1,1,1,1,1,1,1,1,1,1,1
"PI4-kinase alpha subunit",1,1,1,1,1,1,1,1,1,1,1
"Arachidonate 12-lipoxygenase",1,1,1,1,1,1,1,1,1,1,1
"Autotaxin",1,1,1,1,1,1,1,1,1,1,1
"ADAM17",1,1,1,1,1,1,1,1,1,1,1
"Prostanoid EP3 receptor",1,1,1,1,1,1,1,1,1,1,1
"Hepatocyte growth factor receptor",1,1,1,1,1,1,1,1,1,1,1
"Carbonic anhydrase IV",1,1,1,1,1,1,1,1,1,1,1
"11-beta-hydroxysteroid dehydrogenase 2",0.583699149659864,0.786174735449735,0.583699149659864,0.583699149659864,0.583699149659864,0.583699149659864,0.583699149659864,1,0.602088045634921,0.583699149659864,1
"Histamine H4 receptor",1,1,1,1,1,1,1,1,1,1,1
"Beta-glucosidase",1,1,1,1,1,1,1,1,1,1,1
"Urotensin II receptor",1,1,1,1,1,1,1,1,1,1,1
"Metabotropic glutamate receptor 1",0.84375373015873,1,1,0.84375373015873,0.84375373015873,1,0.84375373015873,0.84375373015873,1,1,1
"Dual specificity phosphatase Cdc25A",1,1,1,1,1,1,1,1,1,1,1
"Caspase-8",1,1,1,1,1,1,1,1,1,1,1
"Interleukin-1 receptor-associated kinase 4",1,1,1,1,1,1,1,1,1,1,1
"Histone acetyltransferase p300",1,0.936765952380952,1,0.936765952380952,1,0.936765952380952,0.936765952380952,1,0.936765952380952,1,1
"Hydroxycarboxylic acid receptor 2",1,0.95503621031746,1,1,1,0.95503621031746,0.95503621031746,1,1,0.95503621031746,1
"Serine/threonine-protein kinase PLK4",0.818009275793651,0.818009275793651,1,1,0.808320502645503,0.818009275793651,0.808320502645503,0.818009275793651,1,0.808320502645503,0.818009275793651
"Melanocortin receptor 1",1,0.39862380952381,1,0.737454047619048,1,0.946731547619048,0.946731547619048,0.737454047619048,0.737454047619048,0.737454047619048,0.863684920634921
"Calcitonin gene-related peptide type 1 receptor",1,1,1,1,1,1,1,1,1,1,1
"T-cell protein-tyrosine phosphatase",1,1,1,1,1,1,1,1,1,1,1
"Cytosolic phospholipase A2",1,0.365405158730159,1,1,1,1,1,0.974413756613757,0.974413756613757,1,1
"Hexokinase type IV",0.722505654761905,0.722505654761905,1,0.880294246031746,0.880294246031746,1,1,1,0.722505654761905,0.722505654761905,1
"Serine/threonine-protein kinase NEK2",1,1,1,1,1,1,1,1,1,1,1
"LIM domain kinase 1",1,1,1,1,1,1,1,1,1,1,1
"Cathepsin L",1,1,1,1,1,1,1,1,1,1,1
"Protein kinase C mu",1,1,1,1,1,1,1,1,1,1,1
"Protein-tyrosine phosphatase 2C",1,1,1,1,1,1,1,1,1,1,1
"Matrix metalloproteinase 14",1,0.664373015873016,1,1,1,1,1,1,0.747419642857143,1,1
"Heat shock protein HSP 90-alpha",1,1,1,1,1,1,1,1,1,1,1
"Sodium/glucose cotransporter 2",1,1,1,1,1,1,1,1,1,1,1
"Calpain 1",0.531498412698413,0.465061111111111,1,1,1,1,1,1,0.609008597883598,1,1
"Sphingosine 1-phosphate receptor Edg-3",1,1,1,1,1,1,1,1,1,1,1
"Bone morphogenetic protein 1",1,1,1,1,1,1,1,1,1,1,1
"Glutathione S-transferase Pi",0.83046626984127,1,1,0.83046626984127,0.903547301587302,0.871989583333333,0.797247619047619,1,1,1,1
"Tyrosine-protein kinase Lyn",0.944358786848073,1,1,0.755724305555556,0.755724305555556,1,0.755724305555556,0.755724305555556,0.944358786848073,1,0.944358786848073
"Ribosomal protein S6 kinase alpha 2",1,1,1,1,1,1,1,1,1,1,1
"Carbonic anhydrase XIII",1,1,1,1,1,1,1,1,1,1,1
"Complement C1s",1,1,1,1,1,1,1,1,1,1,1
"Protein kinase C theta",1,1,1,1,1,1,1,1,1,1,1
"Heparanase",1,1,1,1,1,1,1,1,1,1,1
"Methionine aminopeptidase 2",1,1,1,1,1,1,1,1,1,1,1
"Serine/threonine-protein kinase Aurora-C",0.686518783068783,0.132874603174603,0.245818015873016,0.182702579365079,0.245818015873016,1,0.245818015873016,1,0.606240376984127,0.459524669312169,0.488788718820862
"Quinone reductase 2",1,1,1,1,1,1,1,1,1,1,1
"MAP kinase p38 beta",1,1,1,1,1,1,1,1,1,1,1
"Carbonic anhydrase VB",0.210384788359788,0.210384788359788,0.210384788359788,0.210384788359788,0.210384788359788,1,0.210384788359788,0.60790130952381,0.420769576719577,0.420769576719577,0.308458900226757
"GAR transformylase",1,1,1,1,1,1,1,1,1,1,1
"Proteinase-activated receptor 1",1,1,1,1,1,1,1,1,1,1,1
"Fructose-1,6-bisphosphatase",1,1,1,1,1,1,1,1,1,1,1
"Dipeptidyl peptidase II",1,1,1,1,1,1,1,1,1,1,1
"Peroxisome proliferator-activated receptor delta",0.584648253968254,0.584648253968254,1,0.584648253968254,1,0.584648253968254,0.935658664021164,1,1,0.584648253968254,1
"Serine/threonine-protein kinase 10",1,1,1,1,1,1,1,1,1,1,1
"Dual specificity protein kinase TTK",1,1,1,1,1,1,1,1,1,1,1
"Coagulation factor VII",1,1,1,1,1,1,1,1,1,1,1
"PI3-kinase p110-alpha subunit",1,1,1,1,1,1,1,1,1,1,1
"Tyrosine-protein kinase ABL2",1,1,1,1,1,1,1,1,1,1,1
"C-C chemokine receptor type 2",1,1,1,1,1,1,1,1,1,1,1
"Glutamate receptor ionotropic, AMPA 2",0.98548664021164,0.98548664021164,1,0.98548664021164,1,1,0.98548664021164,1,0.98548664021164,1,0.98548664021164
"Neuropeptide Y receptor type 2",1,1,1,1,1,1,1,1,1,1,1
"HMG-CoA reductase",1,1,1,1,1,1,1,1,1,1,1
"Signal transducer and activator of transcription 3",1,1,1,1,1,1,1,1,1,1,1
"Interleukin-8 receptor A",1,1,1,1,1,1,1,1,1,1,1
"Cyclin-dependent kinase 5",1,1,1,1,1,1,1,1,1,1,1
"MAP kinase ERK2",1,1,1,1,1,1,1,1,1,1,1
"Cystic fibrosis transmembrane conductance regulator",1,1,1,1,1,1,1,1,1,1,1
"Chymase",1,1,1,1,1,1,1,1,1,1,1
"Casein kinase II alpha (prime)",0.950053412698413,1,1,0.950053412698413,0.950053412698413,1,0.950053412698413,0.950053412698413,1,1,1
"Cathepsin B",0.946731547619048,1,1,0.946731547619048,0.946731547619048,0.946731547619048,0.946731547619048,0.946731547619048,1,0.946731547619048,0.946731547619048
"Matrix metalloproteinase 7",1,1,1,1,1,1,1,1,1,1,1
"Bombesin receptor subtype-3",0.6754458994709,0.597935714285714,0.6754458994709,1,1,1,0.6754458994709,0.6754458994709,0.664373015873016,1,1
"LXR-beta",1,1,1,1,1,1,1,1,1,1,1
"Neurotensin receptor 1",1,1,1,1,1,1,1,1,1,1,1
"Tyrosine-protein kinase TIE-2",1,1,1,1,1,1,1,1,1,1,1
"Fibroblast growth factor receptor 2",0.882667006802721,0.882667006802721,0.882667006802721,0.882667006802721,1,0.882667006802721,0.882667006802721,0.882667006802721,1,1,1
"Histone deacetylase 9",1,1,1,1,1,1,1,1,1,1,1
"Fatty acid synthase",1,1,1,1,1,1,1,1,1,1,1
"c-Jun N-terminal kinase 2",1,1,1,1,1,1,1,1,1,1,1
"Sodium channel protein type II alpha subunit",0.526752891156463,0.526752891156463,0.526752891156463,0.526752891156463,0.771410890652557,0.676830009920635,0.526752891156463,1,0.526752891156463,0.526752891156463,0.847075595238095
"Monoglyceride lipase",1,1,1,1,1,1,1,1,1,1,1
"Inhibitor of apoptosis protein 3",1,1,1,1,1,1,1,1,1,1,1
"Serine/threonine-protein kinase 2",1,1,1,1,1,1,1,1,1,1,1
"Dual specificity protein kinase CLK4",1,1,1,1,1,1,1,1,1,1,1
"MAP kinase signal-integrating kinase 2",1,1,1,1,1,1,1,1,1,1,1
"Proteasome component C5",1,1,1,1,1,1,1,1,1,1,1
"Tyrosine-protein kinase FRK",1,1,1,1,1,1,1,1,1,1,1
"Dual specificty protein kinase CLK1",1,1,1,1,1,1,1,1,1,1,1
"Dual specificity protein kinase CLK2",0.857041190476191,0.857041190476191,1,1,1,1,0.857041190476191,1,0.857041190476191,1,0.857041190476191
"Lipoxin A4 receptor",1,0.365405158730159,1,1,1,1,1,1,1,1,1
"Estradiol 17-beta-dehydrogenase 3",1,1,1,1,1,1,1,1,1,1,1
"11-beta-hydroxysteroid dehydrogenase 1",1,1,1,1,1,1,1,1,1,1,1
"Ribosomal protein S6 kinase alpha 5",1,0.597935714285714,1,1,1,1,1,1,0.680982341269841,1,1
"ALK tyrosine kinase receptor",1,1,1,1,1,1,1,1,1,1,1
"Hypoxia-inducible factor 1 alpha",0.697591666666667,0.697591666666667,0.697591666666667,0.697591666666667,0.697591666666667,1,0.697591666666667,0.697591666666667,1,1,1
"TGF-beta receptor type II",1,1,1,1,1,1,1,1,1,1,1
"Serine/threonine-protein kinase AKT",1,1,1,1,1,1,1,1,1,1,1
"Sodium channel protein type IX alpha subunit",1,0.747419642857143,1,1,1,1,0.747419642857143,1,1,1,1
"P-glycoprotein 1",0.892158049886621,0.892158049886621,1,0.680982341269841,0.892158049886621,1,0.680982341269841,0.697591666666667,1,1,0.697591666666667
"Heat shock protein HSP 90-beta",0.404160251322751,0.404160251322751,1,1,0.787756575963719,0.404160251322751,0.404160251322751,1,0.404160251322751,0.404160251322751,1
"Calcium-activated potassium channel subunit alpha-1",1,1,1,1,1,1,1,1,1,1,1
"Intermediate conductance calcium-activated potassium channel protein 4",1,1,1,1,1,1,1,1,1,1,1
"Voltage-gated potassium channel subunit Kv1.5",1,1,1,1,1,1,1,1,1,1,1
"Bradykinin B1 receptor",1,1,1,1,1,1,1,1,1,1,1
"Purinergic receptor P2Y1",0.984102529761905,0.664373015873016,0.925376700680272,0.664373015873016,0.925376700680272,1,0.664373015873016,0.925376700680272,0.855380257936508,1,1
"Sphingosine 1-phosphate receptor Edg-1",1,1,1,1,1,1,1,1,1,1,1
"Purine nucleoside phosphorylase",1,1,1,1,1,1,1,1,1,1,1
"Serine/threonine-protein kinase GAK",1,0.647763690476191,1,1,1,1,1,1,1,1,0.647763690476191
"Induced myeloid leukemia cell differentiation protein Mcl-1",1,1,1,1,1,1,1,1,1,1,1
"Dual-specificity tyrosine-phosphorylation regulated kinase 2",1,1,1,1,1,1,1,1,1,1,1
"Gastric inhibitory polypeptide receptor",1,1,0.664373015873016,0.43184246031746,1,1,0.647763690476191,1,1,1,0.664373015873016
"Matrix metalloproteinase 12",1,1,1,1,1,1,1,1,1,1,1
"Sphingosine kinase 1",1,1,1,1,1,1,1,1,1,1,1
"Phosphodiesterase 8B",1,1,1,1,1,1,1,1,1,1,1
"Phosphodiesterase 10A",0.783960158730159,0.783960158730159,1,0.783960158730159,1,1,0.783960158730159,0.783960158730159,1,1,1
"Free fatty acid receptor 1",1,1,1,1,1,1,1,1,1,1,1
"Prostanoid DP receptor",0.982322959183673,0.982322959183673,0.982322959183673,0.984102529761905,0.982322959183673,1,1,0.982322959183673,0.982322959183673,0.982322959183673,1
"Neurokinin 3 receptor",1,1,1,1,1,1,1,1,1,1,1
"TGF-beta receptor type I",1,1,1,1,1,1,1,1,1,1,1
"C-X-C chemokine receptor type 3",1,1,1,1,1,1,1,1,1,1,1
"Vitamin K-dependent protein C",1,1,1,1,1,1,1,1,1,1,1
"Tyrosine-protein kinase FGR",1,1,1,1,1,1,1,1,1,1,1
"NAD-dependent deacetylase sirtuin 3",1,1,1,1,1,1,1,1,1,1,1
"NAD-dependent deacetylase sirtuin 2",1,1,1,1,1,1,1,1,1,1,1
"Acyl coenzyme A:cholesterol acyltransferase 2",1,0.764028968253968,1,1,1,1,1,1,0.896903571428571,1,1
"Voltage-gated N-type calcium channel alpha-1B subunit",1,0.465061111111111,1,1,1,1,0.465061111111111,0.465061111111111,0.704235396825397,0.704235396825397,1
"Nitric oxide synthase, inducible",0.697591666666667,0.199311904761905,0.697591666666667,0.470597552910053,0.470597552910053,0.470597552910053,0.750741507936508,0.645390929705215,0.470597552910053,0.470597552910053,0.761009090909091
"Serine/threonine-protein kinase PAK 4",0.852612037037037,0.631154365079365,0.852612037037037,0.852612037037037,0.852612037037037,0.852612037037037,1,0.852612037037037,0.83046626984127,0.83046626984127,1
"Ribosomal protein S6 kinase 1",1,0.710879126984127,1,1,1,0.710879126984127,0.710879126984127,1,0.710879126984127,1,0.710879126984127
"NAD-dependent deacetylase sirtuin 1",1,1,1,1,1,1,1,1,1,1,1
"Glutaminyl-peptide cyclotransferase",1,1,1,1,1,1,1,1,1,1,1
"Serine/threonine-protein kinase PIM2",1,1,1,1,1,1,1,1,1,1,1
"TRAF2- and NCK-interacting kinase",0.43184246031746,0.963340873015873,0.963340873015873,0.963340873015873,0.963340873015873,1,0.963340873015873,0.963340873015873,1,1,0.963340873015873
"Coagulation factor XIII",1,1,1,1,1,1,1,1,1,1,1
"5-lipoxygenase activating protein",1,1,1,1,1,1,1,1,1,1,1
"Neuropeptide Y receptor type 5",1,1,1,1,1,1,1,1,1,1,1
"Kinesin-like protein 1",1,0.972831916099773,0.972831916099773,0.972831916099773,0.972831916099773,0.972831916099773,0.972831916099773,1,1,1,0.972831916099773
"Matrix metalloproteinase 8",1,1,1,1,1,1,1,1,1,1,1
"C-C chemokine receptor type 8",1,1,1,1,1,1,1,1,1,1,1
"Tyrosine kinase non-receptor protein 2",1,1,1,1,1,1,1,1,1,1,1
"Serine/threonine-protein kinase PAK 1",1,1,1,1,1,1,1,1,1,1,1
"Tyrosine-protein kinase BRK",1,1,1,1,1,1,1,1,1,1,1
"Melanocortin receptor 5",0.979950198412698,0.43184246031746,1,1,0.979950198412698,0.979950198412698,1,1,0.863684920634921,0.979950198412698,1
"Ghrelin receptor",1,1,1,1,1,1,1,1,1,1,1
"Phenylethanolamine N-methyltransferase",1,1,1,1,1,1,1,1,1,1,1
"Leukotriene A4 hydrolase",1,0.514889087301587,1,1,1,0.514889087301587,1,1,1,1,1
"Apoptosis regulator Bcl-X",1,1,1,1,1,1,1,1,1,1,1
"Serine/threonine-protein kinase Chk1",1,1,1,1,1,1,1,1,1,1,1
"Voltage-gated potassium channel subunit Kv1.3",1,1,1,1,1,1,1,1,1,1,1
"Voltage-gated T-type calcium channel alpha-1G subunit",1,1,1,1,1,1,1,1,1,1,1
"Melanocortin receptor 3",1,0.39862380952381,0.797247619047619,1,1,1,0.772333630952381,0.772333630952381,0.772333630952381,1,1
"Dipeptidyl peptidase VIII",1,1,1,1,1,1,1,1,1,1,1
"Lymphocyte differentiation antigen CD38",1,1,1,1,1,1,1,1,1,1,1
"Proteasome Macropain subunit MB1",0.943409682539682,0.943409682539682,1,0.813856944444445,0.943409682539682,0.967493204365079,0.813856944444445,0.967493204365079,1,0.967493204365079,1
"Apoptosis regulator Bcl-W",1,1,1,1,1,1,1,1,1,1,1
"Aldo-keto-reductase family 1 member C3",1,1,1,1,1,1,1,1,1,1,1
"Fibroblast activation protein alpha",1,1,1,1,1,1,1,1,1,1,1
"Indoleamine 2,3-dioxygenase",1,1,1,1,1,1,1,1,1,1,1
"Malonyl-CoA decarboxylase",0.620081481481481,0.946731547619048,1,1,1,1,0.620081481481481,0.620081481481481,1,1,1
"Isoprenylcysteine carboxyl methyltransferase",1,0.717522857142857,0.764028968253968,0.717522857142857,0.717522857142857,1,0.717522857142857,0.717522857142857,0.982322959183673,1,1
"Serine/threonine-protein kinase Aurora-A",0.977577437641723,0.465061111111111,0.977577437641723,1,1,1,1,0.977577437641723,0.564717063492064,0.977577437641723,0.977577437641723
"C3a anaphylatoxin chemotactic receptor",1,1,1,1,1,1,1,1,1,1,1
"Vesicular acetylcholine transporter",1,1,1,1,1,1,1,1,1,1,1
"Geranylgeranyl pyrophosphate synthetase",1,1,1,1,1,1,1,1,1,1,1
"Neuropeptide Y receptor type 1",0.622849702380952,1,1,0.644441825396825,0.622849702380952,1,0.622849702380952,0.622849702380952,1,1,1
"Carbonic anhydrase VA",0.944358786848073,0.944358786848073,1,0.944358786848073,0.944358786848073,1,0.797247619047619,0.946731547619048,0.944358786848073,1,0.944358786848073
"Endothelin-converting enzyme 1",1,1,1,1,1,1,1,1,1,1,1
"Orexin receptor 2",1,1,1,1,1,1,1,1,1,1,1
"Dipeptidyl peptidase IX",1,1,1,1,1,1,1,1,1,1,1
"Vanilloid receptor",0.606240376984127,0.606240376984127,1,1,0.684304206349206,0.39862380952381,0.39862380952381,1,1,0.786174735449735,1
"Caspase-1",1,1,1,1,1,0.730810317460317,0.730810317460317,1,1,1,1
"Nitric-oxide synthase, endothelial",1,1,1,1,1,1,1,1,1,1,1
"Dual specificity phosphatase Cdc25B",1,1,1,1,1,1,1,1,1,1,1
"P2X purinoceptor 7",0.440147123015873,0.43184246031746,1,1,1,0.896903571428571,0.458417380952381,1,0.43184246031746,0.440147123015873,1
"Serine/threonine-protein kinase AKT3",1,1,1,1,1,1,1,1,1,1,1
"Beta-secretase 1",1,1,1,1,1,1,1,1,1,1,1
"Acetyl-CoA carboxylase 2",1,0.988254861111111,0.988254861111111,0.988254861111111,0.988254861111111,1,1,1,1,1,1
"L-lactate dehydrogenase A chain",1,1,1,1,1,1,1,1,1,1,1
"C-X3-C chemokine receptor 1",1,0.913512896825397,1,1,1,1,0.913512896825397,1,0.913512896825397,0.913512896825397,0.916834761904762
"Eukaryotic translation initation factor",1,1,1,1,1,1,1,1,1,1,1
"Apoptosis regulator Bcl-2",0.778265532879819,0.778265532879819,1,1,0.778265532879819,0.778265532879819,0.778265532879819,0.778265532879819,1,0.778265532879819,1
"Cytochrome P450 1B1",1,1,1,1,1,1,1,1,1,1,1
"Tyrosine-protein kinase receptor UFO",0.609008597883598,1,0.880294246031746,0.609008597883598,0.672677678571429,0.717522857142857,0.498279761904762,0.808320502645503,1,0.880294246031746,1
"Neurotrophic tyrosine kinase receptor type 2",0.98548664021164,1,1,0.83046626984127,0.83046626984127,0.98548664021164,0.98548664021164,0.98548664021164,1,1,1
"Mitogen-activated protein kinase kinase kinase 8",1,1,1,1,1,1,1,1,1,1,1
"Low molecular weight phosphotyrosine protein phosphatase",0.877921485260771,0.877921485260771,1,0.877921485260771,0.877921485260771,1,0.877921485260771,0.877921485260771,0.877921485260771,1,1
"Casein kinase I epsilon",1,1,1,1,1,1,1,1,1,1,1
"L-lactate dehydrogenase B chain",1,1,1,1,1,1,1,1,1,1,1
"S-methyl-5-thioadenosine phosphorylase",1,1,1,0.764028968253968,0.952267989417989,1,1,0.952267989417989,1,1,1
"Proto-oncogene c-JUN",0.597935714285714,0.597935714285714,0.78986569664903,0.597935714285714,0.640645408163265,0.597935714285714,0.597935714285714,0.597935714285714,0.910191031746032,0.78986569664903,1
"Sodium/glucose cotransporter 1",1,1,1,1,1,1,1,1,1,1,1
"Transketolase",0.41191126984127,0.701743998015873,0.701743998015873,0.166093253968254,0.373709821428571,0.767719929453263,0.166093253968254,0.373709821428571,1,1,0.701743998015873
"Serine/threonine-protein kinase RIPK2",1,1,1,1,1,1,1,1,1,1,1
"p53-binding protein Mdm-2",1,1,1,1,1,1,1,1,1,1,1
"Serine-protein kinase ATR",1,0.996559523809524,1,1,1,1,1,1,1,1,1
"ADAM10",1,0.298967857142857,1,1,1,1,0.606240376984127,0.606240376984127,0.39862380952381,1,1
"Endoplasmic reticulum aminopeptidase 2",1,1,1,1,1,1,1,1,1,1,1
"G protein-coupled receptor 44",1,1,1,1,1,1,1,1,1,1,1
"Endothelial lipase",1,0.813856944444445,1,1,1,1,1,1,0.813856944444445,1,1
"Histone deacetylase 10",1,1,1,1,1,1,1,1,1,1,1
"GABA receptor alpha-5 subunit",1,1,1,1,1,1,1,1,1,1,1
"Orexin receptor 1",0.98548664021164,1,0.98548664021164,0.98548664021164,0.98548664021164,0.98548664021164,1,1,1,0.98548664021164,1
"Discoidin domain-containing receptor 2",0.653300132275132,0.653300132275132,1,0.653300132275132,1,1,0.653300132275132,1,1,0.653300132275132,0.653300132275132
"Metabotropic glutamate receptor 2",1,1,1,1,1,1,1,1,1,1,1
"Cytochrome P450 26A1",1,1,1,1,1,1,1,1,1,1,1
"Serine/threonine-protein kinase B-raf",1,1,1,1,1,1,1,1,1,1,1
"Ephrin type-B receptor 4",1,1,1,1,1,1,1,1,1,1,1
"Neuropilin-1",1,1,1,1,1,1,1,1,1,1,1
"dUTP pyrophosphatase",0.672677678571429,0.166093253968254,0.476133994708995,0.559971541950113,0.559971541950113,0.777316428571429,0.559971541950113,1,0.476133994708995,0.559971541950113,0.727119356261023
"Serine/threonine-protein kinase ILK-1",1,0.639459027777778,1,1,1,1,0.639459027777778,0.639459027777778,0.639459027777778,1,1
"Tyrosine-protein kinase BTK",0.744097777777778,0.83046626984127,1,0.744097777777778,0.744097777777778,0.83046626984127,0.744097777777778,1,1,0.744097777777778,0.83046626984127
"Serine/threonine-protein kinase TNNI3K",1,1,1,1,1,1,1,1,1,1,1
"Cytochrome P450 2A6",0.787756575963719,0.787756575963719,1,0.787756575963719,0.787756575963719,1,0.787756575963719,0.787756575963719,0.984102529761905,1,0.787756575963719
"Mitogen-activated protein kinase kinase kinase 5",1,1,1,1,1,1,1,1,1,1,1
"Tyrosine-protein kinase receptor TYRO3",1,1,1,1,1,1,1,1,1,1,1
"Epithelial discoidin domain-containing receptor 1",1,1,1,1,1,1,1,1,1,1,1
"Proto-oncogene tyrosine-protein kinase MER",1,1,1,1,1,1,1,1,1,1,1
"Baculoviral IAP repeat-containing protein 3",0.623772442680776,0.623772442680776,0.623772442680776,0.623772442680776,0.623772442680776,0.623772442680776,0.623772442680776,0.676452525252525,0.623772442680776,0.623772442680776,0.676452525252525
"Poly [ADP-ribose] polymerase 2",1,1,1,1,1,1,1,1,1,1,1
"P-selectin",1,1,1,1,1,1,1,1,1,1,1
"ATP-binding cassette sub-family G member 2",1,1,1,1,1,1,1,1,1,1,1
"Pituitary adenylate cyclase-activating polypeptide type I receptor",1,1,1,1,1,1,1,1,1,1,1
"Serine/threonine-protein kinase PIM3",0.948577028218695,0.948577028218695,0.948577028218695,0.948577028218695,0.948577028218695,0.948577028218695,0.948577028218695,0.948577028218695,0.948577028218695,1,1
"G-protein coupled bile acid receptor 1",1,1,1,1,1,1,1,1,1,1,1
"Metastin receptor",0.847075595238095,0.847075595238095,1,0.847075595238095,0.847075595238095,1,0.847075595238095,0.847075595238095,0.847075595238095,1,0.847075595238095
"Cell division cycle 7-related protein kinase",0.988254861111111,0.988254861111111,1,0.988254861111111,0.988254861111111,0.988254861111111,0.988254861111111,1,0.988254861111111,1,0.988254861111111
"Sodium channel protein type X alpha subunit",0.868430442176871,1,0.946731547619048,1,0.868430442176871,0.868430442176871,0.868430442176871,0.868430442176871,0.868430442176871,0.868430442176871,1
"Baculoviral IAP repeat-containing protein 2",1,1,1,1,0.808320502645503,1,0.808320502645503,1,1,1,0.808320502645503
"Receptor-interacting serine/threonine-protein kinase 1",1,1,1,1,1,1,1,1,1,1,1
"Protein tyrosine kinase 2 beta",1,1,1,1,1,1,1,1,1,1,1
"Perforin-1",1,0.719737433862434,0.819393386243386,0.719737433862434,0.797247619047619,1,0.764028968253968,0.719737433862434,1,1,1
"D-amino-acid oxidase",1,0.365405158730159,1,1,1,1,1,1,1,1,1
"Serine/threonine-protein kinase WEE1",1,1,1,1,1,1,1,1,1,1,1
"Histone acetyltransferase PCAF",1,1,1,1,1,1,1,1,1,1,1
"Secreted frizzled-related protein 1",0.982322959183673,0.905208234126984,1,0.905208234126984,0.982322959183673,1,0.905208234126984,0.905208234126984,0.982322959183673,1,1
"Transient receptor potential cation channel subfamily V member 3",0.930122222222222,0.930122222222222,1,1,1,1,1,1,1,1,1
"Protein-arginine N-methyltransferase 1",1,1,1,1,1,1,1,1,1,1,1
"Nuclear factor NF-kappa-B p65 subunit",1,0.930122222222222,1,1,1,1,1,1,0.930122222222222,1,1
"Dual specificity tyrosine-phosphorylation-regulated kinase 1B",1,1,1,1,1,1,1,1,1,1,1
"Acyl-CoA desaturase",1,1,1,1,1,1,1,1,1,1,1
"Proto-oncogene tyrosine-protein kinase ROS",1,1,1,1,1,1,1,1,1,1,1
"Lysyl-tRNA synthetase",1,1,1,1,1,1,1,1,1,1,1
"DNA-(apurinic or apyrimidinic site) lyase",0.863684920634921,0.863684920634921,0.863684920634921,0.863684920634921,0.863684920634921,0.920156626984127,0.863684920634921,0.863684920634921,1,0.863684920634921,0.863684920634921
"Glucose-dependent insulinotropic receptor",1,1,1,0.797247619047619,1,0.797247619047619,0.797247619047619,1,1,1,1
"Prostaglandin E synthase",1,0.465061111111111,1,1,1,1,1,1,1,1,1
"G protein-coupled receptor kinase 5",0.43184246031746,0.43184246031746,0.43184246031746,0.39862380952381,0.43184246031746,0.47751810515873,0.39862380952381,0.43184246031746,0.908983080808081,0.908983080808081,0.908983080808081
"Egl nine homolog 1",1,0.863684920634921,1,1,1,1,1,1,1,1,1
"Elongation of very long chain fatty acids protein 6",1,1,1,1,1,1,1,1,1,1,1
"Glucagon",1,1,1,1,1,1,1,1,1,1,1
"CREB-binding protein",1,0.863684920634921,1,1,1,1,1,1,1,1,1
"Mitogen-activated protein kinase kinase kinase 7",1,1,1,1,1,1,1,1,1,1,1
"Interferon-induced, double-stranded RNA-activated protein kinase",1,1,1,1,1,1,1,1,1,1,1
"Aldo-keto reductase family 1 member C2",1,0.514889087301587,1,0.514889087301587,0.773520011337869,1,0.773520011337869,0.773520011337869,0.773520011337869,0.773520011337869,1
"Trace amine-associated receptor 1",1,1,1,1,1,1,1,1,1,1,1
"Nuclear receptor ROR-alpha",1,0.697591666666667,1,1,1,1,1,1,0.697591666666667,1,1
"Heat shock factor protein 1",1,1,1,1,1,1,1,1,1,1,1
"Hematopoietic prostaglandin D synthase",1,1,1,1,1,1,1,1,1,1,1
"Aldo-keto reductase family 1 member C1",1,1,1,1,1,1,1,1,1,1,1
"Bifunctional protein NCOAT",0.775101851851852,0.775101851851852,0.775101851851852,0.824426515151515,0.775101851851852,0.824426515151515,0.775101851851852,0.824426515151515,0.775101851851852,0.824426515151515,0.824426515151515
"LIM domain kinase 2",1,1,1,1,1,1,1,1,1,1,1
"Serine/threonine-protein kinase PLK2",1,1,1,1,1,1,1,1,1,1,1
"Neuropeptide FF receptor 1",0.498279761904762,1,1,1,1,1,0.498279761904762,0.498279761904762,1,1,1
"Neuropeptide FF receptor 2",1,0.61454503968254,1,0.61454503968254,1,1,1,1,1,1,1
"IgG receptor FcRn large subunit p51",1,1,1,1,1,1,1,1,1,1,1
"Smoothened homolog",1,1,1,1,1,1,1,1,1,1,1
"Aldo-keto reductase family 1 member B10",1,1,1,1,1,1,1,1,1,1,1
"Serine/threonine-protein kinase 33",1,1,1,1,1,1,1,1,1,1,1
"Transient receptor potential cation channel subfamily A member 1",1,1,1,1,1,1,1,1,1,1,1
"Diacylglycerol O-acyltransferase 1",1,1,1,1,1,1,1,1,1,1,1
"Histone-lysine N-methyltransferase, H3 lysine-9 specific 3",0.621663321995465,0.922740299823633,0.966662738095238,0.621663321995465,0.621663321995465,0.621663321995465,0.621663321995465,0.621663321995465,1,0.621663321995465,0.922740299823633
"Lysine-specific histone demethylase 1",1,1,1,1,1,1,1,1,1,1,1
"Alpha-synuclein",1,1,1,1,1,1,1,1,1,1,1
"Tankyrase-2",1,1,1,1,1,1,1,1,1,1,1
"Tankyrase-1",1,1,1,1,1,1,1,1,1,1,1
"Mitogen-activated protein kinase kinase kinase kinase 4",1,1,1,1,1,1,1,1,1,1,1
"Lysine-specific demethylase 4C",0.847075595238095,0.847075595238095,1,1,0.847075595238095,1,1,1,0.910191031746032,0.847075595238095,1
