"","EGFR","Hypoxia","JAK.STAT","MAPK","NFkB","PI3K","TGFb","TNFa","Trail","VEGF","p53"
"Arginase-1",0.313,0.437,0.397,0.177,0.289,0.387,0.258,0.338,0.333,0.289,0.488
"Leucine-rich repeat serine/threonine-protein kinase 2",0.11,0.209,0.174,0.067,0.051,0.34,0.132,0.061,0.392,0.205,0.34
"Tyrosyl-DNA phosphodiesterase 1",0.045,0.329,0.176,0.027,0.138,0.343,0.019,0.106,0.362,0.159,0.41
"Transitional endoplasmic reticulum ATPase",0.402,0.297,0.295,0.399,0.209,0.465,0.288,0.308,0.363,0.378,0.372
"Glucokinase regulatory protein",0.147,0.18,0.435,0.173,0.153,0.182,0.259,0.115,0.306,0.377,0.336
"Pyruvate kinase isozymes M1/M2",0.336,0.054,0.17,0.29,0.439,0.279,0.208,0.299,0.039,0.088,0.325
"Transient receptor potential cation channel subfamily M member 8",0.48,0.084,0.207,0.526,0.311,0.266,0.273,0.439,0.409,0.365,0.421
"G-protein coupled receptor 55",0.25,0.257,0.2,0.092,0.171,0.122,0.259,0.331,0.333,0.233,0.421
"Endoplasmin",0.195,0.081,0.243,0.171,0.097,0.107,0.171,0.064,0.291,0.338,0.479
"Serine/threonine-protein kinase/endoribonuclease IRE1",0.227,0.049,0.336,0.502,0.439,0.131,0.184,0.3,0.275,0.051,0.085
"NADPH oxidase 4",0.376,0.121,0.432,0.346,0.285,0.445,0.506,0.398,0.421,0.275,0.533
"Ketohexokinase",0.162,0.33,0.302,0.344,0.363,0.109,0.41,0.387,0.22,0.169,0.517
"Lethal(3)malignant brain tumor-like protein 1",0.328,0.026,0.055,0.12,0.48,0.403,0.368,0.213,0.06,0.178,0.449
"Microtubule-associated protein tau",0.123,0.085,0.42,0.451,0.293,0.448,0.306,0.293,0.059,0.229,0.13
"15-hydroxyprostaglandin dehydrogenase [NAD+]",0.171,0.229,0.5,0.088,0.379,0.482,0.446,0.353,0.274,0.117,0.311
"G-protein coupled receptor 35",0.434,0.157,0.335,0.076,0.399,0.288,0.262,0.427,0.351,0.478,0.372
"ATP-sensitive inward rectifier potassium channel 1",0.296,0.035,0.26,0.138,0.175,0.413,0.128,0.481,0.209,0.312,0.379
"Neuropeptides B/W receptor type 1",0.222,0.444,0.215,0.423,0.36,0.401,0.386,0.365,0.463,0.444,0.175
"Nuclear receptor ROR-gamma",0.229,0.058,0.332,0.388,0.277,0.352,0.32,0.28,0.084,0.081,0.192
"DNA topoisomerase I",0.397,0.217,0.261,0.34,0.383,0.137,0.055,0.161,0.364,0.367,0.352
"Farnesyl diphosphate synthase",0.371,0.093,0.276,0.22,0.425,0.361,0.127,0.404,0.3,0.396,0.333
"Glucagon-like peptide 1 receptor",0.423,0.426,0.107,0.271,0.415,0.325,0.354,0.446,0.27,0.101,0.128
"Endothelin receptor ET-B",0.214,0.279,0.528,0.166,0.237,0.506,0.099,0.098,0.293,0.234,0.217
"Steroid 5-alpha-reductase 1",0.42,0.34,0.397,0.465,0.249,0.156,0.099,0.325,0.406,0.194,0.363
"Vasopressin V2 receptor",0.446,0.385,0.393,0.445,0.44,0.257,0.249,0.127,0.189,0.398,0.399
"Somatostatin receptor 5",0.161,0.186,0.362,0.313,0.147,0.127,0.093,0.33,0.255,0.095,0.496
"Histone-lysine N-methyltransferase, H3 lysine-79 specific",0.467,0.278,0.419,0.157,0.397,0.127,0.436,0.379,0.298,0.373,0.422
"Bromodomain-containing protein 3",0.371,0.115,0.297,0.355,0.447,0.326,0.261,0.452,0.149,0.414,0.426
"Cysteinyl leukotriene receptor 1",0.085,0.031,0.435,0.209,0.104,0.24,0.381,0.435,0.085,0.099,0.286
"Plasminogen",0.313,0.034,0.31,0.134,0.098,0.23,0.232,0.28,0.043,0.124,0.195
"Leukocyte adhesion glycoprotein LFA-1 alpha",0.343,0.123,0.363,0.485,0.371,0.116,0.254,0.445,0.373,0.251,0.312
"Somatostatin receptor 2",0.336,0.029,0.413,0.477,0.501,0.276,0.361,0.365,0.143,0.179,0.32
"Muscarinic acetylcholine receptor M4",0.265,0.112,0.157,0.2,0.287,0.43,0.435,0.48,0.168,0.13,0.371
"Inosine-5'-monophosphate dehydrogenase 1",0.408,0.152,0.456,0.155,0.325,0.432,0.377,0.289,0.274,0.419,0.21
"Receptor protein-tyrosine kinase erbB-2",0.127,0.488,0.403,0.247,0.38,0.339,0.397,0.328,0.319,0.188,0.205
"TNF-alpha",0.456,0.203,0.466,0.512,0.229,0.368,0.386,0.399,0.275,0.207,0.111
"Phosphodiesterase 5A",0.389,0.13,0.466,0.086,0.164,0.464,0.07,0.337,0.242,0.337,0.304
"Serotonin 2b (5-HT2b) receptor",0.431,0.334,0.358,0.14,0.213,0.427,0.275,0.264,0.24,0.243,0.139
"Thromboxane-A synthase",0.121,0.109,0.417,0.075,0.207,0.283,0.416,0.357,0.145,0.389,0.274
"Prostanoid EP4 receptor",0.068,0.082,0.336,0.368,0.495,0.101,0.195,0.105,0.203,0.285,0.074
"Dopamine D5 receptor",0.247,0.13,0.25,0.085,0.126,0.18,0.19,0.193,0.119,0.242,0.21
"Somatostatin receptor 4",0.478,0.014,0.303,0.131,0.373,0.396,0.032,0.184,0.035,0.099,0.242
"Gonadotropin-releasing hormone receptor",0.198,0.363,0.455,0.204,0.334,0.14,0.248,0.324,0.238,0.127,0.459
"4-hydroxyphenylpyruvate dioxygenase",0.22,0.22,0.051,0.067,0.042,0.181,0.012,0.161,0.525,0.201,0.111
"Tyrosine-protein kinase ABL",0.161,0.077,0.164,0.434,0.114,0.015,0.016,0.25,0.061,0.18,0.132
"Vascular endothelial growth factor receptor 1",0.364,0.127,0.353,0.136,0.502,0.405,0.19,0.357,0.457,0.517,0.222
"Tissue-type plasminogen activator",0.207,0.335,0.324,0.207,0.124,0.253,0.426,0.105,0.397,0.183,0.29
"Calcium sensing receptor",0.521,0.383,0.192,0.483,0.248,0.449,0.363,0.455,0.385,0.353,0.435
"Neuronal acetylcholine receptor protein alpha-4 subunit",0.397,0.521,0.332,0.431,0.287,0.5,0.256,0.453,0.35,0.438,0.491
"Potassium channel, inwardly rectifying, subfamily J, member 11",0.306,0.472,0.133,0.101,0.187,0.324,0.057,0.46,0.305,0.488,0.424
"Vasopressin V1a receptor",0.231,0.175,0.454,0.462,0.257,0.196,0.205,0.234,0.406,0.456,0.285
"Glutamate carboxypeptidase II",0.128,0.113,0.297,0.072,0.182,0.457,0.428,0.498,0.074,0.278,0.349
"Serotonin 1b (5-HT1b) receptor",0.225,0.228,0.324,0.277,0.397,0.221,0.132,0.309,0.227,0.34,0.246
"Serotonin 3a (5-HT3a) receptor",0.393,0.034,0.262,0.193,0.294,0.365,0.455,0.194,0.11,0.175,0.537
"Aldose reductase",0.235,0.051,0.224,0.169,0.232,0.383,0.417,0.403,0.176,0.373,0.347
"Glutamate [NMDA] receptor subunit epsilon 2",0.373,0.188,0.161,0.331,0.386,0.122,0.101,0.131,0.259,0.307,0.199
"Serine/threonine-protein kinase RAF",0.123,0.064,0.401,0.134,0.23,0.425,0.237,0.09,0.396,0.142,0.346
"Aminopeptidase N",0.212,0.051,0.454,0.005,0.072,0.461,0.031,0.228,0.161,0.475,0.415
"Cytochrome P450 11B1",0.168,0.144,0.176,0.037,0.074,0.142,0.142,0.479,0.159,0.204,0.138
"Butyrylcholinesterase",0.427,0.157,0.194,0.087,0.068,0.419,0.307,0.2,0.386,0.432,0.258
"Alpha-2c adrenergic receptor",0.067,0.423,0.121,0.047,0.05,0.256,0.016,0.14,0.358,0.147,0.429
"Melatonin receptor 1A",0.386,0.178,0.451,0.33,0.49,0.373,0.287,0.373,0.474,0.405,0.063
"Melatonin receptor 1B",0.291,0.316,0.272,0.366,0.335,0.484,0.155,0.379,0.469,0.329,0.393
"Thyroid hormone receptor beta-1",0.435,0.105,0.48,0.3,0.346,0.293,0.16,0.162,0.12,0.225,0.253
"Cyclophilin A",0.271,0.44,0.273,0.116,0.176,0.476,0.387,0.429,0.316,0.236,0.335
"Thymidylate synthase",0.066,0.225,0.524,0.373,0.279,0.389,0.349,0.44,0.193,0.293,0.119
"Vascular endothelial growth factor receptor 3",0.51,0.074,0.125,0.394,0.471,0.168,0.208,0.256,0.424,0.23,0.219
"Insulin-like growth factor I receptor",0.252,0.018,0.138,0.384,0.24,0.41,0.209,0.229,0.047,0.132,0.246
"Epoxide hydrolase 1",0.433,0.418,0.132,0.061,0.475,0.087,0.121,0.209,0.213,0.096,0.091
"Tyrosine-protein kinase receptor FLT3",0.216,0.417,0.28,0.309,0.326,0.176,0.138,0.245,0.433,0.319,0.441
"Vitamin D receptor",0.368,0.09,0.321,0.267,0.459,0.399,0.423,0.169,0.135,0.432,0.219
"Cytochrome P450 19A1",0.124,0.02,0.227,0.136,0.134,0.315,0.134,0.254,0.041,0.111,0.429
"Insulin receptor",0.276,0.034,0.184,0.338,0.389,0.249,0.147,0.37,0.17,0.393,0.364
"Serotonin 1d (5-HT1d) receptor",0.282,0.049,0.505,0.174,0.361,0.271,0.265,0.295,0.122,0.073,0.395
"Inhibitor of nuclear factor kappa B kinase beta subunit",0.18,0.025,0.156,0.458,0.455,0.293,0.232,0.189,0.095,0.209,0.114
"Prostanoid IP receptor",0.287,0.169,0.394,0.378,0.268,0.458,0.452,0.433,0.334,0.28,0.406
"Equilibrative nucleoside transporter 1",0.163,0.06,0.401,0.488,0.081,0.085,0.207,0.405,0.163,0.145,0.262
"Purinergic receptor P2Y12",0.454,0.095,0.478,0.396,0.257,0.461,0.229,0.203,0.504,0.437,0.139
"Retinoic acid receptor gamma",0.43,0.176,0.467,0.141,0.327,0.539,0.476,0.311,0.261,0.346,0.394
"Platelet-derived growth factor receptor alpha",0.255,0.193,0.497,0.363,0.441,0.207,0.477,0.317,0.19,0.401,0.189
"Retinoic acid receptor beta",0.422,0.013,0.325,0.276,0.272,0.113,0.46,0.253,0.035,0.184,0.401
"Nociceptin receptor",0.309,0.269,0.179,0.173,0.357,0.225,0.26,0.43,0.384,0.227,0.417
"Dihydrofolate reductase",0.118,0.486,0.359,0.481,0.406,0.334,0.231,0.348,0.19,0.277,0.399
"Epidermal growth factor receptor erbB1",0.437,0.05,0.222,0.373,0.337,0.328,0.411,0.294,0.158,0.154,0.331
"Muscarinic acetylcholine receptor M5",0.304,0.073,0.417,0.233,0.394,0.502,0.178,0.094,0.118,0.19,0.336
"Peptidyl-prolyl cis-trans isomerase FKBP5",0.507,0.465,0.131,0.344,0.394,0.388,0.084,0.376,0.324,0.169,0.191
"Retinoic acid receptor alpha",0.056,0.029,0.376,0.045,0.026,0.472,0.045,0.05,0.101,0.225,0.381
"Estrogen receptor alpha",0.195,0.388,0.17,0.066,0.319,0.219,0.1,0.353,0.372,0.455,0.304
"Beta-2 adrenergic receptor",0.435,0.076,0.215,0.159,0.448,0.371,0.177,0.225,0.13,0.196,0.214
"Cyclin T1",0.351,0.48,0.168,0.05,0.393,0.208,0.342,0.287,0.331,0.287,0.079
"Muscarinic acetylcholine receptor M2",0.358,0.298,0.257,0.106,0.479,0.472,0.393,0.411,0.245,0.228,0.481
"Beta-1 adrenergic receptor",0.167,0.148,0.295,0.152,0.419,0.07,0.2,0.09,0.152,0.256,0.325
"Dopamine D2 receptor",0.233,0.047,0.325,0.063,0.287,0.396,0.173,0.091,0.332,0.507,0.39
"Beta-glucocerebrosidase",0.412,0.06,0.168,0.376,0.226,0.281,0.154,0.322,0.41,0.242,0.314
"Motilin receptor",0.192,0.025,0.438,0.187,0.255,0.486,0.308,0.424,0.087,0.189,0.112
"MAP kinase-activated protein kinase 2",0.269,0.074,0.355,0.492,0.273,0.343,0.158,0.279,0.272,0.311,0.338
"Cyclooxygenase-1",0.337,0.454,0.116,0.174,0.398,0.479,0.129,0.173,0.404,0.224,0.282
"Norepinephrine transporter",0.435,0.361,0.318,0.108,0.434,0.181,0.387,0.51,0.533,0.182,0.188
"Anandamide amidohydrolase",0.341,0.351,0.106,0.064,0.216,0.518,0.171,0.267,0.314,0.465,0.203
"Serotonin 2c (5-HT2c) receptor",0.187,0.157,0.369,0.158,0.23,0.141,0.13,0.244,0.17,0.461,0.361
"Dipeptidyl peptidase I",0.368,0.023,0.328,0.176,0.387,0.233,0.273,0.482,0.058,0.484,0.255
"Serotonin transporter",0.312,0.389,0.268,0.458,0.315,0.441,0.38,0.393,0.241,0.121,0.271
"Peroxisome proliferator-activated receptor alpha",0.469,0.056,0.481,0.186,0.131,0.415,0.133,0.482,0.316,0.168,0.039
"HERG",0.276,0.071,0.303,0.078,0.219,0.406,0.086,0.317,0.221,0.329,0.301
"Epoxide hydratase",0.23,0.467,0.441,0.383,0.234,0.346,0.478,0.161,0.441,0.321,0.509
"Phosphodiesterase 3A",0.351,0.037,0.146,0.267,0.267,0.191,0.225,0.319,0.075,0.137,0.302
"C-C chemokine receptor type 1",0.479,0.283,0.381,0.165,0.066,0.177,0.109,0.451,0.421,0.125,0.412
"C-C chemokine receptor type 4",0.346,0.207,0.409,0.229,0.279,0.436,0.114,0.229,0.513,0.266,0.4
"Estrogen receptor beta",0.305,0.082,0.447,0.343,0.306,0.097,0.25,0.233,0.331,0.18,0.414
"Glyoxalase I",0.4,0.053,0.305,0.451,0.075,0.391,0.12,0.204,0.102,0.114,0.249
"Myosin light chain kinase, smooth muscle",0.215,0.209,0.498,0.417,0.489,0.446,0.323,0.504,0.121,0.241,0.471
"Serine/threonine-protein kinase AKT2",0.436,0.357,0.503,0.212,0.43,0.412,0.238,0.253,0.494,0.22,0.401
"Interleukin-8 receptor B",0.492,0.134,0.188,0.292,0.342,0.485,0.359,0.368,0.132,0.489,0.221
"Myeloperoxidase",0.334,0.086,0.243,0.321,0.235,0.378,0.247,0.227,0.284,0.384,0.252
"Coagulation factor X",0.05,0.016,0.388,0.174,0.244,0.459,0.418,0.309,0.101,0.15,0.198
"Deoxycytidine kinase",0.109,0.084,0.413,0.434,0.207,0.228,0.051,0.133,0.244,0.277,0.437
"Muscarinic acetylcholine receptor M3",0.298,0.231,0.183,0.478,0.278,0.207,0.391,0.354,0.219,0.31,0.109
"Beta-3 adrenergic receptor",0.184,0.189,0.264,0.046,0.11,0.365,0.075,0.397,0.368,0.08,0.317
"Death-associated protein kinase 3",0.291,0.046,0.308,0.229,0.146,0.348,0.093,0.366,0.222,0.229,0.154
"Methionine aminopeptidase 1",0.359,0.441,0.44,0.258,0.365,0.314,0.422,0.173,0.395,0.107,0.131
"Leukocyte elastase",0.097,0.324,0.296,0.381,0.209,0.271,0.243,0.101,0.423,0.297,0.195
"Beta amyloid A4 protein",0.138,0.332,0.278,0.216,0.339,0.331,0.035,0.121,0.224,0.311,0.228
"Neurokinin 1 receptor",0.229,0.309,0.362,0.301,0.37,0.323,0.211,0.286,0.317,0.475,0.47
"Neuronal acetylcholine receptor protein alpha-7 subunit",0.272,0.358,0.247,0.063,0.089,0.083,0.049,0.092,0.199,0.467,0.308
"Adenosine A2a receptor",0.053,0.319,0.181,0.283,0.226,0.492,0.08,0.214,0.339,0.065,0.377
"Endothelin receptor ET-A",0.128,0.016,0.246,0.078,0.071,0.065,0.203,0.439,0.091,0.063,0.359
"Beta secretase 2",0.094,0.155,0.287,0.368,0.242,0.207,0.048,0.069,0.396,0.341,0.137
"Serine/threonine-protein kinase Chk2",0.436,0.352,0.392,0.352,0.499,0.425,0.5,0.325,0.41,0.323,0.389
"Cannabinoid CB2 receptor",0.396,0.112,0.276,0.382,0.227,0.106,0.295,0.37,0.422,0.359,0.4
"3-phosphoinositide dependent protein kinase-1",0.398,0.506,0.259,0.422,0.435,0.161,0.426,0.304,0.14,0.123,0.481
"Phospholipase D1",0.038,0.012,0.359,0.148,0.043,0.131,0.047,0.266,0.061,0.046,0.239
"Phosphodiesterase 4A",0.139,0.376,0.246,0.324,0.224,0.204,0.114,0.432,0.298,0.161,0.306
"Adenosine A2b receptor",0.113,0.259,0.393,0.228,0.365,0.381,0.045,0.178,0.474,0.424,0.237
"Carboxypeptidase B",0.049,0.221,0.08,0.032,0.045,0.312,0.002,0.017,0.147,0.455,0.192
"Adenosine A3 receptor",0.351,0.089,0.341,0.034,0.208,0.315,0.055,0.085,0.024,0.059,0.167
"Histone deacetylase 5",0.336,0.427,0.397,0.253,0.194,0.46,0.248,0.326,0.382,0.443,0.306
"Liver glycogen phosphorylase",0.364,0.016,0.277,0.216,0.358,0.361,0.072,0.203,0.071,0.242,0.298
"Tyrosine-protein kinase LCK",0.338,0.426,0.3,0.431,0.359,0.308,0.081,0.267,0.267,0.078,0.248
"Cathepsin D",0.473,0.041,0.433,0.368,0.464,0.371,0.422,0.43,0.161,0.392,0.235
"Melanocortin receptor 4",0.353,0.055,0.318,0.256,0.457,0.504,0.204,0.457,0.125,0.225,0.139
"Peptide N-myristoyltransferase 1",0.209,0.176,0.477,0.273,0.128,0.34,0.409,0.448,0.28,0.141,0.222
"Tyrosine-protein kinase SYK",0.155,0.082,0.201,0.2,0.191,0.339,0.321,0.104,0.297,0.387,0.273
"MAP kinase p38 alpha",0.049,0.142,0.16,0.06,0.11,0.421,0.015,0.044,0.265,0.232,0.457
"Carbonic anhydrase I",0.392,0.017,0.487,0.478,0.256,0.167,0.428,0.253,0.125,0.176,0.401
"Furin",0.045,0.065,0.427,0.096,0.16,0.082,0.001,0.069,0.316,0.182,0.413
"Tryptase beta-1",0.167,0.107,0.152,0.137,0.423,0.111,0.474,0.244,0.318,0.139,0.273
"Glycogen synthase kinase-3 beta",0.172,0.517,0.488,0.456,0.33,0.105,0.087,0.19,0.399,0.184,0.327
"Dual specificity protein phosphatase 3",0.229,0.093,0.463,0.354,0.33,0.396,0.188,0.483,0.145,0.443,0.227
"c-Jun N-terminal kinase 3",0.261,0.164,0.349,0.286,0.218,0.504,0.451,0.257,0.144,0.356,0.313
"Histamine H3 receptor",0.071,0.481,0.48,0.18,0.141,0.207,0.07,0.183,0.466,0.113,0.359
"Phosphodiesterase 2A",0.327,0.122,0.284,0.417,0.359,0.149,0.041,0.339,0.231,0.327,0.191
"Adenosylhomocysteinase",0.225,0.375,0.409,0.384,0.357,0.364,0.41,0.428,0.38,0.187,0.474
"Tyrosine-protein kinase SRC",0.265,0.006,0.308,0.258,0.462,0.087,0.015,0.23,0.078,0.19,0.22
"Cathepsin K",0.133,0.206,0.463,0.078,0.129,0.345,0.06,0.259,0.216,0.372,0.498
"Macrophage-stimulating protein receptor",0.305,0.176,0.238,0.039,0.102,0.242,0.124,0.427,0.444,0.311,0.264
"Cystinyl aminopeptidase",0.231,0.262,0.452,0.379,0.308,0.379,0.438,0.514,0.319,0.309,0.44
"Focal adhesion kinase 1",0.114,0.081,0.324,0.206,0.308,0.567,0.098,0.134,0.281,0.22,0.52
"Mitogen-activated protein kinase kinase kinase 11",0.068,0.356,0.457,0.214,0.363,0.435,0.16,0.137,0.498,0.317,0.405
"Histone deacetylase 7",0.157,0.222,0.247,0.495,0.292,0.337,0.106,0.377,0.508,0.229,0.537
"Phosphodiesterase 11A",0.32,0.105,0.264,0.491,0.468,0.417,0.166,0.262,0.418,0.401,0.454
"Cytochrome P450 11B2",0.239,0.069,0.221,0.074,0.274,0.287,0.133,0.331,0.217,0.368,0.252
"Protein-glutamine gamma-glutamyltransferase",0.34,0.474,0.237,0.152,0.262,0.453,0.295,0.153,0.367,0.433,0.376
"Phospholipase D2",0.314,0.145,0.46,0.421,0.358,0.399,0.197,0.184,0.169,0.112,0.083
"Metabotropic glutamate receptor 4",0.382,0.129,0.13,0.388,0.491,0.32,0.334,0.412,0.213,0.304,0.089
"C-C chemokine receptor type 5",0.33,0.072,0.517,0.139,0.113,0.523,0.443,0.285,0.157,0.225,0.438
"Fibroblast growth factor receptor 3",0.281,0.165,0.459,0.354,0.235,0.379,0.353,0.468,0.176,0.262,0.329
"Phosphodiesterase 4B",0.422,0.237,0.464,0.452,0.37,0.332,0.138,0.28,0.48,0.438,0.377
"Ileal bile acid transporter",0.246,0.362,0.425,0.298,0.213,0.492,0.512,0.306,0.537,0.388,0.349
"Integrin alpha-4",0.331,0.318,0.4,0.43,0.137,0.221,0.482,0.165,0.361,0.111,0.471
"Sodium/hydrogen exchanger 1",0.362,0.036,0.181,0.259,0.411,0.299,0.085,0.184,0.182,0.488,0.205
"Acyl coenzyme A:cholesterol acyltransferase 1",0.484,0.068,0.439,0.36,0.425,0.115,0.457,0.35,0.295,0.04,0.029
"Estradiol 17-beta-dehydrogenase 2",0.219,0.086,0.12,0.075,0.332,0.206,0.269,0.326,0.504,0.374,0.328
"Vascular endothelial growth factor receptor 2",0.2,0.474,0.127,0.198,0.459,0.077,0.433,0.175,0.28,0.333,0.168
"Matrix metalloproteinase 13",0.151,0.401,0.286,0.543,0.527,0.42,0.191,0.219,0.408,0.491,0.318
"Tyrosine-protein kinase ZAP-70",0.121,0.366,0.437,0.049,0.063,0.169,0.079,0.291,0.358,0.182,0.203
"LXR-alpha",0.075,0.48,0.45,0.398,0.381,0.164,0.25,0.32,0.358,0.219,0.484
"Protein-glutamine gamma-glutamyltransferase K",0.112,0.268,0.466,0.095,0.211,0.281,0.042,0.188,0.49,0.456,0.195
"Nerve growth factor receptor Trk-A",0.232,0.518,0.286,0.399,0.329,0.4,0.428,0.148,0.368,0.395,0.458
"Coagulation factor XI",0.361,0.062,0.227,0.33,0.467,0.206,0.386,0.261,0.163,0.334,0.136
"Casein kinase I delta",0.262,0.287,0.225,0.319,0.408,0.469,0.104,0.297,0.371,0.518,0.262
"Matrix metalloproteinase 3",0.24,0.012,0.319,0.137,0.214,0.084,0.41,0.149,0.053,0.143,0.341
"Tyrosine-protein kinase JAK1",0.292,0.054,0.283,0.446,0.252,0.079,0.384,0.176,0.108,0.079,0.311
"Dipeptidyl peptidase IV",0.429,0.185,0.363,0.21,0.357,0.097,0.392,0.338,0.455,0.22,0.227
"Serine/threonine-protein kinase mTOR",0.268,0.191,0.232,0.21,0.394,0.316,0.494,0.53,0.183,0.276,0.335
"Glycogen synthase kinase-3 alpha",0.326,0.449,0.477,0.187,0.2,0.297,0.26,0.242,0.443,0.138,0.374
"Renin",0.433,0.45,0.357,0.247,0.306,0.169,0.256,0.371,0.515,0.271,0.351
"Sigma opioid receptor",0.28,0.285,0.335,0.258,0.181,0.503,0.245,0.381,0.233,0.192,0.338
"Mitogen-activated protein kinase kinase kinase 9",0.329,0.192,0.258,0.202,0.293,0.3,0.492,0.291,0.214,0.352,0.422
"Phosphodiesterase 4D",0.123,0.168,0.228,0.019,0.267,0.407,0.121,0.286,0.38,0.24,0.168
"Carbonic anhydrase III",0.251,0.135,0.248,0.146,0.093,0.194,0.081,0.185,0.143,0.251,0.276
"Hematopoietic cell protein-tyrosine phosphatase 70Z-PEP",0.225,0.21,0.331,0.443,0.231,0.448,0.242,0.263,0.302,0.236,0.344
"Phosphodiesterase 3B",0.47,0.091,0.447,0.497,0.239,0.218,0.101,0.324,0.133,0.243,0.38
"Arachidonate 15-lipoxygenase",0.357,0.354,0.173,0.101,0.35,0.225,0.434,0.148,0.393,0.396,0.43
"Phosphodiesterase 4C",0.319,0.114,0.033,0.029,0.123,0.382,0.142,0.26,0.326,0.23,0.466
"Telomerase reverse transcriptase",0.109,0.016,0.39,0.442,0.237,0.273,0.449,0.028,0.143,0.316,0.45
"Protein kinase C gamma",0.431,0.217,0.384,0.291,0.394,0.439,0.324,0.344,0.501,0.432,0.537
"Cathepsin S",0.444,0.153,0.342,0.189,0.461,0.393,0.304,0.42,0.45,0.39,0.396
"Sphingosine 1-phosphate receptor Edg-5",0.162,0.371,0.266,0.027,0.115,0.397,0.054,0.167,0.481,0.238,0.369
"Tyrosine-protein kinase ITK/TSK",0.241,0.099,0.511,0.454,0.173,0.044,0.087,0.5,0.344,0.122,0.344
"Dual specificity mitogen-activated protein kinase kinase 2",0.423,0.212,0.414,0.173,0.291,0.322,0.46,0.357,0.364,0.292,0.141
"Tyrosine-protein kinase JAK2",0.415,0.416,0.217,0.052,0.186,0.424,0.166,0.439,0.465,0.386,0.357
"Rho-associated protein kinase 2",0.266,0.063,0.493,0.364,0.234,0.248,0.099,0.515,0.395,0.468,0.239
"Cholecystokinin B receptor",0.246,0.105,0.282,0.071,0.205,0.476,0.041,0.118,0.204,0.405,0.452
"Protein kinase C alpha",0.183,0.314,0.179,0.426,0.384,0.422,0.45,0.455,0.307,0.31,0.474
"Protein kinase C delta",0.384,0.237,0.317,0.192,0.346,0.265,0.457,0.204,0.178,0.225,0.474
"P2X purinoceptor 3",0.072,0.25,0.378,0.3,0.436,0.39,0.098,0.343,0.485,0.156,0.241
"Multidrug resistance-associated protein 1",0.337,0.451,0.055,0.155,0.164,0.413,0.375,0.365,0.325,0.443,0.224
"Receptor protein-tyrosine kinase erbB-4",0.34,0.051,0.322,0.348,0.212,0.318,0.263,0.336,0.249,0.26,0.219
"Cyclin-dependent kinase 2",0.421,0.374,0.118,0.335,0.378,0.301,0.336,0.42,0.329,0.533,0.474
"Phosphodiesterase 7A",0.246,0.029,0.309,0.414,0.367,0.335,0.211,0.407,0.14,0.189,0.184
"Matriptase",0.063,0.357,0.42,0.124,0.12,0.265,0.067,0.304,0.268,0.057,0.437
"Sphingosine kinase 2",0.313,0.475,0.474,0.063,0.115,0.413,0.401,0.434,0.353,0.273,0.404
"Serine/threonine-protein kinase PLK1",0.431,0.38,0.429,0.157,0.401,0.299,0.518,0.307,0.161,0.294,0.296
"Carbonic anhydrase VI",0.062,0.243,0.473,0.123,0.164,0.259,0.036,0.074,0.391,0.267,0.348
"Protein kinase C beta",0.226,0.053,0.468,0.354,0.378,0.461,0.063,0.196,0.078,0.29,0.438
"Cyclin-dependent kinase 7",0.223,0.108,0.25,0.071,0.209,0.436,0.269,0.291,0.345,0.214,0.442
"Glycine transporter 2",0.477,0.034,0.23,0.124,0.301,0.195,0.208,0.245,0.325,0.324,0.394
"Cyclin-dependent kinase 1",0.318,0.096,0.485,0.261,0.239,0.109,0.478,0.387,0.29,0.163,0.538
"Excitatory amino acid transporter 1",0.152,0.386,0.321,0.348,0.452,0.398,0.415,0.316,0.193,0.365,0.393
"Plasma retinol-binding protein",0.382,0.276,0.409,0.129,0.287,0.08,0.463,0.451,0.249,0.262,0.498
"Poly [ADP-ribose] polymerase-1",0.257,0.014,0.287,0.465,0.299,0.192,0.25,0.088,0.029,0.077,0.369
"Thymidine phosphorylase",0.259,0.285,0.391,0.467,0.412,0.323,0.239,0.379,0.23,0.271,0.281
"Cyclin-dependent kinase 9",0.243,0.075,0.234,0.136,0.189,0.477,0.125,0.369,0.199,0.301,0.243
"PI3-kinase p110-delta subunit",0.244,0.127,0.339,0.363,0.335,0.243,0.279,0.488,0.321,0.223,0.23
"DNA-dependent protein kinase",0.52,0.246,0.378,0.289,0.375,0.273,0.095,0.24,0.076,0.522,0.153
"PI3-kinase p110-beta subunit",0.088,0.116,0.441,0.335,0.128,0.133,0.013,0.106,0.32,0.112,0.246
"Serotonin 7 (5-HT7) receptor",0.276,0.042,0.174,0.184,0.115,0.188,0.142,0.303,0.116,0.087,0.341
"Bradykinin B2 receptor",0.319,0.059,0.248,0.254,0.161,0.298,0.039,0.058,0.052,0.507,0.387
"Protein-tyrosine phosphatase 1C",0.406,0.392,0.276,0.223,0.077,0.18,0.214,0.265,0.506,0.216,0.375
"Carboxylesterase 2",0.402,0.039,0.087,0.265,0.491,0.244,0.141,0.077,0.245,0.258,0.258
"Estradiol 17-beta-dehydrogenase 1",0.093,0.25,0.368,0.068,0.146,0.387,0.237,0.083,0.222,0.392,0.334
"Histone deacetylase 8",0.24,0.159,0.314,0.17,0.187,0.307,0.28,0.328,0.21,0.281,0.229
"Prolyl endopeptidase",0.486,0.498,0.271,0.47,0.44,0.499,0.359,0.3,0.38,0.131,0.319
"Matrix metalloproteinase 9",0.243,0.271,0.298,0.268,0.357,0.306,0.278,0.345,0.113,0.355,0.34
"CD22",0.125,0.108,0.46,0.412,0.27,0.173,0.036,0.1,0.219,0.081,0.118
"Metabotropic glutamate receptor 5",0.04,0.081,0.532,0.463,0.302,0.435,0.116,0.146,0.159,0.324,0.147
"Sphingosine 1-phosphate receptor Edg-6",0.346,0.374,0.279,0.116,0.284,0.155,0.202,0.396,0.479,0.26,0.198
"Rho-associated protein kinase 1",0.111,0.447,0.411,0.314,0.138,0.062,0.088,0.118,0.411,0.427,0.144
"Tyrosine-protein kinase HCK",0.271,0.152,0.509,0.11,0.077,0.34,0.292,0.133,0.171,0.348,0.411
"Carbonic anhydrase XII",0.136,0.013,0.238,0.414,0.268,0.432,0.382,0.419,0.027,0.457,0.033
"Histone deacetylase 1",0.317,0.054,0.448,0.341,0.428,0.149,0.118,0.354,0.445,0.083,0.147
"Lysophosphatidic acid receptor Edg-7",0.26,0.058,0.306,0.111,0.174,0.174,0.108,0.242,0.289,0.377,0.247
"PI3-kinase p110-gamma subunit",0.024,0.004,0.131,0.032,0.035,0.19,0.065,0.307,0.018,0.025,0.245
"PI4-kinase beta subunit",0.055,0.034,0.298,0.084,0.123,0.217,0.097,0.445,0.193,0.213,0.118
"Cathepsin L2",0.332,0.489,0.496,0.311,0.444,0.374,0.236,0.289,0.393,0.467,0.33
"Urokinase-type plasminogen activator",0.086,0.183,0.443,0.387,0.194,0.034,0.036,0.281,0.377,0.07,0.319
"Testis-specific androgen-binding protein",0.159,0.523,0.468,0.247,0.395,0.085,0.063,0.435,0.259,0.36,0.389
"Caspase-6",0.399,0.039,0.417,0.056,0.313,0.233,0.152,0.089,0.076,0.164,0.151
"Cyclin-dependent kinase 4",0.224,0.34,0.32,0.095,0.267,0.27,0.411,0.399,0.485,0.434,0.452
"Histone deacetylase 11",0.325,0.125,0.153,0.413,0.321,0.091,0.063,0.424,0.104,0.482,0.347
"Sodium-dependent proline transporter",0.135,0.159,0.168,0.195,0.168,0.189,0.11,0.469,0.414,0.068,0.153
"Matrix metalloproteinase-1",0.209,0.046,0.17,0.532,0.44,0.169,0.383,0.518,0.102,0.493,0.147
"Matrix metalloproteinase-2",0.206,0.232,0.321,0.098,0.202,0.354,0.112,0.274,0.418,0.453,0.246
"Protein-tyrosine phosphatase 1B",0.131,0.43,0.441,0.319,0.222,0.28,0.35,0.432,0.495,0.133,0.496
"Acetyl-CoA carboxylase 1",0.306,0.445,0.315,0.301,0.367,0.285,0.122,0.167,0.428,0.279,0.369
"Serotonin 6 (5-HT6) receptor",0.319,0.462,0.441,0.463,0.319,0.487,0.295,0.388,0.382,0.427,0.232
"MAP kinase ERK1",0.378,0.097,0.128,0.191,0.392,0.36,0.443,0.097,0.178,0.282,0.12
"Cytochrome P450 2C9",0.455,0.014,0.4,0.34,0.329,0.443,0.157,0.212,0.04,0.418,0.149
"Probable G-protein coupled receptor 88",0.136,0.014,0.23,0.126,0.197,0.101,0.174,0.501,0.268,0.116,0.563
"Cytochrome P450 3A4",0.462,0.365,0.314,0.093,0.141,0.191,0.474,0.321,0.268,0.209,0.302
"Pregnane X receptor",0.405,0.131,0.347,0.047,0.144,0.262,0.318,0.283,0.233,0.446,0.192
"Carboxypeptidase B2 isoform A",0.204,0.157,0.182,0.373,0.478,0.095,0.362,0.293,0.178,0.369,0.356
"Serotonin 5a (5-HT5a) receptor",0.019,0.019,0.281,0.075,0.211,0.389,0.023,0.037,0.098,0.397,0.32
"Estrogen-related receptor alpha",0.188,0.035,0.402,0.483,0.477,0.456,0.47,0.432,0.167,0.374,0.338
"Amine oxidase, copper containing",0.381,0.038,0.254,0.163,0.298,0.109,0.141,0.385,0.058,0.404,0.427
"Protein kinase C zeta",0.116,0.126,0.149,0.492,0.21,0.354,0.242,0.376,0.263,0.203,0.338
"Melanin-concentrating hormone receptor 1",0.193,0.186,0.371,0.461,0.363,0.397,0.18,0.19,0.441,0.288,0.258
"Caspase-7",0.305,0.492,0.276,0.278,0.309,0.392,0.5,0.503,0.472,0.394,0.519
"C-C chemokine receptor type 3",0.418,0.175,0.377,0.358,0.406,0.145,0.25,0.403,0.143,0.312,0.522
"Phospholipase A2 group IIA",0.176,0.173,0.432,0.238,0.198,0.13,0.476,0.508,0.104,0.135,0.396
"Plasminogen activator inhibitor-1",0.466,0.283,0.217,0.237,0.273,0.142,0.478,0.312,0.476,0.238,0.265
"Inhibitor of nuclear factor kappa B kinase alpha subunit",0.036,0.192,0.144,0.063,0.125,0.471,0.007,0.108,0.274,0.161,0.342
"Proteasome Macropain subunit",0.121,0.147,0.455,0.039,0.121,0.419,0.072,0.17,0.146,0.362,0.462
"Carbonic anhydrase XIV",0.111,0.021,0.195,0.207,0.36,0.318,0.304,0.452,0.044,0.053,0.276
"LDL-associated phospholipase A2",0.086,0.388,0.264,0.116,0.16,0.22,0.067,0.096,0.299,0.422,0.16
"Cytochrome P450 17A1",0.054,0.031,0.191,0.051,0.057,0.067,0.007,0.037,0.105,0.1,0.373
"Histone deacetylase 4",0.214,0.288,0.454,0.258,0.338,0.359,0.226,0.463,0.396,0.157,0.329
"Inhibitor of nuclear factor kappa B kinase epsilon subunit",0.056,0.363,0.233,0.222,0.155,0.075,0.176,0.391,0.327,0.099,0.144
"Phosphodiesterase 9A",0.349,0.051,0.32,0.343,0.329,0.264,0.37,0.346,0.194,0.346,0.12
"Tyrosine-protein kinase TYK2",0.39,0.356,0.394,0.216,0.515,0.416,0.077,0.388,0.278,0.125,0.214
"Steryl-sulfatase",0.117,0.232,0.43,0.407,0.102,0.392,0.118,0.11,0.397,0.126,0.37
"Nitric-oxide synthase, brain",0.473,0.131,0.109,0.046,0.184,0.311,0.21,0.401,0.129,0.306,0.062
"Cholesteryl ester transfer protein",0.15,0.037,0.385,0.486,0.35,0.209,0.093,0.124,0.318,0.224,0.483
"Protein kinase C epsilon",0.218,0.143,0.467,0.369,0.199,0.423,0.449,0.346,0.314,0.356,0.438
"Dual specificity mitogen-activated protein kinase kinase 1",0.12,0.138,0.145,0.478,0.127,0.401,0.088,0.202,0.302,0.225,0.159
"Adenosine kinase",0.371,0.068,0.23,0.252,0.399,0.389,0.363,0.448,0.227,0.246,0.403
"Hormone sensitive lipase",0.083,0.318,0.385,0.183,0.209,0.276,0.481,0.484,0.321,0.079,0.48
"Carbonic anhydrase IX",0.301,0.322,0.495,0.229,0.41,0.391,0.193,0.361,0.292,0.278,0.165
"Protein kinase C eta",0.323,0.482,0.087,0.095,0.131,0.212,0.13,0.328,0.367,0.411,0.271
"Cytochrome P450 2C19",0.102,0.031,0.187,0.167,0.134,0.488,0.468,0.443,0.076,0.122,0.233
"Quinone reductase 1)",0.471,0.286,0.361,0.497,0.479,0.135,0.161,0.333,0.313,0.203,0.397
"Casein kinase II alpha",0.217,0.017,0.271,0.266,0.218,0.377,0.052,0.267,0.034,0.12,0.452
"Opioid growth factor receptor-like protein 1",0.094,0.332,0.355,0.36,0.169,0.344,0.395,0.222,0.226,0.286,0.371
"Kininogen-1",0.404,0.207,0.49,0.208,0.451,0.463,0.256,0.472,0.379,0.47,0.435
"Acetyl-coenzyme A transporter 1",0.389,0.327,0.281,0.135,0.449,0.135,0.338,0.419,0.445,0.276,0.11
"Fibroblast growth factor receptor 1",0.406,0.452,0.508,0.398,0.31,0.084,0.208,0.247,0.415,0.216,0.293
"PI4-kinase alpha subunit",0.156,0.381,0.333,0.208,0.494,0.107,0.202,0.289,0.39,0.274,0.525
"Arachidonate 12-lipoxygenase",0.397,0.403,0.408,0.125,0.38,0.299,0.481,0.364,0.142,0.145,0.251
"Autotaxin",0.332,0.524,0.1,0.399,0.153,0.474,0.327,0.363,0.251,0.172,0.203
"ADAM17",0.062,0.26,0.38,0.1,0.295,0.456,0.34,0.352,0.187,0.177,0.412
"Prostanoid EP3 receptor",0.19,0.12,0.27,0.148,0.128,0.435,0.193,0.093,0.365,0.384,0.247
"Hepatocyte growth factor receptor",0.123,0.154,0.337,0.352,0.398,0.18,0.426,0.433,0.26,0.205,0.492
"Carbonic anhydrase IV",0.44,0.173,0.261,0.366,0.378,0.275,0.451,0.379,0.327,0.324,0.402
"11-beta-hydroxysteroid dehydrogenase 2",0.123,0.213,0.116,0.073,0.072,0.108,0.122,0.443,0.145,0.042,0.357
"Histamine H4 receptor",0.437,0.225,0.272,0.314,0.246,0.247,0.316,0.282,0.475,0.505,0.23
"Beta-glucosidase",0.404,0.12,0.434,0.424,0.362,0.48,0.253,0.291,0.146,0.376,0.085
"Urotensin II receptor",0.322,0.129,0.395,0.414,0.401,0.224,0.362,0.18,0.096,0.08,0.513
"Metabotropic glutamate receptor 1",0.104,0.276,0.273,0.051,0.127,0.394,0.091,0.098,0.297,0.394,0.323
"Dual specificity phosphatase Cdc25A",0.36,0.052,0.342,0.436,0.265,0.421,0.148,0.267,0.113,0.387,0.487
"Caspase-8",0.206,0.459,0.355,0.221,0.432,0.164,0.076,0.385,0.374,0.217,0.399
"Interleukin-1 receptor-associated kinase 4",0.501,0.045,0.113,0.475,0.13,0.168,0.186,0.399,0.117,0.356,0.386
"Histone acetyltransferase p300",0.309,0.039,0.408,0.088,0.254,0.141,0.138,0.235,0.128,0.442,0.302
"Hydroxycarboxylic acid receptor 2",0.193,0.05,0.19,0.462,0.362,0.115,0.103,0.436,0.22,0.105,0.392
"Serine/threonine-protein kinase PLK4",0.143,0.182,0.33,0.367,0.073,0.167,0.048,0.176,0.469,0.055,0.197
"Melanocortin receptor 1",0.355,0.012,0.406,0.073,0.363,0.208,0.228,0.067,0.111,0.109,0.156
"Calcitonin gene-related peptide type 1 receptor",0.478,0.399,0.3,0.195,0.164,0.326,0.155,0.408,0.488,0.38,0.384
"T-cell protein-tyrosine phosphatase",0.219,0.213,0.218,0.195,0.262,0.392,0.134,0.495,0.274,0.357,0.384
"Cytosolic phospholipase A2",0.342,0.011,0.289,0.225,0.325,0.17,0.493,0.088,0.088,0.275,0.306
"Hexokinase type IV",0.058,0.087,0.453,0.159,0.148,0.316,0.357,0.421,0.082,0.039,0.232
"Serine/threonine-protein kinase NEK2",0.494,0.324,0.111,0.187,0.448,0.228,0.143,0.475,0.195,0.183,0.127
"LIM domain kinase 1",0.211,0.346,0.335,0.159,0.27,0.288,0.169,0.33,0.301,0.234,0.451
"Cathepsin L",0.495,0.191,0.26,0.096,0.381,0.383,0.106,0.43,0.433,0.292,0.09
"Protein kinase C mu",0.385,0.422,0.43,0.522,0.31,0.322,0.38,0.495,0.253,0.291,0.485
"Protein-tyrosine phosphatase 2C",0.265,0.316,0.326,0.084,0.467,0.158,0.181,0.302,0.417,0.438,0.381
"Matrix metalloproteinase 14",0.364,0.02,0.447,0.415,0.395,0.146,0.146,0.185,0.045,0.456,0.151
"Heat shock protein HSP 90-alpha",0.431,0.323,0.263,0.351,0.36,0.335,0.461,0.508,0.374,0.295,0.434
"Sodium/glucose cotransporter 2",0.389,0.077,0.391,0.202,0.212,0.143,0.414,0.439,0.222,0.129,0.449
"Calpain 1",0.032,0.014,0.319,0.376,0.399,0.195,0.45,0.453,0.055,0.441,0.146
"Sphingosine 1-phosphate receptor Edg-3",0.105,0.118,0.129,0.235,0.447,0.088,0.189,0.296,0.367,0.314,0.202
"Bone morphogenetic protein 1",0.377,0.13,0.299,0.275,0.5,0.36,0.457,0.319,0.44,0.4,0.258
"Glutathione S-transferase Pi",0.072,0.35,0.345,0.075,0.136,0.105,0.024,0.182,0.412,0.346,0.416
"Tyrosine-protein kinase Lyn",0.199,0.436,0.434,0.031,0.069,0.337,0.063,0.091,0.151,0.433,0.186
"Ribosomal protein S6 kinase alpha 2",0.116,0.33,0.384,0.054,0.174,0.416,0.134,0.101,0.309,0.438,0.216
"Carbonic anhydrase XIII",0.443,0.482,0.176,0.139,0.296,0.431,0.346,0.356,0.394,0.248,0.304
"Complement C1s",0.353,0.132,0.233,0.14,0.254,0.399,0.222,0.497,0.439,0.427,0.516
"Protein kinase C theta",0.128,0.387,0.34,0.164,0.522,0.509,0.075,0.209,0.477,0.232,0.08
"Heparanase",0.082,0.416,0.478,0.44,0.105,0.198,0.261,0.446,0.424,0.078,0.439
"Methionine aminopeptidase 2",0.251,0.488,0.165,0.116,0.343,0.296,0.073,0.494,0.484,0.454,0.306
"Serine/threonine-protein kinase Aurora-C",0.186,0.004,0.037,0.011,0.037,0.414,0.03,0.346,0.146,0.083,0.103
"Quinone reductase 2",0.138,0.134,0.368,0.431,0.524,0.141,0.138,0.473,0.23,0.183,0.46
"MAP kinase p38 beta",0.28,0.23,0.445,0.287,0.386,0.453,0.412,0.35,0.457,0.42,0.231
"Carbonic anhydrase VB",0.029,0.009,0.035,0.026,0.038,0.359,0.027,0.183,0.114,0.114,0.065
"GAR transformylase",0.488,0.253,0.446,0.289,0.302,0.375,0.373,0.206,0.341,0.243,0.445
"Proteinase-activated receptor 1",0.096,0.356,0.491,0.146,0.149,0.265,0.049,0.331,0.342,0.391,0.286
"Fructose-1,6-bisphosphatase",0.278,0.426,0.207,0.322,0.346,0.285,0.309,0.143,0.517,0.135,0.172
"Dipeptidyl peptidase II",0.452,0.19,0.435,0.378,0.519,0.177,0.422,0.45,0.18,0.304,0.478
"Peroxisome proliferator-activated receptor delta",0.05,0.042,0.453,0.088,0.248,0.078,0.169,0.356,0.223,0.072,0.289
"Serine/threonine-protein kinase 10",0.338,0.355,0.248,0.171,0.434,0.311,0.461,0.468,0.496,0.394,0.223
"Dual specificity protein kinase TTK",0.469,0.239,0.35,0.189,0.325,0.362,0.343,0.471,0.285,0.21,0.207
"Coagulation factor VII",0.194,0.045,0.372,0.274,0.255,0.338,0.287,0.323,0.199,0.441,0.292
"PI3-kinase p110-alpha subunit",0.47,0.1,0.177,0.113,0.492,0.357,0.199,0.407,0.277,0.307,0.466
"Tyrosine-protein kinase ABL2",0.408,0.206,0.403,0.428,0.302,0.116,0.226,0.42,0.167,0.414,0.494
"C-C chemokine receptor type 2",0.258,0.112,0.27,0.183,0.432,0.248,0.336,0.307,0.438,0.145,0.253
"Glutamate receptor ionotropic, AMPA 2",0.096,0.091,0.236,0.178,0.291,0.353,0.127,0.259,0.119,0.381,0.164
"Neuropeptide Y receptor type 2",0.476,0.062,0.111,0.296,0.394,0.414,0.521,0.136,0.231,0.143,0.292
"HMG-CoA reductase",0.473,0.417,0.24,0.5,0.137,0.499,0.52,0.369,0.099,0.464,0.356
"Signal transducer and activator of transcription 3",0.261,0.106,0.471,0.488,0.485,0.166,0.199,0.26,0.483,0.472,0.39
"Interleukin-8 receptor A",0.198,0.351,0.172,0.067,0.28,0.391,0.057,0.28,0.483,0.413,0.171
"Cyclin-dependent kinase 5",0.112,0.457,0.485,0.161,0.318,0.155,0.473,0.237,0.228,0.466,0.095
"MAP kinase ERK2",0.26,0.194,0.405,0.4,0.141,0.475,0.471,0.173,0.484,0.496,0.094
"Cystic fibrosis transmembrane conductance regulator",0.268,0.056,0.201,0.432,0.32,0.494,0.373,0.358,0.097,0.255,0.208
"Chymase",0.271,0.142,0.23,0.479,0.346,0.486,0.215,0.129,0.334,0.475,0.361
"Casein kinase II alpha (prime)",0.135,0.247,0.255,0.125,0.143,0.544,0.095,0.12,0.434,0.307,0.364
"Cathepsin B",0.228,0.413,0.506,0.121,0.136,0.217,0.186,0.105,0.375,0.193,0.213
"Matrix metalloproteinase 7",0.293,0.327,0.181,0.184,0.369,0.213,0.252,0.5,0.398,0.359,0.448
"Bombesin receptor subtype-3",0.109,0.018,0.122,0.275,0.511,0.288,0.106,0.114,0.04,0.312,0.279
"LXR-beta",0.17,0.078,0.409,0.414,0.48,0.428,0.244,0.093,0.17,0.355,0.167
"Neurotensin receptor 1",0.198,0.041,0.335,0.116,0.225,0.246,0.077,0.132,0.199,0.472,0.432
"Tyrosine-protein kinase TIE-2",0.363,0.285,0.391,0.236,0.261,0.188,0.371,0.442,0.268,0.206,0.181
"Fibroblast growth factor receptor 2",0.18,0.119,0.142,0.115,0.302,0.144,0.028,0.186,0.267,0.42,0.349
"Histone deacetylase 9",0.242,0.331,0.401,0.411,0.411,0.098,0.054,0.411,0.437,0.236,0.327
"Fatty acid synthase",0.462,0.141,0.483,0.413,0.271,0.242,0.402,0.384,0.414,0.3,0.222
"c-Jun N-terminal kinase 2",0.099,0.178,0.237,0.286,0.339,0.228,0.062,0.331,0.188,0.15,0.431
"Sodium channel protein type II alpha subunit",0.102,0.029,0.11,0.111,0.209,0.163,0.074,0.434,0.067,0.094,0.255
"Monoglyceride lipase",0.447,0.274,0.433,0.291,0.416,0.303,0.362,0.378,0.399,0.441,0.366
"Inhibitor of apoptosis protein 3",0.29,0.13,0.158,0.382,0.121,0.274,0.171,0.224,0.334,0.369,0.418
"Serine/threonine-protein kinase 2",0.169,0.145,0.466,0.156,0.299,0.283,0.255,0.401,0.235,0.206,0.473
"Dual specificity protein kinase CLK4",0.392,0.343,0.35,0.139,0.168,0.291,0.34,0.249,0.352,0.494,0.414
"MAP kinase signal-integrating kinase 2",0.297,0.293,0.471,0.444,0.516,0.504,0.407,0.108,0.289,0.273,0.206
"Proteasome component C5",0.296,0.221,0.362,0.465,0.32,0.455,0.397,0.54,0.159,0.326,0.446
"Tyrosine-protein kinase FRK",0.429,0.152,0.305,0.292,0.313,0.469,0.338,0.183,0.337,0.433,0.417
"Dual specificty protein kinase CLK1",0.285,0.033,0.3,0.295,0.289,0.343,0.493,0.227,0.108,0.397,0.132
"Dual specificity protein kinase CLK2",0.126,0.128,0.418,0.476,0.221,0.416,0.129,0.49,0.104,0.482,0.076
"Lipoxin A4 receptor",0.432,0.011,0.092,0.382,0.316,0.337,0.46,0.327,0.09,0.258,0.456
"Estradiol 17-beta-dehydrogenase 3",0.227,0.204,0.494,0.267,0.454,0.384,0.215,0.361,0.191,0.244,0.413
"11-beta-hydroxysteroid dehydrogenase 1",0.324,0.194,0.266,0.156,0.14,0.347,0.283,0.219,0.242,0.387,0.3
"Ribosomal protein S6 kinase alpha 5",0.368,0.018,0.108,0.354,0.373,0.176,0.358,0.405,0.041,0.322,0.13
"ALK tyrosine kinase receptor",0.253,0.091,0.31,0.282,0.377,0.327,0.346,0.311,0.291,0.225,0.465
"Hypoxia-inducible factor 1 alpha",0.137,0.118,0.147,0.047,0.092,0.406,0.054,0.078,0.385,0.273,0.246
"TGF-beta receptor type II",0.441,0.396,0.273,0.355,0.426,0.166,0.135,0.452,0.39,0.435,0.216
"Serine/threonine-protein kinase AKT",0.266,0.264,0.458,0.307,0.472,0.489,0.191,0.22,0.244,0.41,0.319
"Sodium channel protein type IX alpha subunit",0.24,0.045,0.416,0.248,0.242,0.356,0.037,0.17,0.154,0.421,0.239
"P-glycoprotein 1",0.175,0.188,0.318,0.032,0.136,0.423,0.041,0.067,0.316,0.27,0.084
"Heat shock protein HSP 90-beta",0.073,0.014,0.394,0.464,0.166,0.03,0.039,0.325,0.069,0.056,0.362
"Calcium-activated potassium channel subunit alpha-1",0.244,0.498,0.41,0.062,0.147,0.308,0.465,0.495,0.327,0.183,0.36
"Intermediate conductance calcium-activated potassium channel protein 4",0.163,0.148,0.306,0.469,0.28,0.226,0.452,0.346,0.248,0.267,0.477
"Voltage-gated potassium channel subunit Kv1.5",0.133,0.264,0.303,0.471,0.243,0.257,0.101,0.074,0.393,0.431,0.342
"Bradykinin B1 receptor",0.478,0.271,0.405,0.141,0.24,0.496,0.473,0.103,0.469,0.318,0.381
"Purinergic receptor P2Y1",0.237,0.058,0.195,0.06,0.161,0.442,0.022,0.181,0.103,0.425,0.493
"Sphingosine 1-phosphate receptor Edg-1",0.386,0.181,0.234,0.393,0.443,0.294,0.201,0.459,0.275,0.311,0.452
"Purine nucleoside phosphorylase",0.258,0.424,0.193,0.188,0.18,0.144,0.223,0.065,0.139,0.327,0.341
"Serine/threonine-protein kinase GAK",0.248,0.039,0.396,0.19,0.305,0.369,0.504,0.452,0.122,0.428,0.032
"Induced myeloid leukemia cell differentiation protein Mcl-1",0.316,0.289,0.466,0.236,0.403,0.206,0.358,0.152,0.428,0.43,0.318
"Dual-specificity tyrosine-phosphorylation regulated kinase 2",0.49,0.31,0.396,0.281,0.498,0.365,0.218,0.371,0.362,0.066,0.143
"Gastric inhibitory polypeptide receptor",0.435,0.286,0.08,0.013,0.374,0.336,0.039,0.366,0.374,0.182,0.062
"Matrix metalloproteinase 12",0.295,0.493,0.198,0.174,0.525,0.324,0.204,0.247,0.466,0.395,0.368
"Sphingosine kinase 1",0.126,0.503,0.371,0.251,0.371,0.485,0.245,0.209,0.449,0.379,0.151
"Phosphodiesterase 8B",0.301,0.337,0.321,0.242,0.324,0.526,0.09,0.344,0.387,0.413,0.136
"Phosphodiesterase 10A",0.095,0.063,0.459,0.093,0.295,0.44,0.056,0.118,0.243,0.355,0.213
"Free fatty acid receptor 1",0.447,0.062,0.137,0.248,0.237,0.491,0.371,0.462,0.152,0.297,0.39
"Prostanoid DP receptor",0.147,0.139,0.156,0.237,0.193,0.355,0.461,0.101,0.206,0.207,0.316
"Neurokinin 3 receptor",0.11,0.433,0.307,0.118,0.402,0.404,0.048,0.194,0.468,0.17,0.344
"TGF-beta receptor type I",0.344,0.203,0.438,0.457,0.369,0.302,0.129,0.371,0.44,0.433,0.411
"C-X-C chemokine receptor type 3",0.319,0.354,0.416,0.391,0.401,0.24,0.159,0.123,0.437,0.31,0.308
"Vitamin K-dependent protein C",0.517,0.203,0.326,0.246,0.185,0.177,0.473,0.506,0.445,0.406,0.142
"Tyrosine-protein kinase FGR",0.389,0.457,0.426,0.209,0.482,0.435,0.259,0.507,0.273,0.474,0.385
"NAD-dependent deacetylase sirtuin 3",0.287,0.371,0.255,0.485,0.331,0.411,0.302,0.483,0.39,0.501,0.419
"NAD-dependent deacetylase sirtuin 2",0.406,0.35,0.288,0.475,0.263,0.264,0.456,0.462,0.364,0.283,0.132
"Acyl coenzyme A:cholesterol acyltransferase 2",0.159,0.023,0.176,0.232,0.522,0.449,0.271,0.349,0.054,0.261,0.241
"Voltage-gated N-type calcium channel alpha-1B subunit",0.278,0.036,0.515,0.266,0.416,0.476,0.034,0.042,0.086,0.106,0.342
"Nitric oxide synthase, inducible",0.17,0.006,0.189,0.062,0.078,0.052,0.226,0.136,0.044,0.085,0.252
"Serine/threonine-protein kinase PAK 4",0.179,0.019,0.217,0.231,0.19,0.144,0.405,0.145,0.075,0.05,0.387
"Ribosomal protein S6 kinase 1",0.325,0.037,0.319,0.333,0.42,0.074,0.107,0.357,0.101,0.304,0.087
"NAD-dependent deacetylase sirtuin 1",0.144,0.379,0.452,0.094,0.074,0.394,0.199,0.216,0.354,0.114,0.332
"Glutaminyl-peptide cyclotransferase",0.282,0.461,0.278,0.318,0.191,0.141,0.418,0.295,0.468,0.214,0.326
"Serine/threonine-protein kinase PIM2",0.256,0.151,0.3,0.223,0.351,0.343,0.09,0.18,0.207,0.37,0.393
"TRAF2- and NCK-interacting kinase",0.013,0.166,0.232,0.204,0.186,0.361,0.103,0.083,0.305,0.381,0.212
"Coagulation factor XIII",0.079,0.034,0.294,0.206,0.444,0.353,0.117,0.267,0.138,0.457,0.527
"5-lipoxygenase activating protein",0.208,0.316,0.18,0.505,0.473,0.245,0.164,0.074,0.428,0.305,0.321
"Neuropeptide Y receptor type 5",0.223,0.077,0.426,0.334,0.424,0.325,0.286,0.423,0.342,0.465,0.204
"Kinesin-like protein 1",0.459,0.118,0.205,0.129,0.151,0.205,0.137,0.304,0.359,0.333,0.181
"Matrix metalloproteinase 8",0.392,0.495,0.293,0.363,0.392,0.325,0.34,0.262,0.397,0.249,0.242
"C-C chemokine receptor type 8",0.359,0.217,0.426,0.179,0.429,0.503,0.228,0.336,0.348,0.486,0.463
"Tyrosine kinase non-receptor protein 2",0.397,0.144,0.279,0.251,0.317,0.332,0.156,0.092,0.198,0.343,0.472
"Serine/threonine-protein kinase PAK 1",0.361,0.038,0.243,0.264,0.494,0.163,0.391,0.148,0.136,0.282,0.286
"Tyrosine-protein kinase BRK",0.493,0.154,0.148,0.251,0.395,0.334,0.437,0.407,0.492,0.42,0.508
"Melanocortin receptor 5",0.158,0.013,0.273,0.432,0.127,0.177,0.515,0.461,0.052,0.093,0.294
"Ghrelin receptor",0.454,0.199,0.411,0.463,0.221,0.537,0.29,0.304,0.184,0.226,0.355
"Phenylethanolamine N-methyltransferase",0.212,0.12,0.185,0.258,0.388,0.427,0.175,0.307,0.22,0.271,0.217
"Leukotriene A4 hydrolase",0.191,0.031,0.146,0.494,0.24,0.029,0.133,0.266,0.256,0.381,0.337
"Apoptosis regulator Bcl-X",0.476,0.146,0.13,0.278,0.507,0.453,0.426,0.404,0.15,0.12,0.38
"Serine/threonine-protein kinase Chk1",0.466,0.087,0.164,0.482,0.34,0.479,0.307,0.168,0.203,0.194,0.225
"Voltage-gated potassium channel subunit Kv1.3",0.474,0.224,0.474,0.149,0.382,0.142,0.201,0.46,0.227,0.167,0.138
"Voltage-gated T-type calcium channel alpha-1G subunit",0.34,0.319,0.331,0.189,0.403,0.179,0.165,0.344,0.243,0.253,0.386
"Melanocortin receptor 3",0.232,0.012,0.12,0.249,0.328,0.311,0.077,0.072,0.093,0.313,0.346
"Dipeptidyl peptidase VIII",0.244,0.073,0.354,0.075,0.094,0.272,0.193,0.25,0.344,0.305,0.206
"Lymphocyte differentiation antigen CD38",0.155,0.502,0.395,0.082,0.316,0.432,0.096,0.208,0.285,0.265,0.092
"Proteasome Macropain subunit MB1",0.124,0.142,0.477,0.049,0.134,0.2,0.035,0.228,0.367,0.233,0.471
"Apoptosis regulator Bcl-W",0.227,0.139,0.382,0.221,0.434,0.434,0.192,0.272,0.479,0.458,0.369
"Aldo-keto-reductase family 1 member C3",0.509,0.251,0.114,0.116,0.282,0.392,0.382,0.474,0.449,0.457,0.242
"Fibroblast activation protein alpha",0.343,0.383,0.166,0.481,0.303,0.381,0.265,0.415,0.31,0.406,0.54
"Indoleamine 2,3-dioxygenase",0.241,0.474,0.093,0.173,0.355,0.116,0.166,0.463,0.38,0.175,0.266
"Malonyl-CoA decarboxylase",0.027,0.114,0.358,0.204,0.191,0.479,0.056,0.056,0.354,0.272,0.284
"Isoprenylcysteine carboxyl methyltransferase",0.285,0.108,0.138,0.061,0.09,0.461,0.056,0.078,0.207,0.378,0.284
"Serine/threonine-protein kinase Aurora-A",0.165,0.014,0.194,0.419,0.258,0.37,0.4,0.206,0.034,0.175,0.118
"C3a anaphylatoxin chemotactic receptor",0.253,0.269,0.493,0.356,0.334,0.476,0.376,0.35,0.293,0.229,0.122
"Vesicular acetylcholine transporter",0.164,0.373,0.221,0.162,0.233,0.317,0.056,0.078,0.301,0.439,0.232
"Geranylgeranyl pyrophosphate synthetase",0.235,0.346,0.467,0.137,0.12,0.298,0.449,0.334,0.216,0.106,0.461
"Neuropeptide Y receptor type 1",0.058,0.337,0.371,0.097,0.075,0.479,0.07,0.069,0.488,0.322,0.344
"Carbonic anhydrase VA",0.182,0.142,0.459,0.065,0.087,0.427,0.024,0.228,0.199,0.304,0.179
"Endothelin-converting enzyme 1",0.408,0.097,0.449,0.442,0.485,0.483,0.518,0.429,0.229,0.498,0.431
"Orexin receptor 2",0.258,0.406,0.448,0.454,0.344,0.407,0.238,0.328,0.187,0.278,0.488
"Dipeptidyl peptidase IX",0.354,0.34,0.523,0.309,0.332,0.445,0.282,0.353,0.483,0.16,0.217
"Vanilloid receptor",0.073,0.072,0.415,0.214,0.103,0.024,0.02,0.382,0.244,0.142,0.442
"Caspase-1",0.225,0.292,0.275,0.337,0.27,0.034,0.044,0.456,0.386,0.246,0.308
"Nitric-oxide synthase, endothelial",0.423,0.339,0.477,0.033,0.11,0.42,0.322,0.371,0.266,0.333,0.22
"Dual specificity phosphatase Cdc25B",0.508,0.161,0.376,0.349,0.447,0.28,0.217,0.321,0.091,0.179,0.273
"P2X purinoceptor 7",0.053,0.026,0.291,0.4,0.378,0.162,0.069,0.349,0.026,0.05,0.252
"Serine/threonine-protein kinase AKT3",0.159,0.268,0.368,0.296,0.302,0.296,0.138,0.207,0.293,0.343,0.484
"Beta-secretase 1",0.416,0.207,0.496,0.43,0.353,0.309,0.334,0.39,0.497,0.126,0.262
"Acetyl-CoA carboxylase 2",0.518,0.119,0.064,0.039,0.094,0.231,0.502,0.294,0.444,0.216,0.474
"L-lactate dehydrogenase A chain",0.162,0.448,0.347,0.187,0.272,0.103,0.408,0.247,0.414,0.478,0.299
"C-X3-C chemokine receptor 1",0.315,0.102,0.263,0.19,0.468,0.36,0.043,0.283,0.087,0.11,0.138
"Eukaryotic translation initation factor",0.156,0.201,0.515,0.134,0.216,0.32,0.43,0.162,0.232,0.084,0.461
"Apoptosis regulator Bcl-2",0.071,0.164,0.273,0.363,0.138,0.157,0.106,0.096,0.485,0.118,0.368
"Cytochrome P450 1B1",0.48,0.126,0.209,0.516,0.376,0.289,0.302,0.438,0.174,0.322,0.435
"Tyrosine-protein kinase receptor UFO",0.053,0.305,0.212,0.055,0.081,0.108,0.015,0.146,0.393,0.196,0.503
"Neurotrophic tyrosine kinase receptor type 2",0.164,0.43,0.397,0.05,0.045,0.178,0.158,0.101,0.314,0.279,0.319
"Mitogen-activated protein kinase kinase kinase 8",0.506,0.27,0.258,0.105,0.41,0.422,0.298,0.146,0.171,0.526,0.351
"Low molecular weight phosphotyrosine protein phosphatase",0.169,0.13,0.328,0.14,0.185,0.431,0.082,0.053,0.162,0.373,0.444
"Casein kinase I epsilon",0.448,0.342,0.301,0.193,0.252,0.192,0.499,0.453,0.467,0.373,0.429
"L-lactate dehydrogenase B chain",0.494,0.165,0.258,0.218,0.185,0.419,0.082,0.427,0.083,0.401,0.318
"S-methyl-5-thioadenosine phosphorylase",0.173,0.462,0.419,0.023,0.08,0.257,0.205,0.086,0.337,0.446,0.285
"Proto-oncogene c-JUN",0.081,0.108,0.214,0.097,0.135,0.069,0.02,0.051,0.274,0.192,0.333
"Sodium/glucose cotransporter 1",0.417,0.307,0.334,0.352,0.495,0.396,0.351,0.121,0.151,0.221,0.23
"Transketolase",0.062,0.169,0.166,0.007,0.045,0.208,0.01,0.038,0.453,0.341,0.129
"Serine/threonine-protein kinase RIPK2",0.394,0.268,0.181,0.456,0.203,0.226,0.306,0.44,0.26,0.29,0.231
"p53-binding protein Mdm-2",0.473,0.366,0.341,0.304,0.374,0.295,0.465,0.463,0.47,0.485,0.449
"Serine-protein kinase ATR",0.303,0.03,0.342,0.44,0.412,0.172,0.214,0.205,0.222,0.242,0.429
"ADAM10",0.48,0.009,0.2,0.419,0.351,0.216,0.071,0.073,0.024,0.304,0.233
"Endoplasmic reticulum aminopeptidase 2",0.389,0.067,0.405,0.256,0.435,0.427,0.125,0.107,0.121,0.194,0.417
"G protein-coupled receptor 44",0.335,0.047,0.247,0.411,0.395,0.152,0.339,0.197,0.16,0.168,0.3
"Endothelial lipase",0.184,0.029,0.418,0.181,0.458,0.369,0.222,0.309,0.049,0.238,0.176
"Histone deacetylase 10",0.222,0.13,0.518,0.158,0.107,0.255,0.271,0.209,0.408,0.457,0.257
"GABA receptor alpha-5 subunit",0.202,0.419,0.313,0.174,0.251,0.305,0.082,0.16,0.452,0.351,0.284
"Orexin receptor 1",0.137,0.307,0.153,0.12,0.105,0.178,0.348,0.35,0.357,0.175,0.479
"Discoidin domain-containing receptor 2",0.083,0.118,0.496,0.111,0.455,0.493,0.083,0.332,0.249,0.05,0.054
"Metabotropic glutamate receptor 2",0.388,0.049,0.104,0.435,0.437,0.477,0.348,0.469,0.127,0.131,0.368
"Cytochrome P450 26A1",0.538,0.074,0.39,0.343,0.41,0.309,0.146,0.27,0.148,0.346,0.536
"Serine/threonine-protein kinase B-raf",0.215,0.072,0.185,0.282,0.457,0.331,0.322,0.413,0.058,0.462,0.384
"Ephrin type-B receptor 4",0.294,0.204,0.417,0.145,0.173,0.461,0.178,0.404,0.08,0.395,0.207
"Neuropilin-1",0.109,0.337,0.432,0.061,0.193,0.144,0.23,0.449,0.31,0.191,0.44
"dUTP pyrophosphatase",0.162,0.005,0.033,0.074,0.118,0.234,0.107,0.422,0.043,0.088,0.197
"Serine/threonine-protein kinase ILK-1",0.3,0.026,0.322,0.428,0.456,0.29,0.061,0.077,0.068,0.47,0.321
"Tyrosine-protein kinase BTK",0.112,0.2,0.343,0.093,0.059,0.164,0.093,0.367,0.503,0.111,0.185
"Serine/threonine-protein kinase TNNI3K",0.398,0.394,0.094,0.277,0.332,0.242,0.248,0.306,0.505,0.449,0.384
"Cytochrome P450 2A6",0.071,0.166,0.347,0.072,0.075,0.273,0.1,0.165,0.237,0.33,0.151
"Mitogen-activated protein kinase kinase kinase 5",0.408,0.161,0.474,0.461,0.431,0.259,0.246,0.333,0.403,0.349,0.436
"Tyrosine-protein kinase receptor TYRO3",0.378,0.207,0.456,0.167,0.352,0.182,0.036,0.296,0.481,0.345,0.413
"Epithelial discoidin domain-containing receptor 1",0.361,0.119,0.371,0.213,0.292,0.307,0.22,0.343,0.213,0.468,0.205
"Proto-oncogene tyrosine-protein kinase MER",0.295,0.315,0.111,0.154,0.238,0.442,0.078,0.189,0.491,0.208,0.452
"Baculoviral IAP repeat-containing protein 3",0.062,0.102,0.093,0.152,0.077,0.161,0.145,0.224,0.169,0.109,0.223
"Poly [ADP-ribose] polymerase 2",0.067,0.265,0.278,0.456,0.403,0.443,0.276,0.198,0.167,0.418,0.181
"P-selectin",0.348,0.2,0.33,0.264,0.316,0.401,0.15,0.215,0.328,0.428,0.487
"ATP-binding cassette sub-family G member 2",0.414,0.274,0.454,0.493,0.245,0.329,0.33,0.461,0.363,0.347,0.394
"Pituitary adenylate cyclase-activating polypeptide type I receptor",0.434,0.194,0.298,0.339,0.307,0.409,0.225,0.458,0.302,0.483,0.262
"Serine/threonine-protein kinase PIM3",0.166,0.082,0.189,0.236,0.257,0.224,0.074,0.089,0.188,0.453,0.369
"G-protein coupled bile acid receptor 1",0.366,0.346,0.087,0.105,0.154,0.461,0.047,0.218,0.516,0.285,0.376
"Metastin receptor",0.131,0.154,0.346,0.058,0.129,0.501,0.043,0.09,0.193,0.451,0.204
"Cell division cycle 7-related protein kinase",0.238,0.06,0.271,0.217,0.184,0.23,0.172,0.402,0.225,0.305,0.073
"Sodium channel protein type X alpha subunit",0.181,0.336,0.228,0.339,0.066,0.183,0.043,0.128,0.18,0.119,0.465
"Baculoviral IAP repeat-containing protein 2",0.26,0.452,0.482,0.198,0.073,0.316,0.053,0.246,0.489,0.462,0.062
"Receptor-interacting serine/threonine-protein kinase 1",0.321,0.507,0.247,0.463,0.466,0.285,0.332,0.117,0.155,0.408,0.359
"Protein tyrosine kinase 2 beta",0.267,0.284,0.346,0.15,0.135,0.447,0.264,0.392,0.332,0.261,0.268
"Perforin-1",0.24,0.065,0.148,0.055,0.12,0.469,0.092,0.065,0.306,0.371,0.428
"D-amino-acid oxidase",0.261,0.011,0.144,0.231,0.238,0.479,0.344,0.097,0.207,0.311,0.098
"Serine/threonine-protein kinase WEE1",0.169,0.472,0.359,0.292,0.248,0.287,0.291,0.225,0.413,0.318,0.311
"Histone acetyltransferase PCAF",0.393,0.105,0.221,0.219,0.173,0.303,0.388,0.161,0.157,0.388,0.377
"Secreted frizzled-related protein 1",0.196,0.102,0.282,0.077,0.207,0.424,0.109,0.099,0.189,0.383,0.371
"Transient receptor potential cation channel subfamily V member 3",0.056,0.05,0.342,0.305,0.385,0.335,0.21,0.265,0.194,0.248,0.179
"Protein-arginine N-methyltransferase 1",0.299,0.187,0.441,0.504,0.406,0.382,0.399,0.448,0.369,0.424,0.326
"Nuclear factor NF-kappa-B p65 subunit",0.348,0.046,0.135,0.471,0.241,0.273,0.095,0.467,0.056,0.242,0.32
"Dual specificity tyrosine-phosphorylation-regulated kinase 1B",0.274,0.19,0.414,0.315,0.361,0.42,0.278,0.311,0.31,0.364,0.461
"Acyl-CoA desaturase",0.361,0.062,0.288,0.37,0.428,0.328,0.328,0.277,0.105,0.462,0.338
"Proto-oncogene tyrosine-protein kinase ROS",0.33,0.368,0.289,0.235,0.277,0.391,0.299,0.173,0.195,0.506,0.336
"Lysyl-tRNA synthetase",0.287,0.25,0.447,0.316,0.337,0.382,0.221,0.317,0.343,0.296,0.491
"DNA-(apurinic or apyrimidinic site) lyase",0.056,0.194,0.196,0.17,0.133,0.277,0.095,0.088,0.421,0.209,0.234
"Glucose-dependent insulinotropic receptor",0.314,0.345,0.204,0.071,0.281,0.043,0.072,0.26,0.388,0.174,0.479
"Prostaglandin E synthase",0.193,0.014,0.229,0.266,0.11,0.362,0.338,0.444,0.13,0.275,0.186
"G protein-coupled receptor kinase 5",0.086,0.084,0.091,0.015,0.062,0.115,0.024,0.063,0.281,0.301,0.247
"Egl nine homolog 1",0.372,0.026,0.47,0.273,0.482,0.443,0.203,0.134,0.115,0.222,0.345
"Elongation of very long chain fatty acids protein 6",0.29,0.432,0.501,0.086,0.227,0.277,0.398,0.293,0.473,0.429,0.449
"Glucagon",0.341,0.338,0.191,0.467,0.138,0.167,0.143,0.392,0.25,0.184,0.469
"CREB-binding protein",0.393,0.026,0.379,0.304,0.459,0.356,0.214,0.216,0.144,0.261,0.203
"Mitogen-activated protein kinase kinase kinase 7",0.093,0.353,0.514,0.179,0.129,0.421,0.144,0.392,0.297,0.147,0.368
"Interferon-induced, double-stranded RNA-activated protein kinase",0.326,0.473,0.472,0.284,0.367,0.324,0.24,0.191,0.245,0.467,0.187
"Aldo-keto reductase family 1 member C2",0.459,0.031,0.455,0.026,0.163,0.395,0.078,0.137,0.107,0.154,0.386
"Trace amine-associated receptor 1",0.176,0.214,0.398,0.081,0.178,0.361,0.467,0.243,0.282,0.361,0.279
"Nuclear receptor ROR-alpha",0.098,0.024,0.396,0.501,0.382,0.239,0.346,0.27,0.042,0.23,0.443
"Heat shock factor protein 1",0.369,0.329,0.361,0.439,0.458,0.168,0.174,0.37,0.367,0.319,0.418
"Hematopoietic prostaglandin D synthase",0.506,0.105,0.391,0.072,0.269,0.479,0.077,0.279,0.294,0.466,0.377
"Aldo-keto reductase family 1 member C1",0.1,0.078,0.352,0.093,0.331,0.42,0.157,0.23,0.466,0.384,0.453
"Bifunctional protein NCOAT",0.137,0.047,0.1,0.193,0.089,0.273,0.14,0.245,0.138,0.203,0.253
"LIM domain kinase 2",0.441,0.102,0.44,0.128,0.361,0.435,0.201,0.165,0.082,0.336,0.462
"Serine/threonine-protein kinase PLK2",0.25,0.301,0.369,0.233,0.268,0.162,0.047,0.406,0.446,0.165,0.187
"Neuropeptide FF receptor 1",0.031,0.16,0.193,0.502,0.221,0.468,0.045,0.042,0.317,0.256,0.425
"Neuropeptide FF receptor 2",0.248,0.027,0.456,0.037,0.345,0.26,0.494,0.333,0.243,0.389,0.258
"IgG receptor FcRn large subunit p51",0.404,0.376,0.358,0.362,0.424,0.441,0.453,0.298,0.265,0.367,0.408
"Smoothened homolog",0.385,0.069,0.346,0.419,0.307,0.178,0.367,0.522,0.374,0.157,0.167
"Aldo-keto reductase family 1 member B10",0.188,0.419,0.458,0.135,0.152,0.303,0.453,0.269,0.37,0.179,0.278
"Serine/threonine-protein kinase 33",0.463,0.124,0.454,0.317,0.357,0.155,0.045,0.198,0.095,0.423,0.256
"Transient receptor potential cation channel subfamily A member 1",0.236,0.163,0.245,0.444,0.381,0.184,0.291,0.498,0.26,0.402,0.443
"Diacylglycerol O-acyltransferase 1",0.325,0.17,0.421,0.132,0.325,0.339,0.413,0.328,0.326,0.335,0.389
"Histone-lysine N-methyltransferase, H3 lysine-9 specific 3",0.05,0.248,0.291,0.057,0.131,0.09,0.024,0.107,0.434,0.129,0.25
"Lysine-specific histone demethylase 1",0.209,0.478,0.203,0.23,0.399,0.437,0.314,0.189,0.213,0.107,0.324
"Alpha-synuclein",0.248,0.038,0.227,0.446,0.178,0.241,0.396,0.499,0.13,0.127,0.476
"Tankyrase-2",0.344,0.189,0.172,0.163,0.255,0.147,0.295,0.509,0.311,0.453,0.484
"Tankyrase-1",0.183,0.421,0.336,0.087,0.123,0.341,0.446,0.354,0.214,0.124,0.266
"Mitogen-activated protein kinase kinase kinase kinase 4",0.247,0.123,0.191,0.362,0.498,0.131,0.104,0.264,0.386,0.132,0.485
"Lysine-specific demethylase 4C",0.102,0.04,0.434,0.248,0.096,0.308,0.255,0.527,0.137,0.08,0.427
