"","EGFR","Hypoxia","JAK.STAT","MAPK","NFkB","PI3K","TGFb","TNFa","Trail","VEGF","p53"
"Arginase-1",1,1,1,1,1,1,1,1,1,1,1
"Leucine-rich repeat serine/threonine-protein kinase 2",0.172736984126984,1,0.0332186507936508,1,0,0.420769576719577,1,0.0775101851851852,0.697591666666667,0.107960615079365,1
"Tyrosyl-DNA phosphodiesterase 1",1,1,1,1,1,1,1,1,1,1,1
"Transitional endoplasmic reticulum ATPase",0.669909457671958,0.27682208994709,0.669909457671958,1,0.27682208994709,0.669909457671958,1,1,1,0.27682208994709,1
"Glucokinase regulatory protein",0.315577182539683,1,0.132874603174603,1,1,1,0.841539153439153,1,1,1,1
"Pyruvate kinase isozymes M1/M2",1,1,1,1,1,1,1,1,1,1,1
"Transient receptor potential cation channel subfamily M member 8",0.539803075396825,0.298967857142857,0.539803075396825,1,0.365405158730159,0.420769576719577,0.539803075396825,0.539803075396825,1,0.546262257495591,0.539803075396825
"G-protein coupled receptor 55",1,0.730810317460317,1,1,1,1,1,0.913512896825397,1,1,1
"Endoplasmin",1,0,0.107960615079365,1,0.0664373015873016,0.245818015873016,1,1,1,0.107960615079365,1
"Serine/threonine-protein kinase/endoribonuclease IRE1",1,1,1,1,1,1,1,1,1,1,1
"NADPH oxidase 4",0.954281240981241,0.954281240981241,0.907976455026455,0.954281240981241,0.907976455026455,0.907976455026455,0.954281240981241,0.954281240981241,0.954281240981241,0.954281240981241,0.954281240981241
"Ketohexokinase",0.473365773809524,1,1,1,0.243603439153439,1,1,0.243603439153439,1,0.243603439153439,1
"Lethal(3)malignant brain tumor-like protein 1",0.697591666666667,0.116265277777778,1,0.116265277777778,0.199311904761905,0.913512896825397,0.944358786848073,0.697591666666667,1,0.946731547619048,1
"Microtubule-associated protein tau",1,1,0.963340873015873,1,1,1,1,1,1,1,1
"15-hydroxyprostaglandin dehydrogenase [NAD+]",1,1,1,1,1,1,1,1,1,1,1
"G-protein coupled receptor 35",1,1,0.913512896825397,0.913512896825397,1,1,1,1,1,1,1
"ATP-sensitive inward rectifier potassium channel 1",1,0.199311904761905,1,1,1,1,1,0.941195105820106,0.941195105820106,1,1
"Neuropeptides B/W receptor type 1",1,0.85419387755102,0.85419387755102,0.85419387755102,0.85419387755102,1,1,0.85419387755102,0.85419387755102,0.984102529761905,0.85419387755102
"Nuclear receptor ROR-gamma",0.232530555555556,0.758492526455027,0.315577182539683,0.315577182539683,0.445129920634921,0.974413756613757,0.974413756613757,0.986593928571429,0.82097522675737,1,0.315577182539683
"DNA topoisomerase I",0.664373015873016,0.664373015873016,0.664373015873016,1,0.664373015873016,1,0.724166587301587,1,1,1,0.725273875661376
"Farnesyl diphosphate synthase",1,1,0.465061111111111,1,0.531498412698413,1,1,1,1,1,1
"Glucagon-like peptide 1 receptor",1,1,1,1,1,1,1,1,1,1,1
"Endothelin receptor ET-B",1,0.43184246031746,1,0.43184246031746,0.43184246031746,1,1,0.43184246031746,1,0.43184246031746,1
"Steroid 5-alpha-reductase 1",1,1,1,1,0.166093253968254,1,1,0.597935714285714,1,1,1
"Vasopressin V2 receptor",1,1,0.863684920634921,0.863684920634921,1,1,1,0.863684920634921,1,1,1
"Somatostatin receptor 5",1,1,0.786174735449735,1,0.83046626984127,1,1,0.132874603174603,1,0.786174735449735,1
"Histone-lysine N-methyltransferase, H3 lysine-79 specific",1,1,1,1,1,1,1,1,1,1,1
"Bromodomain-containing protein 3",1,1,1,1,1,1,1,1,1,1,1
"Cysteinyl leukotriene receptor 1",1,1,0.43184246031746,0.43184246031746,0.847075595238095,1,0.686518783068783,0.43184246031746,0.847075595238095,0.43184246031746,0.686518783068783
"Plasminogen",1,1,0.83046626984127,0.83046626984127,0.83046626984127,1,1,0.83046626984127,1,1,1
"Leukocyte adhesion glycoprotein LFA-1 alpha",1,1,1,1,1,1,1,1,1,1,1
"Somatostatin receptor 2",1,0.49274332010582,0.939613265306122,1,0.49274332010582,1,0.365405158730159,0.365405158730159,1,0.365405158730159,0.49274332010582
"Muscarinic acetylcholine receptor M4",1,1,1,1,1,1,1,1,1,1,1
"Inosine-5'-monophosphate dehydrogenase 1",1,0.775101851851852,1,1,1,0.775101851851852,0.775101851851852,1,1,0.988254861111111,1
"Receptor protein-tyrosine kinase erbB-2",1,1,0.730810317460317,1,1,1,1,1,1,1,1
"TNF-alpha",1,0.298967857142857,1,0.265749206349206,1,1,1,0.343259391534392,1,0.950053412698413,0.697591666666667
"Phosphodiesterase 5A",1,0.498279761904762,1,1,1,1,1,1,0.697591666666667,1,1
"Serotonin 2b (5-HT2b) receptor",0.0442915343915344,0.938426884920635,0.938426884920635,0.0442915343915344,0.0581326388888889,0.393087367724868,1,1,0.393087367724868,0.0442915343915344,0.967031834215168
"Thromboxane-A synthase",1,1,1,0.631154365079365,1,1,1,1,1,1,1
"Prostanoid EP4 receptor",1,0.959188541666667,0.586862830687831,1,0.199311904761905,0.959188541666667,0.959188541666667,0.586862830687831,1,0.959188541666667,0.959188541666667
"Dopamine D5 receptor",1,1,1,1,0.896903571428571,1,1,1,1,1,1
"Somatostatin receptor 4",0.157788591269841,1,0.0664373015873016,1,0.0664373015873016,0.327440986394558,0.327440986394558,0.0664373015873016,0.581326388888889,0.327440986394558,0.87106684303351
"Gonadotropin-releasing hormone receptor",1,0.946731547619048,0.70866455026455,0.70866455026455,0.946731547619048,0.70866455026455,0.946731547619048,0.946731547619048,0.946731547619048,0.946731547619048,0.946731547619048
"4-hydroxyphenylpyruvate dioxygenase",1,0.487206878306878,0.747419642857143,1,0.487206878306878,0.487206878306878,1,1,1,1,1
"Tyrosine-protein kinase ABL",0.182702579365079,0.575789947089947,0.612172278911565,0.622849702380952,0.132874603174603,0.834157231040564,0.940087817460317,0.298967857142857,0.531498412698413,0.551429603174603,1
"Vascular endothelial growth factor receptor 1",0.0996559523809524,0.0996559523809524,1,0.212599365079365,0.92458578042328,0.166093253968254,1,1,1,1,0.0996559523809524
"Tissue-type plasminogen activator",0.0221457671957672,0.0221457671957672,0.987499891774892,0.0221457671957672,0.783011054421769,0.191007242063492,0.783011054421769,0.987499891774892,0.941195105820106,0.783011054421769,0.941195105820106
"Calcium sensing receptor",1,0.531498412698413,1,1,1,0.531498412698413,1,0.936765952380952,0.531498412698413,1,0.531498412698413
"Neuronal acetylcholine receptor protein alpha-4 subunit",1,1,1,1,1,1,1,1,1,1,1
"Potassium channel, inwardly rectifying, subfamily J, member 11",1,1,1,0.597935714285714,1,1,1,1,1,1,1
"Vasopressin V1a receptor",1,1,1,1,1,1,1,1,1,1,1
"Glutamate carboxypeptidase II",0.896903571428571,0.974413756613757,0.930122222222222,0.896903571428571,0.974413756613757,0.974413756613757,1,1,1,1,1
"Serotonin 1b (5-HT1b) receptor",0.673864058956916,0.448451785714286,0.730810317460317,0.514889087301587,0.506584424603175,0.514889087301587,0.730810317460317,0.506584424603175,0.730810317460317,0.448451785714286,0.730810317460317
"Serotonin 3a (5-HT3a) receptor",0.0332186507936508,0.0664373015873016,1,0.498279761904762,1,0.498279761904762,1,0.818009275793651,0.498279761904762,0.498279761904762,0.498279761904762
"Aldose reductase",0.933813183421517,0.15502037037037,0.640645408163265,1,0.0332186507936508,0.685134672619048,0.640645408163265,0.458417380952381,1,0.15502037037037,0.382014484126984
"Glutamate [NMDA] receptor subunit epsilon 2",0.232530555555556,1,1,1,1,1,1,1,1,1,1
"Serine/threonine-protein kinase RAF",1,1,0.764028968253968,1,1,1,1,0.597935714285714,1,1,1
"Aminopeptidase N",0.764028968253968,1,0.764028968253968,1,1,1,0.764028968253968,1,1,1,1
"Cytochrome P450 11B1",1,0.800938580246914,0.152805793650794,0.188239021164021,0.132874603174603,1,0.152805793650794,0.152805793650794,0.61454503968254,0.39862380952381,0.152805793650794
"Butyrylcholinesterase",1,1,1,1,1,1,1,1,1,1,1
"Alpha-2c adrenergic receptor",1,0.768181299603175,0.768181299603175,0.768181299603175,0.564717063492064,0.768181299603175,0.768181299603175,0.768181299603175,1,1,0.768181299603175
"Melatonin receptor 1A",0.83046626984127,0.992407192460317,0.83046626984127,0.991814002267574,0.991814002267574,0.991814002267574,1,0.991814002267574,1,1,0.991814002267574
"Melatonin receptor 1B",0.842545779220779,0.842545779220779,0.842545779220779,0.842545779220779,0.842545779220779,0.842545779220779,0.842545779220779,0.842545779220779,0.842545779220779,0.842545779220779,0.842545779220779
"Thyroid hormone receptor beta-1",0.959188541666667,0.959188541666667,0.959188541666667,0.959188541666667,1,1,0.959188541666667,0.959188541666667,1,0.959188541666667,0.959188541666667
"Cyclophilin A",1,1,1,1,0.996559523809524,1,1,1,0.597935714285714,0.996559523809524,1
"Thymidylate synthase",1,1,1,1,1,1,1,1,1,1,1
"Vascular endothelial growth factor receptor 3",1,1,1,1,1,1,1,1,1,1,1
"Insulin-like growth factor I receptor",1,1,1,1,1,1,1,1,1,1,1
"Epoxide hydrolase 1",0.873175963718821,1,0.199311904761905,0.873175963718821,0.873175963718821,1,0.873175963718821,0.873175963718821,1,1,0.780638293650794
"Tyrosine-protein kinase receptor FLT3",0.697591666666667,1,1,1,1,1,1,1,1,0.697591666666667,0.697591666666667
"Vitamin D receptor",1,1,0.880294246031746,1,0.880294246031746,1,1,0.885830687830688,0.885830687830688,0.885830687830688,0.885830687830688
"Cytochrome P450 19A1",1,0.332186507936508,0.132874603174603,0.617866904761905,0.0332186507936508,0.332186507936508,0.583171869488536,0.132874603174603,0.332186507936508,0.332186507936508,0.332186507936508
"Insulin receptor",0.697591666666667,1,0.697591666666667,1,0.697591666666667,1,1,0.697591666666667,1,0.697591666666667,1
"Serotonin 1d (5-HT1d) receptor",0.110728835978836,1,0.892158049886621,0.465061111111111,0.0996559523809524,0.874757804232804,1,0.465061111111111,1,0.0664373015873016,1
"Inhibitor of nuclear factor kappa B kinase beta subunit",0.987068480725623,0.987068480725623,0.963340873015873,1,0.963340873015873,0.963340873015873,1,1,1,0.987068480725623,0.987068480725623
"Prostanoid IP receptor",1,1,1,1,1,1,1,1,1,1,1
"Equilibrative nucleoside transporter 1",0.942201731601732,0.586862830687831,0.802784060846561,0.942201731601732,0.132874603174603,0.942201731601732,0.942201731601732,0.802784060846561,0.942201731601732,0.586862830687831,0.802784060846561
"Purinergic receptor P2Y12",1,1,0.232530555555556,0.863684920634921,1,1,1,1,1,1,1
"Retinoic acid receptor gamma",0.936765952380952,0.936765952380952,0.936765952380952,0.936765952380952,0.936765952380952,0.936765952380952,0.936765952380952,0.936765952380952,0.936765952380952,0.948241486291486,0.936765952380952
"Platelet-derived growth factor receptor alpha",0.199311904761905,0.199311904761905,0.199311904761905,0.47751810515873,0.47751810515873,1,1,1,0.387550925925926,0.272392936507937,0.272392936507937
"Retinoic acid receptor beta",1,1,1,1,1,1,1,1,1,1,1
"Nociceptin receptor",0.0775101851851852,1,1,0.959188541666667,0.0664373015873016,0.0775101851851852,1,0.188239021164021,0.901649092970522,0.188239021164021,0.141179265873016
"Dihydrofolate reductase",0.232530555555556,0.287894973544974,0.967031834215168,0.352117698412698,0.232530555555556,0.352117698412698,1,0.441333503401361,1,0.441333503401361,0.87614191468254
"Epidermal growth factor receptor erbB1",0.287894973544974,0.504923492063492,0.282358531746032,0.74926512345679,0.0332186507936508,0.504923492063492,1,0.74926512345679,0.74926512345679,0.74926512345679,1
"Muscarinic acetylcholine receptor M5",0.415233134920635,1,1,0.83711,0.415233134920635,1,1,0.83711,1,1,0.83711
"Peptidyl-prolyl cis-trans isomerase FKBP5",0.0730810317460318,0.0730810317460318,0.0730810317460318,0.670412770562771,0.0730810317460318,0.670412770562771,0.357100496031746,0.0730810317460318,0.149483928571429,0.213548469387755,0.670412770562771
"Retinoic acid receptor alpha",1,1,1,1,1,1,1,1,1,1,1
"Estrogen receptor alpha",1,1,1,1,1,1,1,1,1,1,1
"Beta-2 adrenergic receptor",0.232530555555556,0.310040740740741,1,0.265749206349206,0.448451785714286,0.591291984126984,1,1,0.974413756613757,1,1
"Cyclin T1",1,0.382014484126984,1,0.586862830687831,0.98548664021164,1,0.936765952380952,0.232530555555556,1,1,0.936765952380952
"Muscarinic acetylcholine receptor M2",0.199311904761905,1,0.0332186507936508,1,0.642227248677249,1,1,1,1,1,1
"Beta-1 adrenergic receptor",0.575789947089947,0.199311904761905,1,0.498279761904762,1,1,0.730810317460317,1,1,1,1
"Dopamine D2 receptor",0.0664373015873016,0.12180171957672,1,0.0664373015873016,1,1,1,0.664373015873016,1,0.664373015873016,0.725273875661376
"Beta-glucocerebrosidase",1,1,1,1,1,1,1,1,1,1,1
"Motilin receptor",0.946731547619048,0.946731547619048,0.946731547619048,0.946731547619048,0.946731547619048,0.946731547619048,1,0.952267989417989,1,0.946731547619048,0.946731547619048
"MAP kinase-activated protein kinase 2",1,0.925376700680272,0.420769576719577,1,0.420769576719577,0.925376700680272,1,0.420769576719577,0.925376700680272,0.925376700680272,1
"Cyclooxygenase-1",1,0.315577182539683,0.905208234126984,1,0.315577182539683,1,1,1,1,1,0.905208234126984
"Norepinephrine transporter",1,1,0.597935714285714,1,1,1,1,1,1,1,1
"Anandamide amidohydrolase",1,0.132874603174603,0.243603439153439,0.545734977324263,0.132874603174603,0.545734977324263,1,1,0.539803075396825,0.545734977324263,1
"Serotonin 2c (5-HT2c) receptor",1,1,1,1,1,1,1,1,1,1,1
"Dipeptidyl peptidase I",1,1,1,0.83046626984127,1,1,1,0.863684920634921,1,1,1
"Serotonin transporter",0.370941600529101,0.993237658730159,0.389132766439909,0.370941600529101,0.370941600529101,0.370941600529101,0.370941600529101,1,0.930122222222222,0.930122222222222,0.370941600529101
"Peroxisome proliferator-activated receptor alpha",1,1,1,1,1,1,1,1,1,1,1
"HERG",1,1,1,1,1,1,1,1,1,1,1
"Epoxide hydratase",1,1,0.390319146825397,0.963340873015873,0.116265277777778,0.387550925925926,1,0.116265277777778,1,1,1
"Phosphodiesterase 3A",0.81717880952381,1,0.81717880952381,0.901649092970522,0.81717880952381,0.992407192460317,0.81717880952381,0.901649092970522,1,0.81717880952381,1
"C-C chemokine receptor type 1",1,1,1,1,1,1,1,1,1,1,1
"C-C chemokine receptor type 4",0.902440013227513,0.788942956349206,1,1,0.788942956349206,0.788942956349206,0.788942956349206,1,1,0.902440013227513,1
"Estrogen receptor beta",0.597935714285714,1,0.963340873015873,0.963340873015873,1,0.963340873015873,0.963340873015873,0.982322959183673,1,0.963340873015873,1
"Glyoxalase I",1,0.315577182539683,1,1,0.315577182539683,0.315577182539683,1,0.920631179138322,0.6754458994709,0.0332186507936508,0.571360793650794
"Myosin light chain kinase, smooth muscle",0.343259391534392,0.0332186507936508,0.509352645502645,0.343259391534392,1,1,0.509352645502645,1,0.365405158730159,0.797247619047619,1
"Serine/threonine-protein kinase AKT2",0.896903571428571,1,0.896903571428571,0.896903571428571,0.975797867063492,0.896903571428571,1,0.896903571428571,1,0.896903571428571,0.896903571428571
"Interleukin-8 receptor B",1,1,1,1,1,1,1,1,1,1,1
"Myeloperoxidase",0.232530555555556,0.823084347442681,0.232530555555556,0.498279761904762,0,0.393087367724868,0.39862380952381,0.290663194444444,1,0.393087367724868,1
"Coagulation factor X",0.315577182539683,1,1,0.132874603174603,1,1,1,1,1,1,1
"Deoxycytidine kinase",1,1,0.988254861111111,0.988254861111111,1,0.988254861111111,1,0.988254861111111,1,1,1
"Muscarinic acetylcholine receptor M3",0.298967857142857,0.539803075396825,0.707082709750567,0.487206878306878,0.487206878306878,0.707082709750567,1,1,1,0.707082709750567,1
"Beta-3 adrenergic receptor",0.591291984126984,0.612172278911565,0.651916021825397,0.890259841269841,0.465061111111111,0.591291984126984,0.591291984126984,0.719737433862434,1,0.612172278911565,0.591291984126984
"Death-associated protein kinase 3",0.265749206349206,0.43184246031746,1,0.265749206349206,0.332186507936508,0.775101851851852,1,1,1,1,0.775101851851852
"Methionine aminopeptidase 1",0.354332275132275,0.332186507936508,0.332186507936508,0.793095287698413,0.310040740740741,0.310040740740741,0.837848192239859,0.310040740740741,0.479297675736961,1,1
"Leukocyte elastase",0.992407192460317,0.357100496031746,0.357100496031746,1,0.0664373015873016,0.451773650793651,1,0.992407192460317,1,0.0996559523809524,0.919049338624339
"Beta amyloid A4 protein",0.950053412698413,0.40526753968254,0.0664373015873016,0.298967857142857,0.0664373015873016,0.950053412698413,0.643611359126984,0.298967857142857,1,0.588444671201814,0.588444671201814
"Neurokinin 1 receptor",0.740301360544218,0.740301360544218,0.705896329365079,1,0.705896329365079,0.705896329365079,1,0.705896329365079,1,0.740301360544218,1
"Neuronal acetylcholine receptor protein alpha-7 subunit",1,1,1,1,1,1,1,1,1,1,1
"Adenosine A2a receptor",1,1,1,1,0.586862830687831,1,0.586862830687831,0.586862830687831,1,1,1
"Endothelin receptor ET-A",0.797247619047619,0.751571974206349,0.751571974206349,0.797247619047619,0.751571974206349,0.751571974206349,0.751571974206349,0.751571974206349,1,0.751571974206349,0.751571974206349
"Beta secretase 2",0.930122222222222,0.847075595238095,1,0.930122222222222,1,1,1,1,0.847075595238095,1,1
"Serine/threonine-protein kinase Chk2",1,0.938426884920635,1,1,0.938426884920635,1,1,1,0.930122222222222,1,0.938426884920635
"Cannabinoid CB2 receptor",0.697591666666667,0.0664373015873016,0.55364417989418,0.764028968253968,0.132874603174603,0.764028968253968,0.697591666666667,0.55364417989418,0.376478042328042,0.481670436507937,0.673864058956916
"3-phosphoinositide dependent protein kinase-1",0.907976455026455,1,1,0.907976455026455,0.907976455026455,0.907976455026455,1,1,0.915885657596372,0.907976455026455,0.907976455026455
"Phospholipase D1",0.232530555555556,0.338830238095238,0.597935714285714,0.338830238095238,0.697591666666667,0.927102344877345,0.741883201058201,0.338830238095238,0.697591666666667,0.927102344877345,0.338830238095238
"Phosphodiesterase 4A",1,1,1,1,1,1,1,1,1,1,1
"Adenosine A2b receptor",0.885830687830688,1,1,1,1,0.885830687830688,1,0.885830687830688,1,1,1
"Carboxypeptidase B",0.551429603174603,0.651085555555556,0.651085555555556,0.651085555555556,0,0.592399272486772,0.498279761904762,0.199311904761905,0.651085555555556,0.453988227513228,1
"Adenosine A3 receptor",1,1,1,1,1,1,1,1,1,1,1
"Histone deacetylase 5",1,1,1,1,1,1,1,1,1,1,1
"Liver glycogen phosphorylase",1,1,1,1,1,1,1,1,1,1,1
"Tyrosine-protein kinase LCK",0.620081481481481,0.504923492063492,0.182702579365079,1,0.0332186507936508,0.323881845238095,1,0.809704613095238,0.809704613095238,0.323881845238095,1
"Cathepsin D",0.775101851851852,0.232530555555556,0.621663321995465,0.775101851851852,1,0.621663321995465,0.465061111111111,0.232530555555556,0.611223174603175,0.797247619047619,0.232530555555556
"Melanocortin receptor 4",1,0.727119356261023,0.0664373015873016,0.224225892857143,1,0.343259391534392,0.540989455782313,0.279036666666667,0.0664373015873016,0.727119356261023,0.210384788359788
"Peptide N-myristoyltransferase 1",1,1,0.841539153439153,0.841539153439153,0.841539153439153,1,1,0.232530555555556,0.841539153439153,0.841539153439153,1
"Tyrosine-protein kinase SYK",1,0.298967857142857,1,1,0.73911498015873,1,1,0.298967857142857,0.73911498015873,1,0.757385238095238
"MAP kinase p38 alpha",1,1,1,1,1,1,1,1,1,1,1
"Carbonic anhydrase I",1,0.254676322751323,0,0.772333630952381,0.581326388888889,1,0.772333630952381,0.642227248677249,0.642227248677249,1,0.254676322751323
"Furin",1,0.938426884920635,0.938426884920635,0.938426884920635,0.938426884920635,1,0.938426884920635,1,0.938426884920635,0.938426884920635,0.938426884920635
"Tryptase beta-1",0.372048888888889,0.656991093474427,0.507770804988662,0.507770804988662,0.372048888888889,0.372048888888889,0.690947936507937,0.372048888888889,0.656991093474427,0.372048888888889,0.857645165945166
"Glycogen synthase kinase-3 beta",1,1,1,1,1,1,1,1,1,1,1
"Dual specificity protein phosphatase 3",1,1,1,1,1,1,1,1,1,1,1
"c-Jun N-terminal kinase 3",1,0.996559523809524,0.232530555555556,0.664373015873016,1,0.996559523809524,1,1,1,1,1
"Histamine H3 receptor",1,0.885830687830688,0.415233134920635,0.542571296296296,0.39862380952381,0.544785873015873,1,1,1,0.544785873015873,1
"Phosphodiesterase 2A",1,1,1,1,1,1,0.996559523809524,1,1,1,0.996559523809524
"Adenosylhomocysteinase",1,1,1,1,1,1,1,1,1,1,1
"Tyrosine-protein kinase SRC",1,1,1,1,1,1,1,1,1,1,1
"Cathepsin K",0.797247619047619,0.39862380952381,0.39862380952381,1,0.39862380952381,0.797247619047619,0.797247619047619,0.39862380952381,0.797247619047619,1,1
"Macrophage-stimulating protein receptor",1,0.750741507936508,0.249139880952381,0.43184246031746,0.0664373015873016,0.465061111111111,1,1,1,0.925376700680272,0.925376700680272
"Cystinyl aminopeptidase",0.298967857142857,0.892158049886621,0.332186507936508,0.40526753968254,0.298967857142857,0.896903571428571,0.896903571428571,1,0.869221362433862,0.40526753968254,1
"Focal adhesion kinase 1",0.175584297052154,0.494127430555556,0.175584297052154,0.175584297052154,0.175584297052154,1,0.820500674603175,0.175584297052154,0.820500674603175,0.175584297052154,0.175584297052154
"Mitogen-activated protein kinase kinase kinase 11",0.213548469387755,0.166093253968254,0.213548469387755,1,0.213548469387755,0.213548469387755,0.461370149911817,0.419385466269841,0.213548469387755,0.199311904761905,1
"Histone deacetylase 7",1,1,1,1,1,1,1,1,0.930122222222222,1,1
"Phosphodiesterase 11A",0.946731547619048,0.946731547619048,0.132874603174603,0.946731547619048,0.254676322751323,0.946731547619048,1,1,0.946731547619048,0.254676322751323,1
"Cytochrome P450 11B2",1,1,1,1,1,1,1,1,1,1,1
"Protein-glutamine gamma-glutamyltransferase",1,1,1,1,1,1,1,1,1,1,1
"Phospholipase D2",0.465061111111111,0.465061111111111,1,0.465061111111111,0.701743998015873,0.616917800453515,1,1,0.616917800453515,0.616917800453515,0.616917800453515
"Metabotropic glutamate receptor 4",0.476133994708995,1,1,1,0.476133994708995,1,1,0.39862380952381,0.988254861111111,1,1
"C-C chemokine receptor type 5",1,0.98548664021164,0.531498412698413,0.98548664021164,1,1,0.98548664021164,1,1,0.98548664021164,0.98548664021164
"Fibroblast growth factor receptor 3",1,1,1,1,0.332186507936508,1,1,0.647763690476191,1,1,1
"Phosphodiesterase 4B",0.489975099206349,0.651085555555556,1,1,0.489975099206349,0.489975099206349,1,1,1,0.489975099206349,1
"Ileal bile acid transporter",0.282358531746032,0.166093253968254,0.166093253968254,1,0.166093253968254,1,0.616917800453515,1,1,0.616917800453515,0.491636031746032
"Integrin alpha-4",0.186024444444444,0.186024444444444,0.925376700680272,0.476133994708995,0.0664373015873016,0.177166137566138,1,1,1,0.166093253968254,1
"Sodium/hydrogen exchanger 1",1,1,0.0996559523809524,1,1,1,1,1,1,1,1
"Acyl coenzyme A:cholesterol acyltransferase 1",0.822161607142857,0.822161607142857,0.822161607142857,0.822161607142857,1,0.822161607142857,1,1,0.822161607142857,0.822161607142857,0.822161607142857
"Estradiol 17-beta-dehydrogenase 2",0.149483928571429,0.149483928571429,0.325542777777778,1,0.149483928571429,0.149483928571429,0.409696693121693,1,1,0.711828231292517,1
"Vascular endothelial growth factor receptor 2",1,1,1,1,1,1,1,1,1,1,1
"Matrix metalloproteinase 13",1,0.42709693877551,0.282358531746032,0.460908779761905,0.42709693877551,1,0.352117698412698,0.282358531746032,0.282358531746032,1,0.282358531746032
"Tyrosine-protein kinase ZAP-70",0.930122222222222,0.943409682539682,0.930122222222222,0.930122222222222,0.930122222222222,0.930122222222222,0.930122222222222,0.930122222222222,0.930122222222222,0.930122222222222,1
"LXR-alpha",0.345473968253968,0.166093253968254,0.166093253968254,0.355914115646258,0.452604117063492,0.345473968253968,1,0.355914115646258,1,0.345473968253968,1
"Protein-glutamine gamma-glutamyltransferase K",0.775101851851852,0.548107738095238,0.548107738095238,0.548107738095238,1,1,1,0.775101851851852,1,1,0.548107738095238
"Nerve growth factor receptor Trk-A",0.149483928571429,1,1,0,0.692846145124717,1,0.692846145124717,0.692846145124717,1,0.692846145124717,0.55364417989418
"Coagulation factor XI",0.896903571428571,0.896903571428571,0.896903571428571,1,1,1,1,1,0.896903571428571,1,1
"Casein kinase I delta",0.692846145124717,0.0332186507936508,0.404160251322751,1,0.404160251322751,0.404160251322751,1,1,0.967493204365079,0.404160251322751,0.404160251322751
"Matrix metalloproteinase 3",1,1,0.697591666666667,0.348795833333333,0.348795833333333,1,1,0.697591666666667,1,1,1
"Tyrosine-protein kinase JAK1",1,1,1,1,1,1,1,1,1,1,1
"Dipeptidyl peptidase IV",1,0.559180621693122,0.332186507936508,1,0.524854682539683,0.524854682539683,0.896903571428571,0.896903571428571,0.524854682539683,0.524854682539683,1
"Serine/threonine-protein kinase mTOR",1,1,1,1,1,1,1,1,1,1,1
"Glycogen synthase kinase-3 alpha",0.783011054421769,0.717522857142857,1,0.730810317460317,0.509352645502645,0.509352645502645,1,1,0.689287003968254,0.509352645502645,1
"Renin",1,1,1,1,0.581326388888889,1,1,1,1,0.581326388888889,1
"Sigma opioid receptor",1,1,1,1,1,1,1,1,1,1,1
"Mitogen-activated protein kinase kinase kinase 9",1,1,1,1,1,1,1,1,1,1,1
"Phosphodiesterase 4D",0.625617923280423,0,0.704973589065256,1,0.481670436507937,0.625617923280423,0.704973589065256,0.116265277777778,0.287894973544974,0.704973589065256,1
"Carbonic anhydrase III",1,0.740301360544218,0.740301360544218,0.740301360544218,0.740301360544218,1,0.859532589285714,1,0.740301360544218,0.740301360544218,0.740301360544218
"Hematopoietic cell protein-tyrosine phosphatase 70Z-PEP",0.85893939909297,0.797247619047619,0.85893939909297,0.85893939909297,0.85893939909297,0.984102529761905,1,0.85893939909297,1,0.85893939909297,1
"Phosphodiesterase 3B",1,1,0.930122222222222,1,1,1,1,1,1,1,1
"Arachidonate 15-lipoxygenase",1,1,1,1,1,1,1,1,1,1,1
"Phosphodiesterase 4C",0.581326388888889,0.901055902777778,0.637798095238095,1,0.581326388888889,0.581326388888889,0.901055902777778,0.901055902777778,1,0.581326388888889,1
"Telomerase reverse transcriptase",1,0.639459027777778,0.752956084656085,0.984102529761905,1,1,0.639459027777778,0.639459027777778,0.639459027777778,0.752956084656085,0.783011054421769
"Protein kinase C gamma",1,1,1,1,1,1,1,1,1,1,1
"Cathepsin S",1,1,1,1,1,1,1,1,1,1,1
"Sphingosine 1-phosphate receptor Edg-5",1,1,1,1,1,1,1,1,1,1,1
"Tyrosine-protein kinase ITK/TSK",0.141179265873016,0.141179265873016,0.166093253968254,0.141179265873016,0.166093253968254,0.223039512471655,1,0.415233134920635,0.494588800705467,0.141179265873016,1
"Dual specificity mitogen-activated protein kinase kinase 2",0.458417380952381,1,0.0498279761904762,1,0.055364417989418,0.874757804232804,0.874757804232804,0.0498279761904762,0.514889087301587,0.174397916666667,0.602681235827664
"Tyrosine-protein kinase JAK2",1,1,0.597935714285714,1,1,1,1,1,1,1,1
"Rho-associated protein kinase 2",1,1,1,0.963340873015873,1,1,1,1,1,1,1
"Cholecystokinin B receptor",1,1,1,1,1,1,1,1,1,1,1
"Protein kinase C alpha",0.752956084656085,0.166093253968254,0,1,0.0332186507936508,1,0.845230114638448,0.809704613095238,0.809704613095238,0.166093253968254,0.671016746031746
"Protein kinase C delta",0.724166587301587,0.724166587301587,0.915358377425044,0.915358377425044,0.724166587301587,1,1,0.724166587301587,0.724166587301587,0.736346759259259,0.915358377425044
"P2X purinoceptor 3",0.484043197278912,0.484043197278912,0.484043197278912,0.926800357142857,0.484043197278912,0.719737433862434,0.56886939484127,0.484043197278912,0.484043197278912,1,0.484043197278912
"Multidrug resistance-associated protein 1",0.0442915343915344,0.12456994047619,0.0442915343915344,0.754063373015873,0.0332186507936508,0.306349779541446,0.0930122222222222,0.12456994047619,1,0.0581326388888889,0.12456994047619
"Receptor protein-tyrosine kinase erbB-4",1,1,0.797247619047619,1,1,1,1,1,1,1,1
"Cyclin-dependent kinase 2",1,1,1,1,1,1,1,1,1,1,1
"Phosphodiesterase 7A",0,0.0581326388888889,0.21592123015873,0.21592123015873,0,0.0885830687830688,0.984480014430015,0.0797247619047619,0.518210952380952,0.0581326388888889,0.376478042328042
"Matriptase",1,0.597935714285714,0.597935714285714,0.597935714285714,0.597935714285714,0.597935714285714,1,0.597935714285714,1,0.597935714285714,1
"Sphingosine kinase 2",0.0442915343915344,1,0.679136860670194,0.950053412698413,0,0.531498412698413,0.679136860670194,0.0747419642857143,0.531498412698413,0.0442915343915344,0.40526753968254
"Serine/threonine-protein kinase PLK1",0.332186507936508,0.502432093253968,0.39862380952381,0.502432093253968,0.39862380952381,0.502432093253968,1,1,0.39862380952381,1,0.39862380952381
"Carbonic anhydrase VI",1,1,1,1,1,1,1,1,1,1,1
"Protein kinase C beta",0.110728835978836,1,0,0.943409682539682,0,0.12456994047619,0.42235141723356,0.143947486772487,0.509352645502646,0.143947486772487,0.509352645502646
"Cyclin-dependent kinase 7",1,1,1,1,0.514889087301587,0.514889087301587,1,1,1,1,1
"Glycine transporter 2",1,0.680982341269841,0.39862380952381,0.581326388888889,0.680982341269841,0.950053412698413,0.834157231040564,0.680982341269841,0.680982341269841,0.680982341269841,0.680982341269841
"Cyclin-dependent kinase 1",0.611223174603175,1,0.611223174603175,1,0.611223174603175,1,0.611223174603175,1,0.982322959183673,0.611223174603175,0.946731547619048
"Excitatory amino acid transporter 1",1,1,0.913512896825397,1,1,1,1,0.913512896825397,1,1,1
"Plasma retinol-binding protein",1,1,1,1,1,1,1,1,1,1,1
"Poly [ADP-ribose] polymerase-1",1,1,1,1,1,1,1,1,1,1,1
"Thymidine phosphorylase",1,1,0.813856944444444,1,0.813856944444444,0.813856944444444,1,0.0664373015873016,1,0.343259391534392,0.343259391534392
"Cyclin-dependent kinase 9",0.624510634920635,0.902440013227513,1,0.465061111111111,0.624510634920635,1,1,0.498279761904762,1,1,0.624510634920635
"PI3-kinase p110-delta subunit",0.69343933531746,0.647763690476191,0.647763690476191,0.647763690476191,0.348795833333333,0.348795833333333,1,1,1,0.647763690476191,0.69343933531746
"DNA-dependent protein kinase",0.522007369614512,0.083046626984127,1,0.252461746031746,0.0996559523809524,0.083046626984127,1,0.207616567460317,1,0.326650066137566,1
"PI3-kinase p110-beta subunit",1,0.730810317460317,1,1,1,1,1,1,1,0.730810317460317,1
"Serotonin 7 (5-HT7) receptor",1,1,1,1,1,1,1,1,1,1,1
"Bradykinin B2 receptor",1,0.930122222222222,1,1,1,1,1,1,1,1,1
"Protein-tyrosine phosphatase 1C",1,1,0.658836574074074,0.988254861111111,0.415233134920635,0.332186507936508,1,0.0332186507936508,0.82572074829932,0.43184246031746,0.409696693121693
"Carboxylesterase 2",1,0.415233134920635,0.808320502645503,1,1,1,0.808320502645503,0.415233134920635,1,0.808320502645503,0.55364417989418
"Estradiol 17-beta-dehydrogenase 1",0.85893939909297,1,0.85893939909297,0.85893939909297,0.85893939909297,1,0.85893939909297,0.85893939909297,1,0.85893939909297,1
"Histone deacetylase 8",1,1,1,1,1,1,1,1,1,1,1
"Prolyl endopeptidase",1,0.166093253968254,1,1,1,0.963340873015873,1,0.963340873015873,1,1,1
"Matrix metalloproteinase 9",0.957301118326118,0.635899886621315,0.635899886621315,0.664373015873016,0.332186507936508,0.635899886621315,0.635899886621315,0.74926512345679,0.635899886621315,0.635899886621315,0.867006785714286
"CD22",0.332186507936508,1,1,0.664373015873016,1,1,1,1,1,1,1
"Metabotropic glutamate receptor 5",0.759876636904762,0.671016746031746,0.671016746031746,0.671016746031746,1,0.759876636904762,0.671016746031746,1,0.759876636904762,0.671016746031746,0.775101851851852
"Sphingosine 1-phosphate receptor Edg-6",0.73911498015873,1,0.73911498015873,0.73911498015873,0.919049338624339,0.888598908730159,0.888598908730159,1,0.888598908730159,0.888598908730159,0.73911498015873
"Rho-associated protein kinase 1",0.797247619047619,0.890259841269841,0.680982341269841,0.43184246031746,1,1,1,1,1,1,0.797247619047619
"Tyrosine-protein kinase HCK",0.996559523809524,0.996559523809524,1,0.996559523809524,1,1,1,1,0.996559523809524,1,1
"Carbonic anhydrase XII",0.159449523809524,0.159449523809524,0.159449523809524,0.159449523809524,0.132874603174603,0.730810317460317,0.730810317460317,0.298967857142857,0.827144404761905,0.645390929705215,1
"Histone deacetylase 1",1,1,1,1,1,1,1,1,1,1,1
"Lysophosphatidic acid receptor Edg-7",1,1,1,1,1,1,1,1,1,1,1
"PI3-kinase p110-gamma subunit",0.967031834215168,1,0.631154365079365,0.963340873015873,0.631154365079365,0.967031834215168,0.963340873015873,0.83046626984127,1,0.631154365079365,0.631154365079365
"PI4-kinase beta subunit",1,1,1,1,1,1,1,1,1,1,1
"Cathepsin L2",0.723428395061728,0.723428395061728,0.723428395061728,0.723428395061728,0.723428395061728,0.723428395061728,0.851605411255411,0.851605411255411,0.723428395061728,0.723428395061728,0.723428395061728
"Urokinase-type plasminogen activator",1,1,1,1,1,1,1,1,1,1,1
"Testis-specific androgen-binding protein",0.70866455026455,0.531498412698413,1,1,0.70866455026455,1,1,1,1,1,1
"Caspase-6",0.877921485260771,0.896903571428571,0.877921485260771,0.877921485260771,0.656068353174603,0.656068353174603,1,1,1,0.656068353174603,0.656068353174603
"Cyclin-dependent kinase 4",1,1,0.597935714285714,1,1,1,1,1,1,1,0.764028968253968
"Histone deacetylase 11",0.870328650793651,0.586862830687831,0.941195105820106,1,0.548107738095238,0.870328650793651,1,1,1,0.548107738095238,1
"Sodium-dependent proline transporter",0.852612037037037,0.852612037037037,1,1,1,0.852612037037037,1,1,1,1,1
"Matrix metalloproteinase-1",0.0913512896825397,0.519041418650794,0.177166137566138,0.0913512896825397,0.0913512896825397,0.126230873015873,1,0.852612037037037,1,0.256258163265306,0.0913512896825397
"Matrix metalloproteinase-2",1,1,1,1,1,1,1,1,1,1,1
"Protein-tyrosine phosphatase 1B",1,0.39862380952381,0.946731547619048,0.39862380952381,1,1,0.671016746031746,1,1,0.39862380952381,0.39862380952381
"Acetyl-CoA carboxylase 1",1,1,1,1,1,1,1,1,1,1,1
"Serotonin 6 (5-HT6) receptor",1,1,1,1,1,1,1,1,1,1,1
"MAP kinase ERK1",0.471704841269841,0.332186507936508,0.166093253968254,1,0.166093253968254,1,0.863684920634921,1,1,0.254676322751323,0.498279761904762
"Cytochrome P450 2C9",1,1,1,1,1,1,1,1,1,1,1
"Probable G-protein coupled receptor 88",0.304504298941799,0.232530555555556,1,1,0.232530555555556,0.730810317460317,1,0.232530555555556,0.304504298941799,0.232530555555556,1
"Cytochrome P450 3A4",0.852612037037037,0.717522857142857,0.717522857142857,1,0.717522857142857,0.717522857142857,1,1,1,1,0.717522857142857
"Pregnane X receptor",1,1,1,1,1,1,1,1,1,1,1
"Carboxypeptidase B2 isoform A",0.771410890652557,0.27682208994709,0.771410890652557,0.771410890652557,0.083046626984127,0.0664373015873016,1,0.771410890652557,0.73911498015873,0.771410890652557,0.876972380952381
"Serotonin 5a (5-HT5a) receptor",0.382014484126984,1,0.232530555555556,1,0.0996559523809524,0.690947936507937,0.869221362433862,0.963340873015873,1,0.232530555555556,1
"Estrogen-related receptor alpha",1,1,1,1,0.83046626984127,1,1,1,1,1,1
"Amine oxidase, copper containing",0.697591666666667,0.903547301587302,0.880294246031746,0.880294246031746,1,1,1,1,0.697591666666667,1,1
"Protein kinase C zeta",0,0.0415233134920635,0.0465061111111111,0.0415233134920635,0,0.321113624338624,1,0.40336933106576,1,0.448451785714286,1
"Melanin-concentrating hormone receptor 1",1,0.755724305555556,1,1,0.686518783068783,0.686518783068783,1,1,1,0.686518783068783,1
"Caspase-7",1,0.498279761904762,0.583699149659864,0.498279761904762,0.0996559523809524,0.43184246031746,1,0.583699149659864,1,0.43184246031746,1
"C-C chemokine receptor type 3",0.382014484126984,0.643611359126984,0.382014484126984,1,0.199311904761905,0.382014484126984,0.797247619047619,0.551429603174603,0.643611359126984,0.609008597883598,0.752956084656085
"Phospholipase A2 group IIA",0.70866455026455,0.70866455026455,0.70866455026455,1,0.70866455026455,0.70866455026455,1,1,1,0.70866455026455,1
"Plasminogen activator inhibitor-1",0.602088045634921,0.645918209876543,0.531498412698413,0.564717063492064,0.564717063492064,0.602088045634921,0.602088045634921,0.564717063492064,0.602088045634921,0.800569484126984,1
"Inhibitor of nuclear factor kappa B kinase alpha subunit",1,0.764028968253968,1,0.996559523809524,1,1,1,1,1,1,1
"Proteasome Macropain subunit",0.055364417989418,0.0332186507936508,0.847075595238095,0.055364417989418,1,0.531498412698413,1,0.438486190476191,0.373709821428571,1,0.847075595238095
"Carbonic anhydrase XIV",0.0664373015873016,1,1,0.343259391534392,1,1,1,0.996559523809524,0.996559523809524,0.996559523809524,0.343259391534392
"LDL-associated phospholipase A2",0.348795833333333,0.15502037037037,0.116265277777778,0.545734977324263,0.545734977324263,0.531498412698413,1,0.116265277777778,0.656068353174603,0.896903571428572,0.896903571428572
"Cytochrome P450 17A1",0.943409682539682,1,1,0.913512896825397,0.631154365079365,0.913512896825397,1,0.631154365079365,1,1,1
"Histone deacetylase 4",0.151856689342404,0,0.0110728835978836,1,0.0110728835978836,0.0747419642857143,1,0.110728835978836,0.0863684920634921,0.83046626984127,1
"Inhibitor of nuclear factor kappa B kinase epsilon subunit",0.979950198412698,1,1,0.979950198412698,1,0.979950198412698,0.979950198412698,0.979950198412698,0.979950198412698,0.979950198412698,0.979950198412698
"Phosphodiesterase 9A",1,1,1,0.930122222222222,0.930122222222222,0.930122222222222,1,0.0664373015873016,0.930122222222222,0.930122222222222,1
"Tyrosine-protein kinase TYK2",0.764028968253968,1,0.764028968253968,0.981795679012346,0.0996559523809524,0.764028968253968,0.764028968253968,0.747419642857143,0.809704613095238,0.809704613095238,1
"Steryl-sulfatase",0.188239021164021,0.232530555555556,0.188239021164021,0.232530555555556,0.232530555555556,0.727119356261023,1,0.656068353174603,1,0.188239021164021,0.465061111111111
"Nitric-oxide synthase, brain",0.265749206349206,0.741883201058201,1,0.741883201058201,1,1,0.741883201058201,1,0.741883201058201,1,0.265749206349206
"Cholesteryl ester transfer protein",1,1,0.365405158730159,1,1,1,1,1,1,1,1
"Protein kinase C epsilon",1,1,1,1,1,1,1,1,1,1,1
"Dual specificity mitogen-activated protein kinase kinase 1",0.764028968253968,0.764028968253968,0.680982341269841,0.39862380952381,1,0.87614191468254,1,0.967031834215168,0.87614191468254,0.841539153439153,0.841539153439153
"Adenosine kinase",0.415233134920635,1,0.415233134920635,0.415233134920635,1,1,1,0.415233134920635,1,1,1
"Hormone sensitive lipase",1,1,1,1,1,1,1,1,1,1,1
"Carbonic anhydrase IX",1,1,1,1,1,1,1,1,1,1,1
"Protein kinase C eta",0.963340873015873,1,1,0.963340873015873,1,1,1,1,1,1,1
"Cytochrome P450 2C19",1,0.0996559523809524,0.182702579365079,0.285680396825397,0.110728835978836,0.871989583333333,1,0.0996559523809524,1,0.659627494331066,0.409696693121693
"Quinone reductase 1)",1,0.265749206349206,1,1,1,1,1,1,0.697591666666667,1,1
"Casein kinase II alpha",1,1,1,1,1,1,1,1,1,1,1
"Opioid growth factor receptor-like protein 1",1,1,1,1,1,1,1,1,1,1,1
"Kininogen-1",0.514889087301587,0.743267311507936,0.514889087301587,1,0.743267311507936,1,1,0.514889087301587,0.514889087301587,0.743267311507936,0.743267311507936
"Acetyl-coenzyme A transporter 1",0.409696693121693,1,1,0.199311904761905,1,1,1,0.930122222222222,0.664373015873016,0.382014484126984,1
"Fibroblast growth factor receptor 1",1,0.318899047619048,0.149483928571429,1,0,0.398623809523809,0.522007369614512,0.265749206349206,1,0.318899047619048,0.564717063492064
"PI4-kinase alpha subunit",0.509352645502645,1,1,0.448451785714286,1,1,1,1,1,0.448451785714286,1
"Arachidonate 12-lipoxygenase",1,1,1,1,1,1,1,1,1,1,1
"Autotaxin",1,1,1,1,1,1,1,1,1,1,1
"ADAM17",1,1,0.863684920634921,0.946731547619048,0.498279761904762,0.991814002267574,1,0.498279761904762,1,0.808320502645503,0.946731547619048
"Prostanoid EP3 receptor",1,1,1,1,1,1,1,1,1,1,1
"Hepatocyte growth factor receptor",1,1,1,1,1,1,1,1,1,1,1
"Carbonic anhydrase IV",1,0.764028968253968,1,1,1,1,1,1,1,1,1
"11-beta-hydroxysteroid dehydrogenase 2",0.415233134920635,0.664373015873016,1,0.298967857142857,0.249139880952381,0.340491170634921,1,0.249139880952381,1,0.391980079365079,0.87614191468254
"Histamine H4 receptor",1,0.232530555555556,0.232530555555556,1,1,0.420769576719577,1,1,0.672677678571429,1,1
"Beta-glucosidase",1,1,1,1,0.797247619047619,1,1,1,1,0.797247619047619,1
"Urotensin II receptor",1,1,1,1,1,1,1,1,1,1,1
"Metabotropic glutamate receptor 1",1,1,1,1,1,0.647763690476191,1,1,0.647763690476191,1,1
"Dual specificity phosphatase Cdc25A",0.132874603174603,0.219243095238095,1,0.219243095238095,0.210384788359788,0.132874603174603,1,1,1,0.470597552910053,1
"Caspase-8",1,1,1,1,1,1,1,1,1,1,1
"Interleukin-1 receptor-associated kinase 4",0.913512896825397,0.913512896825397,1,1,0.348795833333333,0.348795833333333,1,0.453988227513228,1,0.73911498015873,1
"Histone acetyltransferase p300",0.0332186507936508,0.354332275132275,0.182702579365079,0.545734977324263,0.199311904761905,0.845565656565657,0.627002033730159,0.354332275132275,0.188239021164021,0.845565656565657,0.845565656565657
"Hydroxycarboxylic acid receptor 2",1,1,1,1,0.797247619047619,1,1,1,1,1,1
"Serine/threonine-protein kinase PLK4",0.597935714285714,0.654881972789116,1,0.61454503968254,0.61454503968254,0.61454503968254,1,1,0.597935714285714,0.61454503968254,1
"Melanocortin receptor 1",0.310040740740741,0.647763690476191,0.310040740740741,0.704235396825397,0.868430442176871,1,1,0.896903571428571,0.310040740740741,0.736346759259259,1
"Calcitonin gene-related peptide type 1 receptor",0.982322959183673,0.982322959183673,0.423537797619048,0.697591666666667,0.298967857142857,0.423537797619048,1,1,1,0.423537797619048,1
"T-cell protein-tyrosine phosphatase",0.083046626984127,0.352117698412698,0.776485962301587,0.352117698412698,0.625617923280423,0.083046626984127,1,0.321113624338624,1,0.776485962301587,0.786174735449735
"Cytosolic phospholipase A2",1,0.851227926587302,1,0.851227926587302,0.166093253968254,0.298967857142857,0.730810317460317,0.730810317460317,0.851227926587302,0.851227926587302,1
"Hexokinase type IV",1,0.522007369614512,0.232530555555556,0.406928472222222,0.406928472222222,0.91166741622575,1,0.522007369614512,0.522007369614512,0.527346081349206,0.232530555555556
"Serine/threonine-protein kinase NEK2",0.841539153439153,0.664373015873016,1,1,1,1,1,1,1,0.764028968253968,1
"LIM domain kinase 1",0.631154365079365,0.797247619047619,1,0.382014484126984,0.631154365079365,0.631154365079365,0.697591666666667,0.597935714285714,1,0.970722795414462,0.382014484126984
"Cathepsin L",0.967031834215168,0.749792403628118,0.749792403628118,0.834618601190476,0.749792403628118,0.749792403628118,1,0.749792403628118,0.749792403628118,0.749792403628118,1
"Protein kinase C mu",0.12180171957672,0.438486190476191,0.0332186507936508,0.787282023809524,0.083046626984127,0.752956084656085,0.647763690476191,0.465061111111111,0.438486190476191,0.559971541950113,1
"Protein-tyrosine phosphatase 2C",0.415233134920635,0.415233134920635,0.538880335097002,0.415233134920635,0.415233134920635,0.415233134920635,0.415233134920635,0.415233134920635,1,1,0.415233134920635
"Matrix metalloproteinase 14",1,1,1,0.747419642857143,0.747419642857143,1,0.747419642857143,0,0.747419642857143,0.747419642857143,1
"Heat shock protein HSP 90-alpha",1,0.874757804232804,1,0.874757804232804,0.874757804232804,0.874757804232804,1,0.874757804232804,0.874757804232804,1,1
"Sodium/glucose cotransporter 2",1,1,1,1,1,1,1,1,1,1,1
"Calpain 1",1,1,1,1,1,1,1,1,1,1,1
"Sphingosine 1-phosphate receptor Edg-3",0.581326388888889,0.525961970899471,0.340491170634921,0.926800357142857,0,0.525961970899471,0.91166741622575,0.149483928571429,1,0.287894973544974,0.581326388888889
"Bone morphogenetic protein 1",1,1,1,1,1,1,1,1,1,1,1
"Glutathione S-transferase Pi",0.42709693877551,0.42709693877551,0.42709693877551,1,0.0996559523809524,1,0.42709693877551,0.581326388888889,1,0.42709693877551,0.42709693877551
"Tyrosine-protein kinase Lyn",0.996559523809524,1,0.996559523809524,1,1,1,1,1,1,1,1
"Ribosomal protein S6 kinase alpha 2",1,1,1,1,1,1,1,0.597935714285714,1,1,1
"Carbonic anhydrase XIII",0.797247619047619,1,0.797247619047619,1,1,0.788942956349206,0.788942956349206,1,0.788942956349206,1,0.788942956349206
"Complement C1s",1,1,1,1,1,1,1,1,1,1,1
"Protein kinase C theta",0.265749206349206,0.305611587301587,0,1,0,0.393878287981859,0.305611587301587,0.406928472222222,1,0.326650066137566,0.583171869488536
"Heparanase",1,1,1,1,1,1,1,1,1,1,1
"Methionine aminopeptidase 2",1,1,1,1,1,1,1,1,1,1,1
"Serine/threonine-protein kinase Aurora-C",0.199311904761905,1,1,0.232530555555556,1,1,1,1,0.996559523809524,1,0.232530555555556
"Quinone reductase 2",1,0.210384788359788,0.0996559523809524,1,0.0996559523809524,0.85039746031746,1,1,1,0.323881845238095,1
"MAP kinase p38 beta",1,1,1,1,1,1,1,1,1,1,1
"Carbonic anhydrase VB",1,1,1,1,1,1,1,1,1,1,1
"GAR transformylase",1,0.880294246031746,0.770672698412698,0.770672698412698,1,0.880294246031746,0.770672698412698,1,0.770672698412698,0.880294246031746,0.770672698412698
"Proteinase-activated receptor 1",1,1,1,1,1,1,1,1,1,1,0.465061111111111
"Fructose-1,6-bisphosphatase",1,1,0.996559523809524,1,1,1,0.996559523809524,0.996559523809524,1,1,0.996559523809524
"Dipeptidyl peptidase II",1,1,1,1,1,1,1,1,1,1,1
"Peroxisome proliferator-activated receptor delta",1,1,1,0.631154365079365,0.783960158730159,1,1,0.783960158730159,0.783960158730159,1,0.631154365079365
"Serine/threonine-protein kinase 10",1,1,1,1,1,1,1,1,1,1,1
"Dual specificity protein kinase TTK",1,0.182702579365079,0.182702579365079,1,0.365405158730159,0.365405158730159,1,0.882667006802721,1,0.365405158730159,0.863684920634921
"Coagulation factor VII",0.390319146825397,0.0664373015873016,1,0.40336933106576,1,0.390319146825397,1,0.40336933106576,0.809704613095238,0.390319146825397,0.40336933106576
"PI3-kinase p110-alpha subunit",1,0.606240376984127,1,1,0.606240376984127,1,1,1,0.606240376984127,0.606240376984127,1
"Tyrosine-protein kinase ABL2",0.332186507936508,0.755724305555556,1,0.332186507936508,0.818009275793651,1,0.818009275793651,0.882139726631393,0.631154365079365,0.818009275793651,0.818009275793651
"C-C chemokine receptor type 2",1,1,1,1,1,1,1,0.365405158730159,1,0.365405158730159,1
"Glutamate receptor ionotropic, AMPA 2",0.680982341269841,0.680982341269841,0.680982341269841,0.680982341269841,0.680982341269841,1,1,0.680982341269841,1,0.680982341269841,0.680982341269841
"Neuropeptide Y receptor type 2",0.0996559523809524,0.517261848072562,1,0.332186507936508,0.149483928571429,0.332186507936508,0.40526753968254,1,1,0.448451785714286,0.930122222222222
"HMG-CoA reductase",1,1,0.348795833333333,1,0.348795833333333,1,0.788942956349206,1,1,0.697591666666667,1
"Signal transducer and activator of transcription 3",0.478348571428571,1,0.055364417989418,0.714200992063492,0.157788591269841,0.0332186507936508,1,0.0332186507936508,1,1,1
"Interleukin-8 receptor A",1,1,1,1,1,1,1,1,1,1,1
"Cyclin-dependent kinase 5",0.664373015873016,0.939181854256854,0.939181854256854,0.793556657848325,0.481670436507937,0.481670436507937,0.793556657848325,0.793556657848325,0.481670436507937,0.481670436507937,0.617866904761905
"MAP kinase ERK2",0.166093253968254,0.0996559523809524,1,0.166093253968254,0.398623809523809,0.778265532879819,1,0.398623809523809,1,1,0.398623809523809
"Cystic fibrosis transmembrane conductance regulator",0.12180171957672,0.207616567460317,0.40811485260771,1,0.12180171957672,0.40811485260771,1,0.12180171957672,0.292324126984127,0.61454503968254,1
"Chymase",0.811484183673469,1,0.811484183673469,0.811484183673469,1,0.811484183673469,1,1,0.811484183673469,0.811484183673469,0.811484183673469
"Casein kinase II alpha (prime)",1,1,1,1,1,1,1,1,1,1,1
"Cathepsin B",0.836506024531025,0.711828231292517,0.711828231292517,0.836506024531025,0.711828231292517,0.836506024531025,0.711828231292517,0.711828231292517,0.836506024531025,0.711828231292517,0.711828231292517
"Matrix metalloproteinase 7",0.777316428571429,1,0.777316428571429,0.943409682539682,0.777316428571429,0.943409682539682,0.943409682539682,0.943409682539682,0.841539153439153,0.777316428571429,0.777316428571429
"Bombesin receptor subtype-3",1,1,0.221457671957672,0.874757804232804,0.221457671957672,0.911140136054422,1,0.221457671957672,1,0.874757804232804,0.390319146825397
"LXR-beta",0.716573752834467,0.815702425044092,1,0.993237658730159,0.716573752834467,0.558073333333333,0.514889087301587,0.558073333333333,0.815702425044092,0.558073333333333,0.514889087301587
"Neurotensin receptor 1",1,0,0.716573752834467,0.716573752834467,0.0166093253968254,0.174397916666667,1,0.874757804232804,0.716573752834467,0.110728835978836,0.874757804232804
"Tyrosine-protein kinase TIE-2",0.677660476190476,0.677660476190476,1,0.677660476190476,1,1,1,0.166093253968254,0.979950198412698,0.677660476190476,1
"Fibroblast growth factor receptor 2",0.564717063492064,0.604579444444444,1,0.564717063492064,1,1,0.869221362433862,0.564717063492064,1,0.564717063492064,1
"Histone deacetylase 9",0.146162063492064,0.146162063492064,0.0664373015873016,0.223039512471655,0.0332186507936508,0.143947486772487,1,0.290663194444444,0.996559523809524,0.177166137566138,1
"Fatty acid synthase",1,0.806738662131519,0.806738662131519,1,1,0.806738662131519,0.806738662131519,0.806738662131519,1,0.806738662131519,0.806738662131519
"c-Jun N-terminal kinase 2",1,1,1,1,1,1,1,1,1,1,1
"Sodium channel protein type II alpha subunit",1,1,0.166093253968254,1,1,1,1,1,1,1,1
"Monoglyceride lipase",0.451773650793651,0.15502037037037,0.451773650793651,1,0.0996559523809524,0.0996559523809524,1,0.465061111111111,1,1,1
"Inhibitor of apoptosis protein 3",1,0.43184246031746,0.332186507936508,0.885830687830688,1,1,1,1,1,1,1
"Serine/threonine-protein kinase 2",0.946731547619048,1,1,1,0.564717063492064,0.564717063492064,0.810535079365079,0.810535079365079,1,1,0.810535079365079
"Dual specificity protein kinase CLK4",1,1,1,1,1,1,1,1,1,1,1
"MAP kinase signal-integrating kinase 2",1,1,1,1,1,1,1,1,1,1,1
"Proteasome component C5",1,1,1,0.755724305555556,0.755724305555556,0.755724305555556,1,0.755724305555556,1,1,1
"Tyrosine-protein kinase FRK",0.199311904761905,0.0664373015873016,0.448451785714286,1,0.207616567460317,0.448451785714286,0.650136451247166,1,1,0.207616567460317,1
"Dual specificty protein kinase CLK1",1,1,1,1,0.797247619047619,1,1,1,1,0.498279761904762,1
"Dual specificity protein kinase CLK2",0.996559523809524,0.43184246031746,1,1,1,1,1,1,1,0.996559523809524,1
"Lipoxin A4 receptor",1,0.166093253968254,1,1,1,1,1,1,1,1,0.647763690476191
"Estradiol 17-beta-dehydrogenase 3",0.820500674603175,0.182702579365079,0.182702579365079,1,0.182702579365079,0.503025283446712,0.820500674603175,0.69343933531746,0.503025283446712,0.503025283446712,0.182702579365079
"11-beta-hydroxysteroid dehydrogenase 1",1,1,0.0332186507936508,0.323881845238095,0.0332186507936508,1,1,0.0996559523809524,1,0.345473968253968,1
"Ribosomal protein S6 kinase alpha 5",1,1,0.132874603174603,1,0.398623809523809,1,1,1,1,0.398623809523809,1
"ALK tyrosine kinase receptor",1,1,1,1,1,1,1,1,1,1,1
"Hypoxia-inducible factor 1 alpha",0.524854682539683,0.524854682539683,1,1,0.498279761904762,0.524854682539683,1,0.524854682539683,1,0.974413756613757,1
"TGF-beta receptor type II",0.780638293650794,1,1,1,1,0.780638293650794,0.780638293650794,0.780638293650794,0.780638293650794,1,0.780638293650794
"Serine/threonine-protein kinase AKT",1,1,1,1,1,1,1,1,1,1,1
"Sodium channel protein type IX alpha subunit",0.581326388888889,0.905208234126984,0.581326388888889,0.905208234126984,0.905208234126984,0.96636075036075,0.905208234126984,0.905208234126984,0.906869166666667,0.906869166666667,0.905208234126984
"P-glycoprotein 1",0.992407192460317,0.0332186507936508,0.542571296296296,0.82097522675737,0.0332186507936508,0.481670436507937,1,0.542571296296296,1,0.0332186507936508,1
"Heat shock protein HSP 90-beta",1,0.919049338624339,0.919049338624339,0.919049338624339,1,1,1,1,1,1,1
"Calcium-activated potassium channel subunit alpha-1",1,1,0.838770932539683,1,0.531498412698413,1,1,0.838770932539683,1,1,0.838770932539683
"Intermediate conductance calcium-activated potassium channel protein 4",0.61454503968254,1,1,1,0.61454503968254,0.61454503968254,1,1,1,0.61454503968254,0.783960158730159
"Voltage-gated potassium channel subunit Kv1.5",0.199311904761905,0.141179265873016,0.116265277777778,0.141179265873016,0.0996559523809524,0.332186507936508,1,0.66806397707231,0.271285648148148,0.423537797619048,1
"Bradykinin B1 receptor",1,1,1,1,1,1,1,1,1,1,1
"Purinergic receptor P2Y1",1,1,1,1,1,1,1,1,1,1,1
"Sphingosine 1-phosphate receptor Edg-1",1,0.963340873015873,0.357100496031746,1,0.232530555555556,0.357100496031746,0.963340873015873,0.357100496031746,0.963340873015873,0.963340873015873,0.963340873015873
"Purine nucleoside phosphorylase",1,1,0.43184246031746,1,0.539803075396825,1,0.476133994708995,1,1,0.757385238095238,0.476133994708995
"Serine/threonine-protein kinase GAK",1,1,1,1,1,1,1,1,1,1,1
"Induced myeloid leukemia cell differentiation protein Mcl-1",0.0664373015873016,0.0996559523809524,0.581326388888889,0.470597552910053,0.257444543650794,0.574208106575964,0.605317636684303,0.930122222222222,0.257444543650794,0.470597552910053,1
"Dual-specificity tyrosine-phosphorylation regulated kinase 2",1,1,1,0.963340873015873,1,1,1,1,1,1,0.963340873015873
"Gastric inhibitory polypeptide receptor",0.0332186507936508,0.555226020408163,0.555226020408163,0,0.737454047619048,0.555226020408163,0.712355511463845,0.872744552669553,0.639459027777778,0.555226020408163,0.0442915343915344
"Matrix metalloproteinase 12",0.199311904761905,1,0.132874603174603,1,0.166093253968254,0.166093253968254,1,1,1,1,0.498279761904762
"Sphingosine kinase 1",0.282358531746032,1,1,0.282358531746032,0.775101851851852,1,1,1,1,1,1
"Phosphodiesterase 8B",0.191007242063492,0.0664373015873016,0.166093253968254,0.384387244897959,0.191007242063492,0.384387244897959,1,0.435994791666667,0.55364417989418,0.384387244897959,1
"Phosphodiesterase 10A",1,0.697591666666667,1,1,1,1,1,1,1,1,1
"Free fatty acid receptor 1",0.465061111111111,0.786174735449735,0.465061111111111,0.95503621031746,0.55364417989418,0.786174735449735,1,1,0.95503621031746,0.786174735449735,1
"Prostanoid DP receptor",1,0.544785873015873,0.531498412698413,1,0.544785873015873,0.544785873015873,1,0.544785873015873,1,1,1
"Neurokinin 3 receptor",1,0.199311904761905,1,1,1,1,1,1,1,1,1
"TGF-beta receptor type I",1,1,1,1,1,1,1,1,1,1,1
"C-X-C chemokine receptor type 3",0.697591666666667,0.697591666666667,1,0.697591666666667,1,0.747419642857143,1,1,1,1,1
"Vitamin K-dependent protein C",0.809704613095238,0.867375881834215,0.809704613095238,0.809704613095238,0.809704613095238,0.809704613095238,1,0.809704613095238,1,0.809704613095238,0.809704613095238
"Tyrosine-protein kinase FGR",0.647763690476191,0.647763690476191,0.647763690476191,0.21592123015873,0.647763690476191,0.756647045855379,0.647763690476191,1,1,0.199311904761905,0.43184246031746
"NAD-dependent deacetylase sirtuin 3",0.420769576719577,0.420769576719577,0.760707103174603,0.420769576719577,0.760707103174603,0.760707103174603,0.760707103174603,1,0.760707103174603,0.760707103174603,0.760707103174603
"NAD-dependent deacetylase sirtuin 2",0.810535079365079,1,0.61454503968254,1,0.199311904761905,0.243603439153439,1,0.199311904761905,1,1,1
"Acyl coenzyme A:cholesterol acyltransferase 2",1,1,1,1,1,1,1,1,1,1,1
"Voltage-gated N-type calcium channel alpha-1B subunit",1,1,1,1,1,1,1,1,1,1,1
"Nitric oxide synthase, inducible",1,0.896903571428571,1,1,1,1,1,1,0.896903571428571,1,1
"Serine/threonine-protein kinase PAK 4",0.578953628117914,1,1,1,0.465061111111111,0.265749206349206,1,0.509352645502645,0.509352645502645,0.509352645502645,0.509352645502645
"Ribosomal protein S6 kinase 1",1,0.880294246031746,1,1,1,0.880294246031746,1,1,1,0.941195105820106,1
"NAD-dependent deacetylase sirtuin 1",0.790603888888889,0.889521649029982,0.620081481481481,0.889521649029982,0.790603888888889,1,1,0.620081481481481,0.620081481481481,0.863684920634921,0.889521649029982
"Glutaminyl-peptide cyclotransferase",0.710879126984127,0.710879126984127,0.192668174603175,1,0,0.0996559523809524,0.710879126984127,0.192668174603175,0.710879126984127,0.192668174603175,0.710879126984127
"Serine/threonine-protein kinase PIM2",1,1,1,1,1,1,1,1,1,1,1
"TRAF2- and NCK-interacting kinase",1,0.616917800453515,0.616917800453515,0.442915343915344,0.232530555555556,0.43184246031746,0.616917800453515,0.815702425044092,0.815702425044092,0.616917800453515,1
"Coagulation factor XIII",1,0.730810317460317,1,1,1,1,1,1,0.265749206349206,1,1
"5-lipoxygenase activating protein",1,1,0.597935714285714,1,1,1,1,1,0.597935714285714,1,1
"Neuropeptide Y receptor type 5",1,1,1,1,1,1,1,1,1,1,1
"Kinesin-like protein 1",0.956697142857143,1,1,1,0.298967857142857,0.956697142857143,1,0.149483928571429,1,0.149483928571429,1
"Matrix metalloproteinase 8",0.43184246031746,0.43184246031746,0.597935714285714,0.476133994708995,0.657729285714286,1,1,1,0.802784060846561,1,1
"C-C chemokine receptor type 8",1,1,1,1,1,1,1,1,1,1,1
"Tyrosine kinase non-receptor protein 2",1,1,1,1,0.647763690476191,0.647763690476191,1,1,1,1,1
"Serine/threonine-protein kinase PAK 1",1,0.581326388888889,1,0.581326388888889,1,1,1,0.581326388888889,1,1,0.581326388888889
"Tyrosine-protein kinase BRK",0.312255317460317,0.312255317460317,0.756647045855379,0.370150680272109,0.884824062049062,0.370150680272109,0.780638293650794,0.312255317460317,0.312255317460317,0.756647045855379,0.312255317460317
"Melanocortin receptor 5",0.719737433862434,1,0.265749206349206,0.719737433862434,0.934867743764172,0.934867743764172,1,0.896903571428572,1,1,0.896903571428572
"Ghrelin receptor",0.21592123015873,0.43184246031746,0.43184246031746,0.43184246031746,0.0664373015873016,0.510736755952381,0.907976455026455,0.43184246031746,1,0.43184246031746,1
"Phenylethanolamine N-methyltransferase",0.714200992063492,0.730810317460317,1,0.282358531746032,0.730810317460317,1,1,0.498279761904762,1,1,0.132874603174603
"Leukotriene A4 hydrolase",0.398623809523809,0.527346081349206,0.498279761904762,0.398623809523809,1,0.507770804988662,1,0.199311904761905,0.764028968253968,0.465061111111111,0.465061111111111
"Apoptosis regulator Bcl-X",1,1,1,1,1,1,1,1,1,1,1
"Serine/threonine-protein kinase Chk1",0.901055902777778,0.710879126984127,0.710879126984127,1,0.298967857142857,0.901055902777778,1,0.609008597883598,0.901055902777778,0.448451785714286,1
"Voltage-gated potassium channel subunit Kv1.3",0.531498412698413,1,0.89136712962963,0.0664373015873016,1,0.89136712962963,1,0.89136712962963,1,1,0.481670436507937
"Voltage-gated T-type calcium channel alpha-1G subunit",0.930122222222222,1,0.930122222222222,0.930122222222222,0.930122222222222,1,0.930122222222222,0.930122222222222,1,1,0.930122222222222
"Melanocortin receptor 3",1,0.755724305555556,1,1,1,1,1,1,0.755724305555556,0.755724305555556,0.755724305555556
"Dipeptidyl peptidase VIII",0.697591666666667,0.415233134920635,0.415233134920635,0.697591666666667,0.232530555555556,0.697591666666667,0.697591666666667,0.415233134920635,0.697591666666667,0.697591666666667,0.857645165945166
"Lymphocyte differentiation antigen CD38",0.737454047619048,0.737454047619048,1,1,0.737454047619048,1,1,0.737454047619048,1,0.869221362433862,0.737454047619048
"Proteasome Macropain subunit MB1",0.365405158730159,0.842923263888889,0.842923263888889,0.842923263888889,0.842923263888889,0.9331420995671,0.842923263888889,0.9331420995671,0.842923263888889,0.9331420995671,0.842923263888889
"Apoptosis regulator Bcl-W",1,1,1,1,1,1,1,1,1,1,1
"Aldo-keto-reductase family 1 member C3",0.83046626984127,0.520425529100529,0.520425529100529,1,0.73911498015873,0.520425529100529,1,1,1,1,1
"Fibroblast activation protein alpha",0,0.205955634920635,0.0332186507936508,0.0775101851851852,0.205955634920635,0.884824062049062,0.456756448412698,0.800569484126984,0.456756448412698,0.456756448412698,0.623772442680776
"Indoleamine 2,3-dioxygenase",0.0664373015873016,0.0083046626984127,0.157788591269841,0.826775308641975,0,0.0083046626984127,0.156602210884354,0,1,0.0132874603174603,1
"Malonyl-CoA decarboxylase",0.988254861111111,1,0.934867743764172,0.934867743764172,0.697591666666667,1,0.934867743764172,0.934867743764172,0.697591666666667,0.934867743764172,1
"Isoprenylcysteine carboxyl methyltransferase",1,1,1,0.719737433862434,1,1,1,0.719737433862434,0.719737433862434,1,1
"Serine/threonine-protein kinase Aurora-A",1,0.586862830687831,0.855380257936508,1,0.586862830687831,1,1,1,1,1,0.586862830687831
"C3a anaphylatoxin chemotactic receptor",0.857041190476191,0.857041190476191,0.520425529100529,1,0.520425529100529,0.520425529100529,1,1,1,1,1
"Vesicular acetylcholine transporter",1,1,1,1,1,1,1,1,1,1,1
"Geranylgeranyl pyrophosphate synthetase",0.790603888888889,1,0.531498412698413,1,0.790603888888889,0.790603888888889,0.996559523809524,0.790603888888889,0.996559523809524,1,1
"Neuropeptide Y receptor type 1",0.0664373015873016,0.498279761904762,0.298967857142857,0.0664373015873016,0.166093253968254,0.498279761904762,1,1,1,0.338830238095238,1
"Carbonic anhydrase VA",0.61454503968254,1,0.0664373015873016,0.860363055555556,0.61454503968254,0.704973589065256,0.489975099206349,0.498279761904762,0.489975099206349,0.21592123015873,0.498279761904762
"Endothelin-converting enzyme 1",1,0.896903571428571,0.166093253968254,1,1,1,1,0.597935714285714,1,1,1
"Orexin receptor 2",0.417078615520282,0.417078615520282,0.518210952380952,0.417078615520282,0.417078615520282,0.417078615520282,0.685512157287157,0.417078615520282,0.417078615520282,0.417078615520282,0.417078615520282
"Dipeptidyl peptidase IX",1,1,0.631154365079365,0.631154365079365,0.880294246031746,1,1,0.631154365079365,1,1,1
"Vanilloid receptor",1,1,1,1,1,1,1,1,1,1,1
"Caspase-1",1,1,1,1,1,1,1,1,1,1,1
"Nitric-oxide synthase, endothelial",1,0.61454503968254,0.132874603174603,0.61454503968254,0.232530555555556,0.61454503968254,0.609008597883598,0.149483928571429,0.524854682539683,0.61454503968254,0.524854682539683
"Dual specificity phosphatase Cdc25B",1,0.365405158730159,0.6754458994709,1,0.365405158730159,0.584648253968254,1,0.365405158730159,0.688100623582766,0.584648253968254,1
"P2X purinoceptor 7",0.365405158730159,0.378692619047619,1,0.378692619047619,1,0.378692619047619,1,1,1,1,0.378692619047619
"Serine/threonine-protein kinase AKT3",1,1,1,1,1,1,1,1,1,1,1
"Beta-secretase 1",1,1,1,1,1,1,1,1,1,1,1
"Acetyl-CoA carboxylase 2",1,0.232530555555556,1,1,1,0.963340873015873,1,1,1,1,1
"L-lactate dehydrogenase A chain",0.717522857142857,0.717522857142857,0.717522857142857,0.717522857142857,1,1,0.717522857142857,1,1,1,1
"C-X3-C chemokine receptor 1",0.409696693121693,0.409696693121693,0.631154365079365,0.967031834215168,1,0.631154365079365,0.409696693121693,0.631154365079365,1,0.631154365079365,0.631154365079365
"Eukaryotic translation initation factor",0.0332186507936508,0.194566383219955,0.132874603174603,0.0442915343915344,0.186024444444444,0.194566383219955,0.494127430555556,1,1,0.0442915343915344,0.889521649029982
"Apoptosis regulator Bcl-2",1,1,1,1,1,1,1,1,1,1,1
"Cytochrome P450 1B1",1,1,1,1,1,1,1,1,1,1,1
"Tyrosine-protein kinase receptor UFO",0.725273875661376,0.348795833333333,0.873175963718821,0.725273875661376,0.348795833333333,0.348795833333333,1,1,1,0.348795833333333,1
"Neurotrophic tyrosine kinase receptor type 2",1,1,1,1,1,1,1,1,1,1,1
"Mitogen-activated protein kinase kinase kinase 8",1,1,1,1,1,1,1,1,1,1,1
"Low molecular weight phosphotyrosine protein phosphatase",1,0.808320502645503,1,1,1,1,1,0.808320502645503,1,0.808320502645503,1
"Casein kinase I epsilon",0.640645408163265,1,0.415233134920635,0.265749206349206,0.603472156084656,0.603472156084656,0.415233134920635,1,1,0.913512896825397,0.415233134920635
"L-lactate dehydrogenase B chain",0.754537925170068,0.631154365079365,0.531498412698413,0.631154365079365,1,0.754537925170068,1,0.754537925170068,1,1,0.754537925170068
"S-methyl-5-thioadenosine phosphorylase",1,1,1,1,1,1,1,1,1,1,1
"Proto-oncogene c-JUN",0.106299682539683,0.0664373015873016,0.537034854497355,0.856302998236332,0.0332186507936508,0.0885830687830688,1,0.740301360544218,0.856302998236332,0.106299682539683,1
"Sodium/glucose cotransporter 1",0.955958950617284,0.481670436507937,0.955958950617284,0.955958950617284,0.481670436507937,0.955958950617284,0.955958950617284,1,0.955958950617284,0.955958950617284,1
"Transketolase",0.764028968253968,0.882667006802721,0.882667006802721,0.882667006802721,1,1,1,0.882667006802721,0.882667006802721,0.882667006802721,1
"Serine/threonine-protein kinase RIPK2",0.919049338624339,1,1,0.919049338624339,1,1,1,1,1,1,0.919049338624339
"p53-binding protein Mdm-2",1,0.166093253968254,1,1,1,1,1,1,1,1,1
"Serine-protein kinase ATR",1,1,1,1,0.847075595238095,1,1,0.597935714285714,1,1,1
"ADAM10",1,0.116265277777778,0.578004523809524,0.996559523809524,0.578004523809524,0.939613265306122,0.802784060846561,0.0664373015873016,1,1,0.578004523809524
"Endoplasmic reticulum aminopeptidase 2",0.642227248677249,0.783011054421769,0.642227248677249,0.913512896825397,0.564717063492064,0.642227248677249,0.642227248677249,1,1,0.642227248677249,1
"G protein-coupled receptor 44",1,1,1,1,1,1,1,1,1,1,1
"Endothelial lipase",1,1,1,1,1,1,1,1,1,1,1
"Histone deacetylase 10",0.658836574074074,0.658836574074074,0.863684920634921,1,0.481670436507937,0.658836574074074,0.84944835600907,1,0.963340873015873,0.39862380952381,0.658836574074074
"GABA receptor alpha-5 subunit",0.920631179138322,0.780638293650794,1,0.780638293650794,1,0.907976455026455,0.920631179138322,1,1,0.920631179138322,0.920631179138322
"Orexin receptor 1",0.904285493827161,0.664373015873016,1,0.664373015873016,1,0.476133994708995,0.476133994708995,0.664373015873016,0.904285493827161,0.476133994708995,0.664373015873016
"Discoidin domain-containing receptor 2",1,1,1,1,1,1,1,1,1,1,1
"Metabotropic glutamate receptor 2",0.055364417989418,0.055364417989418,0.055364417989418,0.6754458994709,0.305611587301587,0.240835218253968,1,1,0.697591666666667,0.941195105820106,0.772333630952381
"Cytochrome P450 26A1",1,0.0442915343915344,0.42519873015873,0.43184246031746,0.0332186507936508,0.0332186507936508,1,0.348795833333333,1,0.43184246031746,1
"Serine/threonine-protein kinase B-raf",1,1,1,1,1,1,1,1,1,1,1
"Ephrin type-B receptor 4",1,0.963340873015873,0.963340873015873,1,0.963340873015873,0.963340873015873,1,1,1,1,1
"Neuropilin-1",1,0.0332186507936508,1,0.803891349206349,0.803891349206349,0.803891349206349,1,1,1,0.803891349206349,1
"dUTP pyrophosphatase",1,1,1,1,1,1,1,1,1,1,1
"Serine/threonine-protein kinase ILK-1",0.132874603174603,0.730810317460317,1,0.743267311507936,0.0664373015873016,0.132874603174603,1,0.132874603174603,1,0.132874603174603,0.509352645502645
"Tyrosine-protein kinase BTK",0.509352645502645,1,1,1,1,1,1,0.43184246031746,0.43184246031746,1,1
"Serine/threonine-protein kinase TNNI3K",1,0.631154365079365,1,1,1,1,1,1,1,1,1
"Cytochrome P450 2A6",1,0.0664373015873016,1,1,1,1,1,1,1,1,1
"Mitogen-activated protein kinase kinase kinase 5",1,1,1,1,1,1,1,1,1,1,1
"Tyrosine-protein kinase receptor TYRO3",1,1,1,1,1,1,1,1,1,1,1
"Epithelial discoidin domain-containing receptor 1",1,1,1,1,1,1,1,1,1,1,1
"Proto-oncogene tyrosine-protein kinase MER",1,1,1,1,1,1,1,1,1,1,1
"Baculoviral IAP repeat-containing protein 3",0.711828231292517,0.0996559523809524,0.888598908730159,1,0,0.404160251322751,1,0.404160251322751,0.404160251322751,0.0498279761904762,1
"Poly [ADP-ribose] polymerase 2",1,1,1,1,1,1,1,1,1,1,1
"P-selectin",0.116265277777778,0.172736984126984,0.227785034013605,0.369557490079365,0.0332186507936508,0.172736984126984,0.893212610229277,0.172736984126984,1,0.227785034013605,1
"ATP-binding cassette sub-family G member 2",1,0.564717063492064,1,1,1,1,1,1,1,1,1
"Pituitary adenylate cyclase-activating polypeptide type I receptor",0.373709821428571,0.132874603174603,0.427690128968254,0.427690128968254,0.243603439153439,1,0.620081481481482,0.427690128968254,0.654407420634921,0.243603439153439,0.427690128968254
"Serine/threonine-protein kinase PIM3",1,0.885830687830688,0.885830687830688,1,1,1,1,1,1,0.885830687830688,1
"G-protein coupled bile acid receptor 1",1,0.885830687830688,1,0.991023082010582,1,0.885830687830688,0.991023082010582,0.885830687830688,1,1,0.92181755952381
"Metastin receptor",1,0.83046626984127,1,1,1,1,1,1,1,1,1
"Cell division cycle 7-related protein kinase",1,0.298967857142857,1,1,1,1,1,1,1,1,1
"Sodium channel protein type X alpha subunit",0.913512896825397,0.685134672619048,0.685134672619048,0.685134672619048,0.685134672619048,0.685134672619048,0.685134672619048,1,0.863684920634921,0.685134672619048,0.685134672619048
"Baculoviral IAP repeat-containing protein 2",0.84944835600907,0.959649911816579,0.84944835600907,0.959649911816579,0.84944835600907,0.84944835600907,1,0.84944835600907,0.84944835600907,0.84944835600907,1
"Receptor-interacting serine/threonine-protein kinase 1",1,0.514889087301587,1,1,1,0.988254861111111,1,0.988254861111111,1,0.332186507936508,1
"Protein tyrosine kinase 2 beta",0.996559523809524,0.996559523809524,0.996559523809524,1,0.797247619047619,0.996559523809524,1,0.996559523809524,1,0.996559523809524,1
"Perforin-1",1,1,1,1,1,1,1,1,1,1,1
"D-amino-acid oxidase",0.0996559523809524,1,1,0.0996559523809524,1,1,1,1,1,1,0.6754458994709
"Serine/threonine-protein kinase WEE1",1,1,0.703128108465608,1,0.703128108465608,1,0.703128108465608,0.631154365079365,0.703128108465608,1,0.703128108465608
"Histone acetyltransferase PCAF",0.243603439153439,0.664373015873016,0.243603439153439,0.578004523809524,0.243603439153439,0.892751240079365,0.948241486291486,0.916834761904762,0.578004523809524,0.892751240079365,0.916834761904762
"Secreted frizzled-related protein 1",1,1,1,1,1,1,1,1,1,0.298967857142857,1
"Transient receptor potential cation channel subfamily V member 3",1,0.166093253968254,0.199311904761905,0.378692619047619,0.199311904761905,1,0.768181299603175,1,0.459524669312169,0.692846145124717,0.199311904761905
"Protein-arginine N-methyltransferase 1",1,1,1,1,1,1,1,1,1,1,1
"Nuclear factor NF-kappa-B p65 subunit",1,0.764028968253968,0.764028968253968,1,1,1,1,1,1,1,1
"Dual specificity tyrosine-phosphorylation-regulated kinase 1B",0.212599365079365,0.212599365079365,1,0.682827821869489,0.271285648148148,0.0996559523809524,1,0.212599365079365,0.212599365079365,0.635306696428571,0.635306696428571
"Acyl-CoA desaturase",0.778265532879819,0.393087367724868,1,1,0.298967857142857,0.132874603174603,1,0.132874603174603,1,0.298967857142857,0.298967857142857
"Proto-oncogene tyrosine-protein kinase ROS",1,0.372048888888889,0.365405158730159,1,0.365405158730159,0.365405158730159,1,0.365405158730159,1,0.703128108465608,1
"Lysyl-tRNA synthetase",1,1,1,1,1,1,1,1,1,1,1
"DNA-(apurinic or apyrimidinic site) lyase",1,1,1,0.265749206349206,1,1,1,1,1,1,1
"Glucose-dependent insulinotropic receptor",1,1,0.857041190476191,1,0.132874603174603,0.166093253968254,1,0.132874603174603,1,0.857041190476191,1
"Prostaglandin E synthase",0.152805793650794,0.152805793650794,1,0.271285648148148,0.0332186507936508,0.152805793650794,1,1,0.896903571428571,0.152805793650794,0.389132766439909
"G protein-coupled receptor kinase 5",0.571360793650794,0.166093253968254,0.182702579365079,0.967493204365079,0.373709821428571,1,1,0.354332275132275,1,0.967493204365079,0.967493204365079
"Egl nine homolog 1",1,1,1,1,1,1,1,1,1,1,1
"Elongation of very long chain fatty acids protein 6",0.722505654761905,0.722505654761905,1,0.722505654761905,0.722505654761905,1,0.722505654761905,0.664373015873016,0.722505654761905,0.664373015873016,1
"Glucagon",1,0.764028968253968,0.764028968253968,1,1,1,1,1,1,1,1
"CREB-binding protein",1,1,0.597935714285714,1,0.597935714285714,1,1,1,1,1,1
"Mitogen-activated protein kinase kinase kinase 7",1,1,0.597935714285714,1,1,1,1,1,1,1,1
"Interferon-induced, double-stranded RNA-activated protein kinase",0.704235396825397,0.704235396825397,1,0.704235396825397,1,1,1,1,0.704235396825397,1,0.704235396825397
"Aldo-keto reductase family 1 member C2",1,0.930122222222222,0.930122222222222,0.930122222222222,0.930122222222222,1,1,1,0.930122222222222,0.930122222222222,0.930122222222222
"Trace amine-associated receptor 1",0.905208234126984,0.911140136054422,0.653300132275132,1,0.465061111111111,0.465061111111111,1,1,1,0.911140136054422,0.911140136054422
"Nuclear receptor ROR-alpha",0.933813183421517,0.933813183421517,0.764028968253968,0.933813183421517,0.933813183421517,1,0.933813183421517,1,0.764028968253968,0.933813183421517,0.933813183421517
"Heat shock factor protein 1",1,1,1,1,1,1,1,1,1,1,1
"Hematopoietic prostaglandin D synthase",1,0.903547301587302,1,1,0.896903571428571,0.896903571428571,1,1,0.896903571428571,0.896903571428571,1
"Aldo-keto reductase family 1 member C1",0.910191031746032,1,0.714200992063492,1,0.714200992063492,0.910191031746032,1,1,1,0.910191031746032,1
"Bifunctional protein NCOAT",0.888598908730159,0.780638293650794,0.888598908730159,0.951261363636364,0.780638293650794,0.888598908730159,0.888598908730159,0.888598908730159,0.900225436507937,0.888598908730159,0.900225436507937
"LIM domain kinase 2",0.657729285714286,0.465061111111111,0.996559523809524,1,0.39862380952381,0.465061111111111,1,0.657729285714286,1,1,1
"Serine/threonine-protein kinase PLK2",0.834618601190476,1,1,0.834618601190476,0.834618601190476,0.365405158730159,1,0.834618601190476,0.365405158730159,0.834618601190476,0.834618601190476
"Neuropeptide FF receptor 1",0.524854682539683,0.524854682539683,1,1,0.481670436507937,0.481670436507937,0.836002711640212,1,0.958595351473923,0.524854682539683,1
"Neuropeptide FF receptor 2",1,1,1,0.935658664021164,0.935658664021164,0.935658664021164,1,0.935658664021164,1,0.935658664021164,0.935658664021164
"IgG receptor FcRn large subunit p51",1,1,1,1,0.930122222222222,1,0.930122222222222,0.930122222222222,1,0.930122222222222,1
"Smoothened homolog",0.292324126984127,1,0.292324126984127,0.292324126984127,0.292324126984127,0.292324126984127,1,1,1,1,1
"Aldo-keto reductase family 1 member B10",1,1,1,1,1,1,1,1,1,1,1
"Serine/threonine-protein kinase 33",1,0.0996559523809524,0.6754458994709,1,0.232530555555556,0.988254861111111,1,1,1,1,1
"Transient receptor potential cation channel subfamily A member 1",1,1,1,1,0.996559523809524,1,1,0.996559523809524,0.365405158730159,1,1
"Diacylglycerol O-acyltransferase 1",0.780638293650794,1,0.775101851851852,0.697591666666667,0.775101851851852,1,1,0.852612037037037,1,1,0.852612037037037
"Histone-lysine N-methyltransferase, H3 lysine-9 specific 3",0.465061111111111,1,1,0.465061111111111,1,0.465061111111111,1,0.465061111111111,1,1,0.465061111111111
"Lysine-specific histone demethylase 1",0.790603888888889,0.790603888888889,0.790603888888889,0.790603888888889,0.790603888888889,0.790603888888889,0.872744552669553,0.790603888888889,0.790603888888889,0.790603888888889,0.790603888888889
"Alpha-synuclein",1,0.836002711640212,0.81717880952381,0.81717880952381,0.81717880952381,0.81717880952381,1,1,1,0.81717880952381,1
"Tankyrase-2",1,1,0.813856944444445,1,1,1,1,0.597935714285714,0.332186507936508,1,0.813856944444445
"Tankyrase-1",1,1,1,1,1,1,1,1,1,1,1
"Mitogen-activated protein kinase kinase kinase kinase 4",1,1,1,1,1,1,1,1,1,1,1
"Lysine-specific demethylase 4C",1,1,1,1,1,1,1,1,1,1,1
