"","EGFR","Hypoxia","JAK.STAT","MAPK","NFkB","PI3K","TGFb","TNFa","Trail","VEGF","p53"
"Arginase-1",0.188,0.301,0.268,0.455,0.395,0.423,0.301,0.145,0.412,0.209,0.13
"Leucine-rich repeat serine/threonine-protein kinase 2",0.026,0.38,0.002,0.36,0,0.076,0.382,0.007,0.147,0.013,0.547
"Tyrosyl-DNA phosphodiesterase 1",0.478,0.24,0.33,0.179,0.539,0.2,0.243,0.14,0.467,0.113,0.397
"Transitional endoplasmic reticulum ATPase",0.121,0.025,0.113,0.228,0.022,0.119,0.308,0.443,0.252,0.01,0.362
"Glucokinase regulatory protein",0.019,0.286,0.004,0.311,0.143,0.313,0.076,0.321,0.466,0.356,0.205
"Pyruvate kinase isozymes M1/M2",0.207,0.225,0.203,0.446,0.385,0.339,0.156,0.297,0.337,0.358,0.196
"Transient receptor potential cation channel subfamily M member 8",0.11,0.009,0.065,0.529,0.022,0.038,0.085,0.13,0.365,0.148,0.126
"G-protein coupled receptor 55",0.28,0.022,0.554,0.308,0.292,0.102,0.331,0.055,0.371,0.179,0.406
"Endoplasmin",0.421,0,0.011,0.306,0.004,0.037,0.372,0.305,0.535,0.013,0.303
"Serine/threonine-protein kinase/endoribonuclease IRE1",0.271,0.164,0.203,0.388,0.092,0.222,0.292,0.241,0.393,0.29,0.06
"NADPH oxidase 4",0.172,0.134,0.082,0.293,0.049,0.063,0.263,0.206,0.316,0.179,0.288
"Ketohexokinase",0.057,0.197,0.366,0.272,0.022,0.517,0.431,0.016,0.235,0.009,0.521
"Lethal(3)malignant brain tumor-like protein 1",0.105,0.007,0.368,0.006,0.018,0.165,0.199,0.094,0.439,0.228,0.452
"Microtubule-associated protein tau",0.356,0.186,0.029,0.37,0.163,0.164,0.423,0.153,0.128,0.414,0.313
"15-hydroxyprostaglandin dehydrogenase [NAD+]",0.164,0.033,0.383,0.212,0.475,0.427,0.369,0.373,0.423,0.269,0.243
"G-protein coupled receptor 35",0.56,0.328,0.039,0.055,0.134,0.325,0.56,0.191,0.314,0.294,0.103
"ATP-sensitive inward rectifier potassium channel 1",0.404,0.006,0.501,0.278,0.26,0.427,0.289,0.085,0.057,0.203,0.518
"Neuropeptides B/W receptor type 1",0.362,0.072,0.105,0.102,0.084,0.509,0.427,0.172,0.133,0.237,0.18
"Nuclear receptor ROR-gamma",0.007,0.137,0.02,0.038,0.067,0.264,0.257,0.297,0.173,0.474,0.033
"DNA topoisomerase I",0.051,0.08,0.06,0.236,0.062,0.395,0.109,0.304,0.357,0.444,0.131
"Farnesyl diphosphate synthase",0.341,0.215,0.014,0.172,0.032,0.266,0.386,0.412,0.316,0.385,0.173
"Glucagon-like peptide 1 receptor",0.456,0.497,0.351,0.272,0.416,0.249,0.354,0.313,0.297,0.42,0.152
"Endothelin receptor ET-B",0.256,0.059,0.219,0.061,0.065,0.468,0.259,0.019,0.496,0.031,0.314
"Steroid 5-alpha-reductase 1",0.288,0.282,0.132,0.164,0.005,0.093,0.401,0.036,0.578,0.217,0.325
"Vasopressin V2 receptor",0.162,0.23,0.07,0.075,0.276,0.274,0.332,0.078,0.334,0.384,0.194
"Somatostatin receptor 5",0.382,0.274,0.071,0.19,0.1,0.414,0.345,0.004,0.32,0.048,0.495
"Histone-lysine N-methyltransferase, H3 lysine-79 specific",0.494,0.256,0.4,0.425,0.402,0.196,0.189,0.33,0.212,0.205,0.406
"Bromodomain-containing protein 3",0.379,0.091,0.582,0.274,0.383,0.54,0.329,0.374,0.333,0.477,0.238
"Cysteinyl leukotriene receptor 1",0.394,0.454,0.046,0.052,0.196,0.394,0.111,0.033,0.204,0.032,0.124
"Plasminogen",0.378,0.228,0.075,0.035,0.061,0.243,0.437,0.1,0.36,0.252,0.409
"Leukocyte adhesion glycoprotein LFA-1 alpha",0.192,0.067,0.099,0.346,0.24,0.45,0.29,0.3,0.179,0.457,0.31
"Somatostatin receptor 2",0.298,0.089,0.198,0.291,0.076,0.413,0.014,0.033,0.416,0.031,0.061
"Muscarinic acetylcholine receptor M4",0.121,0.101,0.196,0.076,0.182,0.213,0.251,0.41,0.492,0.345,0.562
"Inosine-5'-monophosphate dehydrogenase 1",0.207,0.036,0.489,0.413,0.39,0.057,0.07,0.255,0.378,0.119,0.402
"Receptor protein-tyrosine kinase erbB-2",0.355,0.304,0.022,0.404,0.297,0.175,0.397,0.53,0.279,0.073,0.375
"TNF-alpha",0.293,0.018,0.496,0.008,0.302,0.521,0.383,0.031,0.184,0.143,0.084
"Phosphodiesterase 5A",0.395,0.015,0.262,0.128,0.16,0.214,0.204,0.223,0.042,0.273,0.328
"Serotonin 2b (5-HT2b) receptor",0.004,0.206,0.226,0.004,0.007,0.063,0.372,0.393,0.071,0.003,0.262
"Thromboxane-A synthase",0.126,0.094,0.529,0.019,0.492,0.288,0.23,0.392,0.329,0.549,0.259
"Prostanoid EP4 receptor",0.462,0.231,0.044,0.525,0.006,0.212,0.211,0.053,0.381,0.209,0.119
"Dopamine D5 receptor",0.381,0.437,0.418,0.135,0.027,0.429,0.442,0.093,0.25,0.462,0.363
"Somatostatin receptor 4",0.019,0.318,0.006,0.382,0.004,0.061,0.058,0.004,0.14,0.069,0.236
"Gonadotropin-releasing hormone receptor",0.352,0.279,0.064,0.031,0.199,0.051,0.285,0.241,0.142,0.279,0.244
"4-hydroxyphenylpyruvate dioxygenase",0.162,0.023,0.09,0.246,0.032,0.044,0.299,0.439,0.348,0.404,0.195
"Tyrosine-protein kinase ABL",0.011,0.104,0.129,0.15,0.004,0.226,0.283,0.027,0.064,0.083,0.437
"Vascular endothelial growth factor receptor 1",0.007,0.005,0.445,0.032,0.167,0.02,0.217,0.354,0.29,0.337,0.009
"Tissue-type plasminogen activator",0.002,0.001,0.31,0.002,0.152,0.023,0.15,0.327,0.255,0.165,0.241
"Calcium sensing receptor",0.388,0.027,0.213,0.433,0.205,0.064,0.355,0.141,0.061,0.413,0.056
"Neuronal acetylcholine receptor protein alpha-4 subunit",0.192,0.199,0.196,0.156,0.475,0.472,0.454,0.248,0.11,0.447,0.473
"Potassium channel, inwardly rectifying, subfamily J, member 11",0.29,0.159,0.144,0.018,0.317,0.107,0.182,0.189,0.546,0.334,0.226
"Vasopressin V1a receptor",0.055,0.226,0.426,0.227,0.35,0.38,0.392,0.509,0.185,0.119,0.081
"Glutamate carboxypeptidase II",0.05,0.141,0.084,0.054,0.176,0.158,0.477,0.284,0.274,0.387,0.369
"Serotonin 1b (5-HT1b) receptor",0.142,0.017,0.229,0.093,0.06,0.088,0.212,0.061,0.242,0.027,0.229
"Serotonin 3a (5-HT3a) receptor",0.001,0.004,0.442,0.056,0.394,0.074,0.276,0.197,0.078,0.105,0.099
"Aldose reductase",0.253,0.014,0.135,0.401,0.001,0.165,0.125,0.069,0.568,0.01,0.046
"Glutamate [NMDA] receptor subunit epsilon 2",0.007,0.444,0.137,0.278,0.359,0.153,0.411,0.439,0.102,0.329,0.065
"Serine/threonine-protein kinase RAF",0.165,0.44,0.046,0.136,0.24,0.523,0.3,0.018,0.536,0.167,0.331
"Aminopeptidase N",0.069,0.409,0.061,0.162,0.261,0.256,0.062,0.482,0.335,0.253,0.222
"Cytochrome P450 11B1",0.492,0.217,0.012,0.034,0.004,0.315,0.019,0.023,0.148,0.084,0.014
"Butyrylcholinesterase",0.421,0.576,0.412,0.169,0.088,0.381,0.202,0.042,0.307,0.156,0.112
"Alpha-2c adrenergic receptor",0.328,0.185,0.177,0.061,0.017,0.151,0.113,0.122,0.507,0.307,0.149
"Melatonin receptor 1A",0.03,0.239,0.05,0.209,0.176,0.189,0.425,0.153,0.323,0.323,0.12
"Melatonin receptor 1B",0.077,0.172,0.139,0.163,0.214,0.121,0.219,0.254,0.257,0.279,0.081
"Thyroid hormone receptor beta-1",0.104,0.141,0.178,0.103,0.377,0.363,0.201,0.231,0.355,0.19,0.225
"Cyclophilin A",0.23,0.306,0.273,0.265,0.09,0.268,0.237,0.412,0.018,0.065,0.435
"Thymidylate synthase",0.048,0.228,0.368,0.077,0.41,0.176,0.239,0.477,0.414,0.347,0.1
"Vascular endothelial growth factor receptor 3",0.343,0.15,0.312,0.222,0.094,0.255,0.519,0.379,0.438,0.446,0.354
"Insulin-like growth factor I receptor",0.279,0.151,0.492,0.504,0.085,0.27,0.342,0.331,0.042,0.268,0.31
"Epoxide hydrolase 1",0.155,0.516,0.006,0.094,0.184,0.318,0.169,0.113,0.441,0.401,0.047
"Tyrosine-protein kinase receptor FLT3",0.043,0.299,0.41,0.225,0.458,0.245,0.421,0.196,0.146,0.063,0.024
"Vitamin D receptor",0.467,0.217,0.053,0.294,0.036,0.502,0.505,0.11,0.11,0.141,0.16
"Cytochrome P450 19A1",0.41,0.077,0.012,0.186,0.001,0.079,0.158,0.008,0.067,0.08,0.069
"Insulin receptor",0.089,0.212,0.053,0.282,0.068,0.34,0.488,0.105,0.363,0.028,0.48
"Serotonin 1d (5-HT1d) receptor",0.01,0.259,0.188,0.07,0.006,0.158,0.297,0.062,0.409,0.002,0.326
"Inhibitor of nuclear factor kappa B kinase beta subunit",0.198,0.164,0.058,0.452,0.073,0.087,0.379,0.495,0.43,0.208,0.147
"Prostanoid IP receptor",0.255,0.163,0.22,0.289,0.391,0.454,0.333,0.402,0.314,0.161,0.271
"Equilibrative nucleoside transporter 1",0.236,0.053,0.145,0.278,0.004,0.266,0.299,0.124,0.312,0.042,0.116
"Purinergic receptor P2Y12",0.465,0.171,0.007,0.052,0.187,0.412,0.124,0.392,0.319,0.218,0.325
"Retinoic acid receptor gamma",0.142,0.133,0.205,0.282,0.111,0.212,0.274,0.175,0.209,0.314,0.242
"Platelet-derived growth factor receptor alpha",0.018,0.011,0.013,0.107,0.115,0.291,0.302,0.474,0.07,0.039,0.041
"Retinoic acid receptor beta",0.083,0.144,0.176,0.066,0.397,0.482,0.25,0.217,0.57,0.101,0.19
"Nociceptin receptor",0.007,0.4,0.559,0.231,0.002,0.006,0.573,0.034,0.19,0.031,0.017
"Dihydrofolate reductase",0.009,0.026,0.262,0.053,0.014,0.045,0.355,0.093,0.594,0.093,0.211
"Epidermal growth factor receptor erbB1",0.026,0.071,0.017,0.191,0.001,0.076,0.427,0.203,0.173,0.15,0.539
"Muscarinic acetylcholine receptor M5",0.025,0.304,0.229,0.113,0.023,0.488,0.544,0.126,0.21,0.261,0.088
"Peptidyl-prolyl cis-trans isomerase FKBP5",0.011,0.003,0.009,0.211,0.008,0.222,0.086,0.007,0.027,0.045,0.21
"Retinoic acid receptor alpha",0.331,0.321,0.209,0.33,0.048,0.198,0.419,0.187,0.069,0.484,0.186
"Estrogen receptor alpha",0.232,0.433,0.303,0.462,0.449,0.417,0.494,0.494,0.4,0.327,0.455
"Beta-2 adrenergic receptor",0.007,0.028,0.251,0.016,0.054,0.089,0.532,0.415,0.176,0.457,0.337
"Cyclin T1",0.351,0.023,0.249,0.053,0.178,0.283,0.141,0.007,0.421,0.267,0.138
"Muscarinic acetylcholine receptor M2",0.012,0.277,0.001,0.334,0.058,0.431,0.385,0.252,0.224,0.125,0.397
"Beta-1 adrenergic receptor",0.052,0.006,0.274,0.03,0.506,0.203,0.088,0.482,0.204,0.258,0.438
"Dopamine D2 receptor",0.004,0.011,0.249,0.004,0.487,0.283,0.316,0.087,0.324,0.1,0.131
"Beta-glucocerebrosidase",0.312,0.168,0.324,0.493,0.311,0.071,0.55,0.39,0.342,0.139,0.291
"Motilin receptor",0.094,0.228,0.22,0.03,0.176,0.124,0.308,0.258,0.355,0.083,0.169
"MAP kinase-activated protein kinase 2",0.3,0.18,0.038,0.249,0.024,0.153,0.505,0.027,0.114,0.195,0.421
"Cyclooxygenase-1",0.206,0.018,0.089,0.334,0.019,0.465,0.246,0.365,0.269,0.199,0.109
"Norepinephrine transporter",0.454,0.067,0.018,0.341,0.284,0.278,0.143,0.316,0.445,0.228,0.104
"Anandamide amidohydrolase",0.303,0.005,0.022,0.115,0.008,0.084,0.382,0.33,0.065,0.114,0.366
"Serotonin 2c (5-HT2c) receptor",0.453,0.13,0.18,0.138,0.263,0.159,0.287,0.264,0.343,0.039,0.297
"Dipeptidyl peptidase I",0.118,0.156,0.262,0.025,0.398,0.39,0.428,0.052,0.352,0.231,0.142
"Serotonin transporter",0.064,0.299,0.082,0.033,0.053,0.06,0.067,0.399,0.224,0.252,0.022
"Peroxisome proliferator-activated receptor alpha",0.493,0.277,0.397,0.171,0.305,0.069,0.477,0.416,0.145,0.479,0.328
"HERG",0.332,0.182,0.278,0.036,0.178,0.169,0.404,0.269,0.125,0.122,0.524
"Epoxide hydratase",0.409,0.386,0.047,0.145,0.006,0.035,0.227,0.007,0.418,0.433,0.307
"Phosphodiesterase 3A",0.123,0.438,0.104,0.19,0.026,0.239,0.063,0.17,0.448,0.083,0.381
"C-C chemokine receptor type 1",0.395,0.057,0.255,0.173,0.283,0.356,0.347,0.18,0.235,0.067,0.223
"C-C chemokine receptor type 4",0.163,0.06,0.454,0.456,0.084,0.069,0.095,0.34,0.33,0.144,0.306
"Estrogen receptor beta",0.018,0.517,0.076,0.146,0.308,0.102,0.174,0.207,0.399,0.116,0.417
"Glyoxalase I",0.477,0.038,0.308,0.397,0.019,0.032,0.343,0.194,0.122,0.001,0.086
"Myosin light chain kinase, smooth muscle",0.021,0.001,0.084,0.031,0.352,0.452,0.092,0.334,0.044,0.168,0.366
"Serine/threonine-protein kinase AKT2",0.189,0.389,0.063,0.093,0.235,0.11,0.298,0.185,0.398,0.072,0.153
"Interleukin-8 receptor B",0.298,0.393,0.273,0.242,0.211,0.113,0.353,0.161,0.291,0.241,0.287
"Myeloperoxidase",0.018,0.223,0.021,0.12,0,0.062,0.084,0.035,0.555,0.071,0.31
"Coagulation factor X",0.019,0.33,0.099,0.004,0.487,0.223,0.338,0.545,0.244,0.289,0.352
"Deoxycytidine kinase",0.38,0.385,0.119,0.105,0.166,0.048,0.357,0.081,0.489,0.193,0.218
"Muscarinic acetylcholine receptor M3",0.009,0.065,0.127,0.044,0.033,0.149,0.549,0.314,0.263,0.131,0.302
"Beta-3 adrenergic receptor",0.089,0.129,0.157,0.268,0.014,0.087,0.071,0.195,0.365,0.114,0.079
"Death-associated protein kinase 3",0.016,0.052,0.24,0.013,0.03,0.133,0.319,0.397,0.467,0.241,0.14
"Methionine aminopeptidase 1",0.064,0.05,0.048,0.191,0.028,0.023,0.227,0.013,0.101,0.427,0.526
"Leukocyte elastase",0.239,0.037,0.043,0.362,0.002,0.068,0.364,0.217,0.439,0.006,0.166
"Beta amyloid A4 protein",0.286,0.061,0.004,0.035,0.002,0.259,0.155,0.036,0.419,0.109,0.124
"Neurokinin 1 receptor",0.126,0.146,0.025,0.344,0.081,0.046,0.382,0.085,0.325,0.156,0.552
"Neuronal acetylcholine receptor protein alpha-7 subunit",0.142,0.477,0.29,0.208,0.237,0.446,0.113,0.178,0.139,0.261,0.291
"Adenosine A2a receptor",0.24,0.269,0.132,0.325,0.02,0.439,0.051,0.053,0.416,0.249,0.519
"Endothelin receptor ET-A",0.229,0.113,0.181,0.24,0.027,0.175,0.181,0.14,0.388,0.128,0.104
"Beta secretase 2",0.112,0.051,0.275,0.111,0.353,0.278,0.314,0.178,0.051,0.284,0.415
"Serine/threonine-protein kinase Chk2",0.266,0.104,0.271,0.424,0.08,0.272,0.288,0.388,0.028,0.197,0.113
"Cannabinoid CB2 receptor",0.182,0.002,0.093,0.249,0.008,0.253,0.189,0.1,0.034,0.058,0.142
"3-phosphoinositide dependent protein kinase-1",0.148,0.363,0.518,0.098,0.133,0.084,0.398,0.437,0.193,0.164,0.068
"Phospholipase D1",0.007,0.051,0.108,0.035,0.168,0.283,0.201,0.041,0.152,0.307,0.032
"Phosphodiesterase 4A",0.28,0.26,0.341,0.166,0.213,0.479,0.239,0.243,0.289,0.165,0.528
"Adenosine A2b receptor",0.08,0.204,0.268,0.286,0.228,0.072,0.475,0.039,0.42,0.296,0.326
"Carboxypeptidase B",0.083,0.196,0.159,0.182,0,0.107,0.06,0.012,0.154,0.041,0.369
"Adenosine A3 receptor",0.509,0.311,0.295,0.321,0.407,0.455,0.433,0.112,0.227,0.136,0.295
"Histone deacetylase 5",0.226,0.055,0.089,0.409,0.547,0.429,0.285,0.298,0.148,0.114,0.251
"Liver glycogen phosphorylase",0.413,0.127,0.334,0.362,0.383,0.207,0.184,0.075,0.325,0.351,0.35
"Tyrosine-protein kinase LCK",0.112,0.076,0.011,0.571,0.001,0.039,0.353,0.178,0.195,0.035,0.588
"Cathepsin D",0.193,0.018,0.131,0.21,0.478,0.13,0.056,0.017,0.092,0.24,0.021
"Melanocortin receptor 4",0.454,0.193,0.004,0.027,0.466,0.062,0.114,0.042,0.004,0.197,0.019
"Peptide N-myristoyltransferase 1",0.432,0.385,0.11,0.152,0.117,0.356,0.514,0.007,0.139,0.064,0.532
"Tyrosine-protein kinase SYK",0.379,0.012,0.268,0.419,0.089,0.444,0.503,0.018,0.089,0.353,0.114
"MAP kinase p38 alpha",0.133,0.301,0.437,0.046,0.239,0.128,0.139,0.382,0.249,0.29,0.406
"Carbonic anhydrase I",0.316,0.023,0,0.186,0.07,0.519,0.173,0.112,0.116,0.287,0.023
"Furin",0.274,0.046,0.069,0.207,0.125,0.386,0.166,0.305,0.179,0.226,0.146
"Tryptase beta-1",0.056,0.177,0.107,0.099,0.019,0.029,0.208,0.044,0.178,0.05,0.284
"Glycogen synthase kinase-3 beta",0.098,0.495,0.156,0.443,0.146,0.348,0.288,0.098,0.171,0.346,0.359
"Dual specificity protein phosphatase 3",0.452,0.127,0.059,0.243,0.339,0.427,0.528,0.396,0.092,0.371,0.083
"c-Jun N-terminal kinase 3",0.443,0.12,0.007,0.04,0.275,0.111,0.243,0.339,0.198,0.356,0.442
"Histamine H3 receptor",0.436,0.16,0.025,0.049,0.012,0.082,0.347,0.305,0.312,0.076,0.401
"Phosphodiesterase 2A",0.227,0.308,0.443,0.17,0.15,0.132,0.06,0.281,0.442,0.347,0.035
"Adenosylhomocysteinase",0.297,0.057,0.326,0.531,0.147,0.203,0.339,0.366,0.53,0.093,0.307
"Tyrosine-protein kinase SRC",0.269,0.187,0.214,0.198,0.404,0.285,0.428,0.095,0.218,0.267,0.467
"Cathepsin K",0.189,0.048,0.029,0.382,0.037,0.192,0.183,0.04,0.183,0.45,0.546
"Macrophage-stimulating protein receptor",0.357,0.113,0.015,0.039,0.002,0.056,0.421,0.255,0.329,0.184,0.195
"Cystinyl aminopeptidase",0.014,0.188,0.03,0.061,0.018,0.243,0.242,0.392,0.157,0.052,0.341
"Focal adhesion kinase 1",0.034,0.119,0.01,0.023,0.037,0.357,0.228,0.02,0.247,0.031,0.019
"Mitogen-activated protein kinase kinase kinase 11",0.034,0.005,0.043,0.463,0.029,0.031,0.125,0.101,0.045,0.012,0.307
"Histone deacetylase 7",0.418,0.069,0.232,0.166,0.245,0.216,0.285,0.461,0.028,0.373,0.509
"Phosphodiesterase 11A",0.151,0.199,0.004,0.228,0.023,0.119,0.332,0.314,0.212,0.017,0.471
"Cytochrome P450 11B2",0.248,0.422,0.48,0.418,0.059,0.113,0.168,0.274,0.093,0.132,0.461
"Protein-glutamine gamma-glutamyltransferase",0.419,0.437,0.138,0.394,0.443,0.228,0.355,0.166,0.354,0.165,0.425
"Phospholipase D2",0.026,0.042,0.508,0.028,0.169,0.13,0.423,0.337,0.097,0.083,0.114
"Metabotropic glutamate receptor 4",0.043,0.297,0.271,0.198,0.041,0.485,0.463,0.012,0.119,0.211,0.329
"C-C chemokine receptor type 5",0.354,0.123,0.016,0.139,0.335,0.507,0.117,0.372,0.224,0.178,0.17
"Fibroblast growth factor receptor 3",0.345,0.153,0.2,0.31,0.01,0.339,0.334,0.039,0.536,0.115,0.293
"Phosphodiesterase 4B",0.042,0.098,0.313,0.209,0.057,0.046,0.441,0.408,0.281,0.059,0.214
"Ileal bile acid transporter",0.034,0.015,0.014,0.295,0.013,0.252,0.123,0.331,0.617,0.13,0.074
"Integrin alpha-4",0.028,0.025,0.195,0.086,0.002,0.016,0.245,0.423,0.293,0.01,0.403
"Sodium/hydrogen exchanger 1",0.491,0.204,0.003,0.369,0.215,0.151,0.411,0.298,0.093,0.31,0.235
"Acyl coenzyme A:cholesterol acyltransferase 1",0.173,0.168,0.198,0.116,0.407,0.116,0.396,0.467,0.189,0.057,0.167
"Estradiol 17-beta-dehydrogenase 2",0.018,0.016,0.049,0.489,0.009,0.01,0.074,0.265,0.315,0.15,0.434
"Vascular endothelial growth factor receptor 2",0.231,0.124,0.129,0.325,0.466,0.146,0.409,0.292,0.3,0.478,0.207
"Matrix metalloproteinase 13",0.355,0.09,0.012,0.111,0.083,0.503,0.053,0.034,0.025,0.305,0.032
"Tyrosine-protein kinase ZAP-70",0.243,0.284,0.089,0.108,0.215,0.22,0.141,0.252,0.243,0.127,0.508
"LXR-alpha",0.048,0.006,0.01,0.069,0.109,0.037,0.359,0.075,0.494,0.052,0.34
"Protein-glutamine gamma-glutamyltransferase K",0.13,0.066,0.061,0.038,0.279,0.462,0.25,0.14,0.298,0.353,0.04
"Nerve growth factor receptor Trk-A",0.009,0.307,0.327,0,0.141,0.347,0.146,0.091,0.338,0.14,0.05
"Coagulation factor XI",0.108,0.059,0.034,0.371,0.214,0.373,0.27,0.171,0.093,0.38,0.392
"Casein kinase I delta",0.146,0.001,0.045,0.464,0.073,0.063,0.331,0.35,0.233,0.056,0.054
"Matrix metalloproteinase 3",0.222,0.395,0.082,0.021,0.015,0.316,0.451,0.084,0.247,0.353,0.343
"Tyrosine-protein kinase JAK1",0.354,0.168,0.502,0.183,0.301,0.185,0.341,0.362,0.254,0.223,0.404
"Dipeptidyl peptidase IV",0.334,0.101,0.01,0.296,0.045,0.069,0.216,0.206,0.079,0.051,0.37
"Serine/threonine-protein kinase mTOR",0.457,0.391,0.139,0.274,0.203,0.375,0.277,0.457,0.182,0.42,0.306
"Glycogen synthase kinase-3 alpha",0.165,0.108,0.463,0.132,0.016,0.035,0.419,0.278,0.083,0.046,0.334
"Renin",0.393,0.38,0.4,0.393,0.024,0.17,0.4,0.343,0.134,0.035,0.477
"Sigma opioid receptor",0.22,0.049,0.391,0.401,0.148,0.225,0.281,0.219,0.292,0.16,0.387
"Mitogen-activated protein kinase kinase kinase 9",0.238,0.409,0.396,0.288,0.218,0.361,0.129,0.086,0.129,0.375,0.169
"Phosphodiesterase 4D",0.113,0,0.191,0.359,0.058,0.1,0.151,0.007,0.026,0.19,0.369
"Carbonic anhydrase III",0.38,0.156,0.077,0.047,0.149,0.336,0.207,0.32,0.129,0.145,0.115
"Hematopoietic cell protein-tyrosine phosphatase 70Z-PEP",0.142,0.024,0.059,0.181,0.108,0.237,0.389,0.156,0.337,0.082,0.343
"Phosphodiesterase 3B",0.194,0.4,0.028,0.281,0.195,0.383,0.319,0.228,0.149,0.246,0.099
"Arachidonate 15-lipoxygenase",0.325,0.26,0.256,0.429,0.413,0.194,0.405,0.074,0.237,0.159,0.452
"Phosphodiesterase 4C",0.07,0.178,0.096,0.318,0.057,0.038,0.197,0.217,0.37,0.067,0.344
"Telomerase reverse transcriptase",0.396,0.074,0.136,0.237,0.34,0.364,0.046,0.077,0.062,0.134,0.165
"Protein kinase C gamma",0.306,0.265,0.172,0.126,0.479,0.195,0.358,0.124,0.318,0.304,0.178
"Cathepsin S",0.35,0.394,0.229,0.247,0.269,0.061,0.581,0.223,0.241,0.148,0.213
"Sphingosine 1-phosphate receptor Edg-5",0.154,0.288,0.195,0.275,0.124,0.302,0.386,0.512,0.408,0.096,0.05
"Tyrosine-protein kinase ITK/TSK",0.014,0.005,0.03,0.012,0.025,0.047,0.339,0.1,0.134,0.017,0.306
"Dual specificity mitogen-activated protein kinase kinase 2",0.069,0.31,0.003,0.373,0.005,0.236,0.237,0.002,0.093,0.021,0.127
"Tyrosine-protein kinase JAK2",0.218,0.452,0.018,0.173,0.171,0.116,0.279,0.488,0.332,0.393,0.483
"Rho-associated protein kinase 2",0.327,0.434,0.157,0.029,0.132,0.454,0.266,0.336,0.17,0.148,0.337
"Cholecystokinin B receptor",0.145,0.249,0.328,0.345,0.033,0.586,0.399,0.337,0.11,0.238,0.283
"Protein kinase C alpha",0.136,0.016,0,0.373,0.002,0.4,0.229,0.195,0.187,0.02,0.101
"Protein kinase C delta",0.106,0.094,0.235,0.195,0.099,0.516,0.432,0.109,0.038,0.133,0.248
"P2X purinoceptor 3",0.061,0.024,0.073,0.279,0.102,0.195,0.137,0.101,0.051,0.407,0.06
"Multidrug resistance-associated protein 1",0.004,0.029,0.004,0.227,0.001,0.083,0.014,0.026,0.359,0.007,0.03
"Receptor protein-tyrosine kinase erbB-4",0.177,0.325,0.024,0.199,0.138,0.467,0.35,0.302,0.469,0.381,0.167
"Cyclin-dependent kinase 2",0.2,0.188,0.367,0.415,0.294,0.38,0.218,0.467,0.44,0.508,0.282
"Phosphodiesterase 7A",0,0.007,0.052,0.047,0,0.016,0.326,0.012,0.156,0.006,0.102
"Matriptase",0.297,0.098,0.08,0.079,0.083,0.126,0.447,0.019,0.429,0.11,0.338
"Sphingosine kinase 2",0.003,0.396,0.166,0.286,0,0.111,0.184,0.009,0.112,0.004,0.061
"Serine/threonine-protein kinase PLK1",0.01,0.116,0.06,0.11,0.057,0.121,0.363,0.406,0.055,0.491,0.055
"Carbonic anhydrase VI",0.486,0.449,0.44,0.219,0.447,0.493,0.312,0.314,0.357,0.429,0.144
"Protein kinase C beta",0.01,0.332,0,0.284,0,0.015,0.089,0.026,0.138,0.026,0.127
"Cyclin-dependent kinase 7",0.159,0.11,0.385,0.294,0.031,0.023,0.327,0.205,0.488,0.332,0.188
"Glycine transporter 2",0.371,0.164,0.012,0.035,0.091,0.286,0.226,0.07,0.138,0.147,0.154
"Cyclin-dependent kinase 1",0.074,0.406,0.076,0.389,0.046,0.396,0.092,0.339,0.207,0.055,0.171
"Excitatory amino acid transporter 1",0.46,0.53,0.055,0.147,0.132,0.286,0.252,0.054,0.239,0.37,0.295
"Plasma retinol-binding protein",0.457,0.535,0.12,0.303,0.217,0.216,0.071,0.339,0.347,0.305,0.172
"Poly [ADP-ribose] polymerase-1",0.483,0.214,0.128,0.25,0.167,0.215,0.376,0.272,0.301,0.153,0.153
"Thymidine phosphorylase",0.403,0.213,0.111,0.382,0.14,0.147,0.491,0.002,0.407,0.031,0.021
"Cyclin-dependent kinase 9",0.088,0.163,0.429,0.014,0.089,0.365,0.469,0.03,0.235,0.538,0.094
"PI3-kinase p110-delta subunit",0.167,0.082,0.098,0.117,0.013,0.021,0.346,0.325,0.311,0.076,0.16
"DNA-dependent protein kinase",0.11,0.004,0.303,0.038,0.009,0.005,0.372,0.025,0.276,0.059,0.343
"PI3-kinase p110-beta subunit",0.436,0.041,0.353,0.398,0.237,0.19,0.3,0.469,0.221,0.044,0.209
"Serotonin 7 (5-HT7) receptor",0.361,0.266,0.277,0.104,0.248,0.452,0.411,0.12,0.147,0.404,0.366
"Bradykinin B2 receptor",0.427,0.028,0.448,0.345,0.384,0.457,0.447,0.412,0.12,0.356,0.385
"Protein-tyrosine phosphatase 1C",0.289,0.388,0.119,0.238,0.05,0.02,0.456,0.001,0.174,0.065,0.037
"Carboxylesterase 2",0.445,0.025,0.099,0.248,0.449,0.428,0.129,0.015,0.285,0.146,0.05
"Estradiol 17-beta-dehydrogenase 1",0.056,0.386,0.079,0.181,0.172,0.326,0.073,0.135,0.352,0.135,0.28
"Histone deacetylase 8",0.233,0.11,0.153,0.14,0.469,0.266,0.23,0.053,0.184,0.449,0.294
"Prolyl endopeptidase",0.279,0.005,0.213,0.253,0.409,0.087,0.139,0.076,0.402,0.46,0.214
"Matrix metalloproteinase 9",0.317,0.067,0.071,0.16,0.01,0.125,0.133,0.203,0.134,0.113,0.261
"CD22",0.01,0.187,0.404,0.04,0.523,0.417,0.466,0.245,0.241,0.467,0.338
"Metabotropic glutamate receptor 5",0.183,0.041,0.038,0.101,0.406,0.176,0.084,0.405,0.167,0.099,0.21
"Sphingosine 1-phosphate receptor Edg-6",0.084,0.454,0.056,0.089,0.249,0.191,0.186,0.405,0.174,0.214,0.024
"Rho-associated protein kinase 1",0.096,0.134,0.041,0.013,0.419,0.34,0.406,0.301,0.195,0.416,0.078
"Tyrosine-protein kinase HCK",0.098,0.12,0.272,0.034,0.298,0.246,0.329,0.244,0.093,0.322,0.612
"Carbonic anhydrase XII",0.01,0.017,0.022,0.024,0.004,0.195,0.198,0.054,0.249,0.136,0.59
"Histone deacetylase 1",0.372,0.388,0.126,0.168,0.491,0.365,0.226,0.058,0.203,0.43,0.207
"Lysophosphatidic acid receptor Edg-7",0.279,0.178,0.349,0.55,0.153,0.39,0.358,0.208,0.238,0.386,0.563
"PI3-kinase p110-gamma subunit",0.255,0.552,0.071,0.203,0.057,0.262,0.195,0.125,0.404,0.075,0.076
"PI4-kinase beta subunit",0.11,0.114,0.167,0.367,0.401,0.431,0.448,0.101,0.29,0.295,0.14
"Cathepsin L2",0.055,0.077,0.104,0.193,0.132,0.196,0.282,0.265,0.189,0.105,0.114
"Urokinase-type plasminogen activator",0.212,0.497,0.307,0.339,0.103,0.527,0.349,0.391,0.337,0.244,0.422
"Testis-specific androgen-binding protein",0.056,0.016,0.218,0.298,0.064,0.202,0.489,0.532,0.133,0.192,0.466
"Caspase-6",0.163,0.216,0.185,0.145,0.032,0.068,0.437,0.459,0.43,0.079,0.062
"Cyclin-dependent kinase 4",0.459,0.174,0.018,0.346,0.264,0.43,0.208,0.297,0.286,0.312,0.046
"Histone deacetylase 11",0.11,0.053,0.17,0.277,0.033,0.131,0.336,0.551,0.324,0.017,0.265
"Sodium-dependent proline transporter",0.068,0.077,0.271,0.185,0.335,0.06,0.297,0.143,0.507,0.404,0.152
"Matrix metalloproteinase-1",0.007,0.125,0.032,0.011,0.009,0.019,0.394,0.231,0.487,0.054,0.005
"Matrix metalloproteinase-2",0.131,0.314,0.36,0.188,0.253,0.062,0.474,0.157,0.552,0.521,0.062
"Protein-tyrosine phosphatase 1B",0.313,0.047,0.171,0.048,0.422,0.295,0.101,0.37,0.372,0.022,0.025
"Acetyl-CoA carboxylase 1",0.362,0.194,0.167,0.152,0.455,0.376,0.404,0.081,0.315,0.265,0.164
"Serotonin 6 (5-HT6) receptor",0.18,0.155,0.383,0.075,0.222,0.412,0.245,0.485,0.354,0.114,0.485
"MAP kinase ERK1",0.071,0.04,0.006,0.301,0.01,0.349,0.182,0.349,0.45,0.023,0.09
"Cytochrome P450 2C9",0.277,0.049,0.145,0.452,0.327,0.346,0.182,0.114,0.444,0.171,0.342
"Probable G-protein coupled receptor 88",0.053,0.028,0.54,0.258,0.026,0.154,0.348,0.021,0.055,0.011,0.414
"Cytochrome P450 3A4",0.154,0.043,0.078,0.491,0.099,0.074,0.379,0.336,0.272,0.235,0.108
"Pregnane X receptor",0.503,0.081,0.3,0.189,0.214,0.069,0.302,0.442,0.42,0.259,0.322
"Carboxypeptidase B2 isoform A",0.14,0.025,0.197,0.209,0.005,0.002,0.454,0.176,0.089,0.189,0.264
"Serotonin 5a (5-HT5a) receptor",0.046,0.262,0.02,0.479,0.003,0.104,0.157,0.203,0.321,0.021,0.414
"Estrogen-related receptor alpha",0.226,0.288,0.503,0.321,0.025,0.206,0.138,0.088,0.137,0.195,0.295
"Amine oxidase, copper containing",0.042,0.136,0.094,0.106,0.441,0.428,0.488,0.42,0.033,0.408,0.22
"Protein kinase C zeta",0,0.005,0.007,0.004,0,0.058,0.279,0.085,0.306,0.108,0.417
"Melanin-concentrating hormone receptor 1",0.214,0.091,0.362,0.158,0.062,0.048,0.478,0.271,0.437,0.045,0.238
"Caspase-7",0.57,0.075,0.123,0.062,0.003,0.039,0.265,0.115,0.305,0.03,0.338
"C-C chemokine receptor type 3",0.046,0.155,0.038,0.378,0.006,0.045,0.24,0.083,0.137,0.11,0.204
"Phospholipase A2 group IIA",0.122,0.115,0.128,0.38,0.051,0.025,0.439,0.329,0.392,0.069,0.393
"Plasminogen activator inhibitor-1",0.135,0.175,0.016,0.06,0.04,0.14,0.132,0.068,0.145,0.241,0.352
"Inhibitor of nuclear factor kappa B kinase alpha subunit",0.196,0.023,0.467,0.06,0.309,0.498,0.361,0.33,0.441,0.48,0.386
"Proteasome Macropain subunit",0.004,0.001,0.204,0.005,0.461,0.096,0.281,0.066,0.045,0.452,0.201
"Carbonic anhydrase XIV",0.002,0.449,0.253,0.031,0.303,0.447,0.418,0.15,0.18,0.159,0.029
"LDL-associated phospholipase A2",0.042,0.014,0.007,0.101,0.115,0.08,0.55,0.004,0.158,0.251,0.27
"Cytochrome P450 17A1",0.142,0.451,0.495,0.094,0.038,0.11,0.214,0.03,0.22,0.372,0.484
"Histone deacetylase 4",0.032,0,0.001,0.423,0.001,0.009,0.321,0.02,0.013,0.2,0.453
"Inhibitor of nuclear factor kappa B kinase epsilon subunit",0.231,0.467,0.335,0.047,0.332,0.171,0.203,0.181,0.125,0.236,0.222
"Phosphodiesterase 9A",0.433,0.285,0.385,0.084,0.149,0.114,0.261,0.002,0.159,0.168,0.318
"Tyrosine-protein kinase TYK2",0.103,0.339,0.069,0.266,0.003,0.134,0.138,0.045,0.189,0.195,0.447
"Steryl-sulfatase",0.015,0.039,0.017,0.042,0.029,0.197,0.433,0.158,0.318,0.013,0.098
"Nitric-oxide synthase, brain",0.016,0.127,0.334,0.127,0.345,0.432,0.134,0.408,0.07,0.257,0.014
"Cholesteryl ester transfer protein",0.225,0.333,0.011,0.336,0.108,0.378,0.348,0.312,0.194,0.356,0.305
"Protein kinase C epsilon",0.103,0.4,0.071,0.248,0.306,0.31,0.475,0.37,0.326,0.32,0.393
"Dual specificity mitogen-activated protein kinase kinase 1",0.092,0.07,0.041,0.012,0.505,0.211,0.365,0.262,0.188,0.152,0.134
"Adenosine kinase",0.05,0.22,0.037,0.05,0.334,0.354,0.298,0.043,0.235,0.317,0.223
"Hormone sensitive lipase",0.512,0.16,0.143,0.251,0.325,0.362,0.459,0.36,0.197,0.424,0.205
"Carbonic anhydrase IX",0.134,0.363,0.345,0.141,0.333,0.428,0.255,0.172,0.089,0.475,0.302
"Protein kinase C eta",0.048,0.13,0.222,0.058,0.484,0.408,0.44,0.518,0.496,0.308,0.131
"Cytochrome P450 2C19",0.381,0.006,0.022,0.043,0.01,0.21,0.37,0.005,0.382,0.139,0.074
"Quinone reductase 1)",0.326,0.008,0.4,0.249,0.162,0.449,0.158,0.595,0.042,0.54,0.347
"Casein kinase II alpha",0.194,0.152,0.187,0.24,0.041,0.42,0.343,0.119,0.286,0.184,0.474
"Opioid growth factor receptor-like protein 1",0.301,0.433,0.128,0.337,0.221,0.24,0.102,0.436,0.326,0.366,0.054
"Kininogen-1",0.057,0.146,0.033,0.359,0.168,0.286,0.393,0.062,0.044,0.165,0.179
"Acetyl-coenzyme A transporter 1",0.037,0.36,0.262,0.006,0.27,0.357,0.31,0.14,0.08,0.023,0.241
"Fibroblast growth factor receptor 1",0.378,0.048,0.009,0.357,0,0.072,0.11,0.024,0.415,0.043,0.136
"PI4-kinase alpha subunit",0.046,0.408,0.312,0.027,0.238,0.465,0.449,0.397,0.499,0.026,0.153
"Arachidonate 12-lipoxygenase",0.429,0.32,0.406,0.299,0.501,0.216,0.302,0.268,0.407,0.257,0.29
"Autotaxin",0.28,0.134,0.295,0.305,0.117,0.202,0.393,0.107,0.331,0.435,0.408
"ADAM17",0.339,0.448,0.104,0.171,0.03,0.209,0.552,0.03,0.314,0.073,0.156
"Prostanoid EP3 receptor",0.561,0.103,0.059,0.25,0.406,0.19,0.445,0.495,0.104,0.16,0.295
"Hepatocyte growth factor receptor",0.076,0.365,0.305,0.083,0.522,0.406,0.467,0.136,0.297,0.312,0.141
"Carbonic anhydrase IV",0.42,0.023,0.522,0.248,0.098,0.122,0.309,0.343,0.425,0.399,0.401
"11-beta-hydroxysteroid dehydrogenase 2",0.075,0.14,0.32,0.027,0.015,0.041,0.469,0.008,0.274,0.059,0.211
"Histamine H4 receptor",0.407,0.014,0.012,0.204,0.203,0.038,0.212,0.503,0.081,0.499,0.332
"Beta-glucosidase",0.287,0.307,0.489,0.135,0.048,0.114,0.385,0.336,0.298,0.045,0.421
"Urotensin II receptor",0.159,0.448,0.374,0.267,0.178,0.148,0.276,0.037,0.149,0.211,0.328
"Metabotropic glutamate receptor 1",0.438,0.348,0.115,0.197,0.161,0.035,0.21,0.337,0.039,0.283,0.224
"Dual specificity phosphatase Cdc25A",0.008,0.032,0.343,0.033,0.019,0.008,0.298,0.231,0.532,0.085,0.279
"Caspase-8",0.048,0.307,0.273,0.065,0.384,0.516,0.171,0.27,0.178,0.223,0.513
"Interleukin-1 receptor-associated kinase 4",0.153,0.165,0.292,0.308,0.021,0.02,0.37,0.041,0.263,0.089,0.281
"Histone acetyltransferase p300",0.001,0.056,0.011,0.115,0.024,0.28,0.151,0.064,0.017,0.275,0.272
"Hydroxycarboxylic acid receptor 2",0.175,0.342,0.121,0.206,0.024,0.13,0.278,0.09,0.341,0.398,0.47
"Serine/threonine-protein kinase PLK4",0.036,0.138,0.415,0.111,0.092,0.097,0.406,0.264,0.026,0.078,0.341
"Melanocortin receptor 1",0.028,0.078,0.027,0.106,0.183,0.389,0.45,0.216,0.018,0.133,0.483
"Calcitonin gene-related peptide type 1 receptor",0.207,0.198,0.043,0.105,0.009,0.051,0.307,0.501,0.283,0.027,0.597
"T-cell protein-tyrosine phosphatase",0.005,0.048,0.173,0.053,0.113,0.005,0.507,0.029,0.436,0.187,0.213
"Cytosolic phospholipase A2",0.284,0.187,0.327,0.205,0.005,0.018,0.088,0.079,0.192,0.141,0.537
"Hexokinase type IV",0.319,0.102,0.014,0.044,0.049,0.247,0.349,0.084,0.11,0.127,0.011
"Serine/threonine-protein kinase NEK2",0.076,0.02,0.507,0.332,0.422,0.122,0.308,0.474,0.303,0.046,0.281
"LIM domain kinase 1",0.08,0.192,0.393,0.023,0.114,0.112,0.147,0.054,0.344,0.263,0.017
"Cathepsin L",0.262,0.158,0.067,0.201,0.151,0.06,0.442,0.084,0.092,0.151,0.44
"Protein kinase C mu",0.011,0.054,0.001,0.237,0.005,0.204,0.156,0.084,0.066,0.118,0.51
"Protein-tyrosine phosphatase 2C",0.07,0.033,0.146,0.062,0.1,0.056,0.085,0.089,0.406,0.454,0.046
"Matrix metalloproteinase 14",0.315,0.299,0.484,0.072,0.06,0.393,0.135,0,0.125,0.13,0.34
"Heat shock protein HSP 90-alpha",0.273,0.112,0.411,0.105,0.147,0.137,0.372,0.15,0.158,0.547,0.393
"Sodium/glucose cotransporter 2",0.154,0.196,0.244,0.303,0.161,0.148,0.54,0.279,0.323,0.165,0.314
"Calpain 1",0.093,0.48,0.572,0.2,0.582,0.384,0.126,0.053,0.102,0.437,0.471
"Sphingosine 1-phosphate receptor Edg-3",0.14,0.089,0.041,0.279,0,0.095,0.247,0.009,0.521,0.026,0.129
"Bone morphogenetic protein 1",0.205,0.277,0.174,0.511,0.091,0.409,0.359,0.137,0.253,0.424,0.391
"Glutathione S-transferase Pi",0.054,0.089,0.04,0.322,0.003,0.432,0.056,0.14,0.278,0.09,0.073
"Tyrosine-protein kinase Lyn",0.06,0.123,0.046,0.469,0.196,0.097,0.44,0.417,0.44,0.364,0.245
"Ribosomal protein S6 kinase alpha 2",0.244,0.338,0.093,0.414,0.451,0.128,0.461,0.018,0.313,0.515,0.11
"Carbonic anhydrase XIII",0.134,0.274,0.144,0.431,0.38,0.095,0.093,0.499,0.079,0.387,0.036
"Complement C1s",0.096,0.347,0.436,0.404,0.291,0.515,0.307,0.222,0.35,0.349,0.364
"Protein kinase C theta",0.024,0.042,0,0.316,0,0.083,0.046,0.098,0.367,0.059,0.158
"Heparanase",0.161,0.224,0.05,0.357,0.111,0.254,0.253,0.16,0.143,0.334,0.294
"Methionine aminopeptidase 2",0.372,0.295,0.367,0.545,0.271,0.448,0.543,0.14,0.171,0.077,0.231
"Serine/threonine-protein kinase Aurora-C",0.006,0.523,0.231,0.016,0.352,0.283,0.253,0.221,0.12,0.235,0.021
"Quinone reductase 2",0.194,0.019,0.006,0.372,0.004,0.128,0.236,0.495,0.449,0.039,0.339
"MAP kinase p38 beta",0.102,0.237,0.464,0.063,0.526,0.118,0.437,0.381,0.199,0.489,0.296
"Carbonic anhydrase VB",0.276,0.24,0.199,0.339,0.308,0.242,0.151,0.051,0.235,0.192,0.437
"GAR transformylase",0.446,0.174,0.116,0.058,0.305,0.212,0.111,0.372,0.106,0.193,0.099
"Proteinase-activated receptor 1",0.224,0.262,0.325,0.145,0.446,0.532,0.364,0.45,0.465,0.217,0.014
"Fructose-1,6-bisphosphatase",0.407,0.33,0.098,0.504,0.184,0.18,0.061,0.12,0.36,0.319,0.073
"Dipeptidyl peptidase II",0.254,0.156,0.146,0.159,0.141,0.426,0.332,0.211,0.436,0.127,0.445
"Peroxisome proliferator-activated receptor delta",0.215,0.51,0.35,0.022,0.118,0.305,0.185,0.112,0.095,0.426,0.038
"Serine/threonine-protein kinase 10",0.272,0.37,0.49,0.153,0.333,0.278,0.252,0.35,0.303,0.317,0.103
"Dual specificity protein kinase TTK",0.258,0.011,0.006,0.367,0.05,0.04,0.28,0.186,0.384,0.055,0.156
"Coagulation factor VII",0.047,0.002,0.463,0.068,0.3,0.028,0.327,0.085,0.195,0.039,0.074
"PI3-kinase p110-alpha subunit",0.371,0.03,0.414,0.6,0.073,0.354,0.54,0.319,0.073,0.062,0.325
"Tyrosine-protein kinase ABL2",0.02,0.091,0.467,0.015,0.197,0.566,0.151,0.239,0.057,0.177,0.178
"C-C chemokine receptor type 2",0.15,0.226,0.376,0.424,0.136,0.384,0.193,0.022,0.353,0.015,0.287
"Glutamate receptor ionotropic, AMPA 2",0.043,0.154,0.105,0.095,0.147,0.283,0.342,0.133,0.368,0.062,0.164
"Neuropeptide Y receptor type 2",0.003,0.109,0.296,0.04,0.009,0.033,0.061,0.369,0.463,0.081,0.224
"HMG-CoA reductase",0.309,0.41,0.021,0.232,0.021,0.45,0.095,0.454,0.231,0.063,0.171
"Signal transducer and activator of transcription 3",0.072,0.243,0.005,0.129,0.019,0.001,0.503,0.002,0.474,0.48,0.459
"Interleukin-8 receptor A",0.23,0.519,0.198,0.225,0.455,0.238,0.32,0.29,0.126,0.301,0.474
"Cyclin-dependent kinase 5",0.12,0.311,0.306,0.215,0.052,0.031,0.215,0.195,0.047,0.058,0.093
"MAP kinase ERK2",0.015,0.003,0.373,0.015,0.048,0.164,0.369,0.072,0.355,0.426,0.072
"Cystic fibrosis transmembrane conductance regulator",0.011,0.025,0.08,0.288,0.004,0.086,0.439,0.008,0.044,0.148,0.432
"Chymase",0.07,0.405,0.112,0.135,0.512,0.13,0.306,0.421,0.164,0.171,0.078
"Casein kinase II alpha (prime)",0.133,0.24,0.374,0.298,0.167,0.482,0.16,0.375,0.476,0.15,0.301
"Cathepsin B",0.269,0.143,0.128,0.234,0.139,0.202,0.15,0.045,0.277,0.09,0.115
"Matrix metalloproteinase 7",0.095,0.349,0.025,0.251,0.08,0.231,0.284,0.282,0.152,0.117,0.065
"Bombesin receptor subtype-3",0.321,0.388,0.02,0.158,0.018,0.192,0.344,0.011,0.445,0.136,0.047
"LXR-beta",0.141,0.221,0.479,0.299,0.151,0.052,0.028,0.074,0.212,0.084,0.031
"Neurotensin receptor 1",0.337,0,0.136,0.151,0.001,0.021,0.429,0.237,0.122,0.01,0.221
"Tyrosine-protein kinase TIE-2",0.095,0.102,0.32,0.044,0.3,0.305,0.325,0.005,0.177,0.095,0.352
"Fibroblast growth factor receptor 2",0.057,0.091,0.229,0.043,0.415,0.487,0.157,0.034,0.5,0.068,0.271
"Histone deacetylase 9",0.022,0.019,0.004,0.047,0.001,0.013,0.424,0.07,0.27,0.032,0.495
"Fatty acid synthase",0.428,0.106,0.153,0.477,0.457,0.05,0.044,0.137,0.388,0.17,0.079
"c-Jun N-terminal kinase 2",0.113,0.049,0.373,0.226,0.283,0.348,0.372,0.254,0.168,0.463,0.309
"Sodium channel protein type II alpha subunit",0.241,0.26,0.005,0.364,0.284,0.074,0.328,0.26,0.325,0.28,0.092
"Monoglyceride lipase",0.066,0.014,0.068,0.331,0.003,0.006,0.397,0.084,0.369,0.216,0.334
"Inhibitor of apoptosis protein 3",0.246,0.026,0.01,0.08,0.384,0.312,0.307,0.355,0.181,0.157,0.438
"Serine/threonine-protein kinase 2",0.171,0.285,0.325,0.373,0.034,0.028,0.112,0.122,0.367,0.331,0.084
"Dual specificity protein kinase CLK4",0.285,0.127,0.255,0.113,0.468,0.381,0.394,0.17,0.489,0.422,0.095
"MAP kinase signal-integrating kinase 2",0.289,0.381,0.052,0.064,0.494,0.357,0.413,0.427,0.47,0.21,0.515
"Proteasome component C5",0.534,0.375,0.194,0.079,0.089,0.091,0.255,0.087,0.237,0.42,0.151
"Tyrosine-protein kinase FRK",0.012,0.002,0.081,0.272,0.021,0.072,0.137,0.308,0.48,0.025,0.291
"Dual specificty protein kinase CLK1",0.5,0.456,0.103,0.439,0.048,0.149,0.439,0.337,0.198,0.015,0.158
"Dual specificity protein kinase CLK2",0.073,0.013,0.339,0.132,0.282,0.348,0.19,0.248,0.188,0.09,0.467
"Lipoxin A4 receptor",0.203,0.005,0.372,0.305,0.373,0.187,0.514,0.306,0.354,0.505,0.039
"Estradiol 17-beta-dehydrogenase 3",0.247,0.02,0.022,0.339,0.01,0.083,0.239,0.167,0.106,0.106,0.02
"11-beta-hydroxysteroid dehydrogenase 1",0.494,0.31,0.002,0.039,0.002,0.308,0.185,0.009,0.245,0.052,0.222
"Ribosomal protein S6 kinase alpha 5",0.517,0.503,0.004,0.157,0.036,0.192,0.412,0.175,0.491,0.024,0.353
"ALK tyrosine kinase receptor",0.161,0.165,0.3,0.052,0.064,0.419,0.123,0.463,0.383,0.361,0.195
"Hypoxia-inducible factor 1 alpha",0.07,0.079,0.303,0.221,0.015,0.057,0.368,0.049,0.376,0.176,0.341
"TGF-beta receptor type II",0.125,0.265,0.224,0.376,0.346,0.106,0.141,0.067,0.127,0.355,0.026
"Serine/threonine-protein kinase AKT",0.1,0.306,0.131,0.366,0.25,0.193,0.462,0.361,0.465,0.435,0.093
"Sodium channel protein type IX alpha subunit",0.023,0.153,0.035,0.218,0.112,0.32,0.095,0.213,0.273,0.266,0.197
"P-glycoprotein 1",0.239,0.001,0.098,0.173,0.003,0.058,0.294,0.09,0.453,0.003,0.465
"Heat shock protein HSP 90-beta",0.312,0.053,0.071,0.083,0.152,0.246,0.372,0.299,0.308,0.206,0.316
"Calcium-activated potassium channel subunit alpha-1",0.32,0.454,0.079,0.155,0.016,0.45,0.327,0.086,0.263,0.458,0.101
"Intermediate conductance calcium-activated potassium channel protein 4",0.045,0.233,0.184,0.416,0.064,0.074,0.337,0.284,0.386,0.042,0.118
"Voltage-gated potassium channel subunit Kv1.5",0.03,0.017,0.007,0.014,0.003,0.07,0.447,0.181,0.049,0.102,0.552
"Bradykinin B1 receptor",0.277,0.283,0.355,0.33,0.073,0.286,0.247,0.358,0.124,0.466,0.136
"Purinergic receptor P2Y1",0.211,0.046,0.085,0.446,0.18,0.306,0.188,0.367,0.539,0.188,0.4
"Sphingosine 1-phosphate receptor Edg-1",0.316,0.2,0.043,0.364,0.007,0.035,0.198,0.035,0.261,0.253,0.222
"Purine nucleoside phosphorylase",0.357,0.268,0.013,0.514,0.065,0.313,0.033,0.464,0.186,0.114,0.043
"Serine/threonine-protein kinase GAK",0.113,0.26,0.359,0.583,0.033,0.089,0.4,0.351,0.237,0.518,0.219
"Induced myeloid leukemia cell differentiation protein Mcl-1",0.002,0.006,0.14,0.072,0.03,0.121,0.164,0.28,0.031,0.085,0.461
"Dual-specificity tyrosine-phosphorylation regulated kinase 2",0.194,0.123,0.484,0.037,0.47,0.182,0.391,0.145,0.397,0.222,0.058
"Gastric inhibitory polypeptide receptor",0.002,0.068,0.104,0,0.222,0.117,0.193,0.289,0.154,0.09,0.004
"Matrix metalloproteinase 12",0.024,0.277,0.004,0.354,0.015,0.01,0.444,0.24,0.292,0.216,0.075
"Sphingosine kinase 1",0.017,0.26,0.214,0.011,0.07,0.189,0.491,0.401,0.173,0.539,0.489
"Phosphodiesterase 8B",0.023,0.002,0.01,0.067,0.021,0.079,0.483,0.105,0.15,0.081,0.443
"Phosphodiesterase 10A",0.069,0.021,0.492,0.524,0.573,0.379,0.268,0.294,0.501,0.183,0.367
"Free fatty acid receptor 1",0.028,0.106,0.022,0.225,0.05,0.142,0.301,0.426,0.23,0.133,0.39
"Prostanoid DP receptor",0.374,0.067,0.016,0.333,0.055,0.035,0.439,0.082,0.205,0.336,0.281
"Neurokinin 3 receptor",0.167,0.006,0.544,0.174,0.357,0.228,0.344,0.177,0.555,0.378,0.253
"TGF-beta receptor type I",0.425,0.049,0.188,0.177,0.282,0.485,0.149,0.363,0.073,0.19,0.471
"C-X-C chemokine receptor type 3",0.021,0.063,0.358,0.044,0.249,0.09,0.239,0.346,0.429,0.245,0.165
"Vitamin K-dependent protein C",0.154,0.235,0.066,0.062,0.143,0.195,0.527,0.176,0.346,0.179,0.179
"Tyrosine-protein kinase FGR",0.113,0.147,0.156,0.013,0.089,0.205,0.118,0.53,0.323,0.006,0.039
"NAD-dependent deacetylase sirtuin 3",0.038,0.034,0.229,0.032,0.15,0.202,0.185,0.372,0.137,0.22,0.108
"NAD-dependent deacetylase sirtuin 2",0.122,0.477,0.074,0.449,0.012,0.022,0.483,0.011,0.332,0.188,0.495
"Acyl coenzyme A:cholesterol acyltransferase 2",0.115,0.118,0.18,0.298,0.343,0.297,0.244,0.287,0.2,0.386,0.12
"Voltage-gated N-type calcium channel alpha-1B subunit",0.391,0.337,0.133,0.399,0.259,0.139,0.407,0.26,0.209,0.46,0.443
"Nitric oxide synthase, inducible",0.381,0.033,0.275,0.39,0.368,0.38,0.447,0.408,0.054,0.386,0.23
"Serine/threonine-protein kinase PAK 4",0.122,0.29,0.3,0.424,0.028,0.008,0.454,0.067,0.092,0.09,0.046
"Ribosomal protein S6 kinase 1",0.41,0.031,0.3,0.47,0.336,0.053,0.428,0.228,0.278,0.085,0.304
"NAD-dependent deacetylase sirtuin 1",0.11,0.217,0.056,0.241,0.119,0.463,0.421,0.032,0.049,0.156,0.211
"Glutaminyl-peptide cyclotransferase",0.207,0.194,0.021,0.334,0,0.006,0.212,0.029,0.132,0.025,0.214
"Serine/threonine-protein kinase PIM2",0.373,0.307,0.445,0.263,0.211,0.449,0.224,0.055,0.191,0.317,0.311
"TRAF2- and NCK-interacting kinase",0.369,0.13,0.115,0.04,0.007,0.026,0.114,0.22,0.221,0.091,0.409
"Coagulation factor XIII",0.137,0.044,0.394,0.263,0.2,0.216,0.411,0.28,0.008,0.318,0.099
"5-lipoxygenase activating protein",0.408,0.416,0.036,0.366,0.412,0.284,0.459,0.197,0.025,0.208,0.549
"Neuropeptide Y receptor type 5",0.306,0.393,0.474,0.078,0.218,0.361,0.395,0.208,0.51,0.212,0.202
"Kinesin-like protein 1",0.144,0.395,0.426,0.393,0.027,0.131,0.458,0.009,0.233,0.008,0.338
"Matrix metalloproteinase 8",0.025,0.026,0.072,0.043,0.099,0.214,0.349,0.349,0.145,0.42,0.373
"C-C chemokine receptor type 8",0.368,0.388,0.071,0.282,0.054,0.269,0.096,0.236,0.358,0.137,0.448
"Tyrosine kinase non-receptor protein 2",0.148,0.152,0.093,0.413,0.027,0.039,0.403,0.403,0.449,0.353,0.181
"Serine/threonine-protein kinase PAK 1",0.337,0.068,0.313,0.055,0.227,0.187,0.161,0.037,0.286,0.275,0.07
"Tyrosine-protein kinase BRK",0.014,0.036,0.185,0.07,0.293,0.078,0.235,0.044,0.047,0.205,0.037
"Melanocortin receptor 5",0.065,0.512,0.008,0.044,0.176,0.197,0.243,0.135,0.274,0.354,0.118
"Ghrelin receptor",0.013,0.087,0.091,0.081,0.002,0.123,0.246,0.073,0.571,0.072,0.364
"Phenylethanolamine N-methyltransferase",0.086,0.132,0.268,0.017,0.114,0.412,0.354,0.045,0.477,0.243,0.004
"Leukotriene A4 hydrolase",0.032,0.127,0.09,0.036,0.391,0.107,0.518,0.006,0.207,0.063,0.07
"Apoptosis regulator Bcl-X",0.073,0.1,0.206,0.085,0.235,0.508,0.363,0.168,0.268,0.463,0.344
"Serine/threonine-protein kinase Chk1",0.214,0.1,0.107,0.353,0.009,0.189,0.32,0.055,0.217,0.027,0.509
"Voltage-gated potassium channel subunit Kv1.3",0.048,0.323,0.156,0.002,0.374,0.161,0.26,0.135,0.323,0.442,0.029
"Voltage-gated T-type calcium channel alpha-1G subunit",0.188,0.442,0.047,0.098,0.182,0.361,0.17,0.196,0.315,0.289,0.137
"Melanocortin receptor 3",0.181,0.069,0.407,0.353,0.249,0.408,0.415,0.337,0.07,0.075,0.091
"Dipeptidyl peptidase VIII",0.21,0.032,0.042,0.15,0.007,0.154,0.201,0.05,0.107,0.17,0.284
"Lymphocyte differentiation antigen CD38",0.111,0.078,0.423,0.313,0.023,0.407,0.244,0.093,0.342,0.157,0.082
"Proteasome Macropain subunit MB1",0.011,0.139,0.125,0.203,0.203,0.309,0.11,0.282,0.177,0.277,0.162
"Apoptosis regulator Bcl-W",0.171,0.077,0.282,0.208,0.188,0.285,0.421,0.141,0.396,0.241,0.305
"Aldo-keto-reductase family 1 member C3",0.125,0.044,0.032,0.274,0.089,0.047,0.487,0.424,0.186,0.445,0.491
"Fibroblast activation protein alpha",0,0.031,0.002,0.007,0.031,0.293,0.095,0.241,0.11,0.098,0.169
"Indoleamine 2,3-dioxygenase",0.012,0.001,0.038,0.224,0,0.001,0.033,0,0.317,0.002,0.401
"Malonyl-CoA decarboxylase",0.238,0.337,0.164,0.116,0.042,0.442,0.197,0.163,0.039,0.173,0.364
"Isoprenylcysteine carboxyl methyltransferase",0.358,0.448,0.558,0.046,0.29,0.331,0.246,0.03,0.065,0.222,0.147
"Serine/threonine-protein kinase Aurora-A",0.305,0.053,0.103,0.169,0.05,0.286,0.366,0.356,0.57,0.191,0.03
"C3a anaphylatoxin chemotactic receptor",0.119,0.129,0.047,0.38,0.033,0.046,0.425,0.472,0.518,0.363,0.345
"Vesicular acetylcholine transporter",0.178,0.319,0.527,0.096,0.498,0.281,0.488,0.255,0.317,0.268,0.083
"Geranylgeranyl pyrophosphate synthetase",0.119,0.531,0.016,0.325,0.072,0.078,0.21,0.113,0.202,0.253,0.391
"Neuropeptide Y receptor type 1",0.003,0.097,0.036,0.004,0.015,0.105,0.275,0.402,0.244,0.051,0.511
"Carbonic anhydrase VA",0.142,0.434,0.002,0.259,0.148,0.191,0.059,0.09,0.056,0.013,0.08
"Endothelin-converting enzyme 1",0.436,0.081,0.005,0.516,0.133,0.409,0.189,0.036,0.306,0.274,0.178
"Orexin receptor 2",0.082,0.053,0.156,0.022,0.103,0.064,0.227,0.081,0.113,0.048,0.095
"Dipeptidyl peptidase IX",0.273,0.346,0.057,0.019,0.106,0.195,0.47,0.056,0.455,0.36,0.44
"Vanilloid receptor",0.303,0.111,0.318,0.412,0.488,0.214,0.353,0.399,0.188,0.446,0.098
"Caspase-1",0.48,0.158,0.083,0.444,0.409,0.277,0.369,0.131,0.252,0.421,0.483
"Nitric-oxide synthase, endothelial",0.523,0.168,0.004,0.176,0.021,0.185,0.11,0.009,0.068,0.182,0.079
"Dual specificity phosphatase Cdc25B",0.256,0.019,0.122,0.297,0.029,0.078,0.316,0.033,0.145,0.088,0.432
"P2X purinoceptor 7",0.011,0.038,0.257,0.04,0.323,0.046,0.435,0.41,0.326,0.217,0.057
"Serine/threonine-protein kinase AKT3",0.182,0.098,0.431,0.226,0.482,0.22,0.206,0.301,0.373,0.411,0.375
"Beta-secretase 1",0.115,0.142,0.176,0.332,0.219,0.442,0.064,0.46,0.078,0.402,0.273
"Acetyl-CoA carboxylase 2",0.229,0.007,0.525,0.43,0.258,0.058,0.141,0.282,0.415,0.452,0.24
"L-lactate dehydrogenase A chain",0.067,0.076,0.064,0.108,0.253,0.312,0.103,0.404,0.197,0.335,0.331
"C-X3-C chemokine receptor 1",0.035,0.029,0.148,0.262,0.319,0.09,0.037,0.122,0.479,0.152,0.147
"Eukaryotic translation initation factor",0.001,0.041,0.016,0.004,0.028,0.039,0.119,0.304,0.333,0.003,0.241
"Apoptosis regulator Bcl-2",0.174,0.466,0.198,0.273,0.47,0.414,0.476,0.188,0.193,0.276,0.156
"Cytochrome P450 1B1",0.075,0.21,0.418,0.093,0.154,0.247,0.37,0.199,0.308,0.399,0.173
"Tyrosine-protein kinase receptor UFO",0.131,0.033,0.184,0.119,0.023,0.042,0.465,0.435,0.432,0.029,0.368
"Neurotrophic tyrosine kinase receptor type 2",0.417,0.148,0.209,0.364,0.477,0.332,0.224,0.294,0.426,0.261,0.234
"Mitogen-activated protein kinase kinase kinase 8",0.214,0.413,0.037,0.257,0.097,0.427,0.209,0.099,0.479,0.257,0.221
"Low molecular weight phosphotyrosine protein phosphatase",0.24,0.073,0.236,0.317,0.358,0.306,0.474,0.055,0.31,0.058,0.383
"Casein kinase I epsilon",0.135,0.317,0.03,0.008,0.107,0.109,0.05,0.516,0.445,0.22,0.042
"L-lactate dehydrogenase B chain",0.114,0.048,0.016,0.057,0.241,0.154,0.459,0.159,0.287,0.483,0.149
"S-methyl-5-thioadenosine phosphorylase",0.261,0.215,0.358,0.497,0.293,0.306,0.557,0.35,0.112,0.436,0.256
"Proto-oncogene c-JUN",0.013,0.004,0.097,0.222,0.001,0.008,0.335,0.156,0.232,0.016,0.485
"Sodium/glucose cotransporter 1",0.241,0.02,0.232,0.233,0.029,0.191,0.15,0.515,0.259,0.147,0.427
"Transketolase",0.023,0.166,0.101,0.108,0.477,0.324,0.291,0.096,0.168,0.186,0.391
"Serine/threonine-protein kinase RIPK2",0.083,0.207,0.34,0.028,0.163,0.206,0.376,0.506,0.507,0.391,0.062
"p53-binding protein Mdm-2",0.131,0.005,0.392,0.11,0.431,0.368,0.259,0.373,0.16,0.455,0.22
"Serine-protein kinase ATR",0.347,0.477,0.275,0.134,0.051,0.279,0.443,0.018,0.441,0.25,0.308
"ADAM10",0.437,0.007,0.054,0.24,0.078,0.198,0.145,0.002,0.412,0.336,0.087
"Endoplasmic reticulum aminopeptidase 2",0.098,0.165,0.093,0.22,0.017,0.116,0.108,0.278,0.334,0.084,0.406
"G protein-coupled receptor 44",0.077,0.391,0.51,0.318,0.435,0.453,0.134,0.424,0.1,0.223,0.373
"Endothelial lipase",0.141,0.257,0.277,0.199,0.35,0.29,0.471,0.497,0.178,0.34,0.322
"Histone deacetylase 10",0.099,0.119,0.208,0.407,0.029,0.082,0.179,0.446,0.261,0.012,0.107
"GABA receptor alpha-5 subunit",0.12,0.047,0.402,0.047,0.503,0.082,0.194,0.316,0.273,0.183,0.183
"Orexin receptor 1",0.228,0.121,0.418,0.109,0.323,0.043,0.018,0.107,0.245,0.033,0.14
"Discoidin domain-containing receptor 2",0.297,0.181,0.081,0.372,0.405,0.105,0.264,0.446,0.373,0.369,0.067
"Metabotropic glutamate receptor 2",0.005,0.005,0.004,0.122,0.046,0.029,0.379,0.387,0.147,0.255,0.186
"Cytochrome P450 26A1",0.377,0.004,0.064,0.087,0.002,0.001,0.301,0.042,0.326,0.091,0.584
"Serine/threonine-protein kinase B-raf",0.348,0.346,0.26,0.548,0.407,0.337,0.578,0.229,0.517,0.5,0.432
"Ephrin type-B receptor 4",0.282,0.09,0.085,0.359,0.116,0.055,0.536,0.252,0.347,0.199,0.178
"Neuropilin-1",0.447,0.001,0.271,0.12,0.118,0.063,0.531,0.411,0.199,0.121,0.333
"dUTP pyrophosphatase",0.354,0.232,0.096,0.316,0.108,0.401,0.403,0.25,0.206,0.092,0.262
"Serine/threonine-protein kinase ILK-1",0.02,0.154,0.427,0.179,0.002,0.016,0.384,0.014,0.448,0.019,0.092
"Tyrosine-protein kinase BTK",0.046,0.245,0.421,0.191,0.296,0.237,0.478,0.018,0.026,0.359,0.305
"Serine/threonine-protein kinase TNNI3K",0.349,0.019,0.164,0.197,0.44,0.414,0.24,0.416,0.363,0.218,0.392
"Cytochrome P450 2A6",0.533,0.002,0.145,0.31,0.409,0.387,0.166,0.2,0.251,0.34,0.396
"Mitogen-activated protein kinase kinase kinase 5",0.138,0.357,0.292,0.236,0.363,0.336,0.479,0.319,0.479,0.255,0.318
"Tyrosine-protein kinase receptor TYRO3",0.277,0.327,0.334,0.174,0.144,0.156,0.14,0.329,0.564,0.075,0.357
"Epithelial discoidin domain-containing receptor 1",0.137,0.18,0.074,0.244,0.301,0.404,0.359,0.192,0.309,0.386,0.503
"Proto-oncogene tyrosine-protein kinase MER",0.085,0.133,0.181,0.11,0.248,0.052,0.282,0.472,0.339,0.413,0.364
"Baculoviral IAP repeat-containing protein 3",0.15,0.009,0.214,0.279,0,0.073,0.387,0.049,0.064,0.003,0.353
"Poly [ADP-ribose] polymerase 2",0.065,0.091,0.101,0.157,0.394,0.356,0.335,0.121,0.34,0.199,0.289
"P-selectin",0.007,0.026,0.048,0.089,0.001,0.017,0.242,0.025,0.325,0.046,0.495
"ATP-binding cassette sub-family G member 2",0.104,0.017,0.372,0.25,0.217,0.359,0.364,0.177,0.273,0.184,0.242
"Pituitary adenylate cyclase-activating polypeptide type I receptor",0.045,0.004,0.091,0.089,0.022,0.354,0.168,0.084,0.197,0.022,0.103
"Serine/threonine-protein kinase PIM3",0.336,0.08,0.059,0.186,0.425,0.162,0.416,0.517,0.369,0.063,0.279
"G-protein coupled bile acid receptor 1",0.273,0.074,0.449,0.179,0.42,0.08,0.152,0.071,0.435,0.446,0.111
"Metastin receptor",0.403,0.025,0.159,0.345,0.153,0.348,0.339,0.154,0.565,0.153,0.345
"Cell division cycle 7-related protein kinase",0.264,0.009,0.244,0.39,0.455,0.138,0.337,0.438,0.358,0.408,0.216
"Sodium channel protein type X alpha subunit",0.275,0.148,0.094,0.16,0.165,0.059,0.154,0.455,0.234,0.159,0.061
"Baculoviral IAP repeat-containing protein 2",0.179,0.254,0.107,0.26,0.177,0.045,0.407,0.167,0.135,0.106,0.351
"Receptor-interacting serine/threonine-protein kinase 1",0.426,0.031,0.512,0.44,0.216,0.119,0.418,0.097,0.267,0.01,0.365
"Protein tyrosine kinase 2 beta",0.1,0.2,0.21,0.246,0.024,0.166,0.355,0.145,0.463,0.185,0.431
"Perforin-1",0.271,0.229,0.237,0.138,0.09,0.302,0.281,0.464,0.15,0.22,0.412
"D-amino-acid oxidase",0.004,0.205,0.414,0.006,0.377,0.39,0.454,0.202,0.483,0.518,0.061
"Serine/threonine-protein kinase WEE1",0.266,0.321,0.122,0.319,0.127,0.468,0.111,0.019,0.087,0.273,0.12
"Histone acetyltransferase PCAF",0.022,0.12,0.017,0.084,0.015,0.215,0.314,0.276,0.087,0.21,0.261
"Secreted frizzled-related protein 1",0.364,0.088,0.42,0.319,0.274,0.39,0.327,0.537,0.213,0.009,0.185
"Transient receptor potential cation channel subfamily V member 3",0.439,0.005,0.016,0.057,0.024,0.392,0.185,0.557,0.083,0.146,0.019
"Protein-arginine N-methyltransferase 1",0.243,0.035,0.419,0.373,0.28,0.353,0.299,0.163,0.217,0.269,0.443
"Nuclear factor NF-kappa-B p65 subunit",0.554,0.043,0.046,0.374,0.253,0.353,0.36,0.131,0.29,0.354,0.353
"Dual specificity tyrosine-phosphorylation-regulated kinase 1B",0.03,0.014,0.42,0.185,0.049,0.003,0.39,0.03,0.032,0.153,0.135
"Acyl-CoA desaturase",0.164,0.071,0.46,0.272,0.027,0.008,0.359,0.008,0.28,0.038,0.045
"Proto-oncogene tyrosine-protein kinase ROS",0.279,0.056,0.044,0.395,0.014,0.033,0.39,0.031,0.225,0.127,0.423
"Lysyl-tRNA synthetase",0.508,0.313,0.099,0.244,0.347,0.482,0.546,0.262,0.508,0.469,0.39
"DNA-(apurinic or apyrimidinic site) lyase",0.24,0.392,0.296,0.008,0.348,0.294,0.175,0.336,0.348,0.439,0.129
"Glucose-dependent insulinotropic receptor",0.392,0.287,0.129,0.213,0.008,0.015,0.446,0.007,0.308,0.109,0.372
"Prostaglandin E synthase",0.015,0.014,0.409,0.049,0.001,0.02,0.381,0.384,0.216,0.023,0.082
"G protein-coupled receptor kinase 5",0.086,0.005,0.011,0.188,0.045,0.361,0.349,0.032,0.294,0.233,0.21
"Egl nine homolog 1",0.169,0.488,0.182,0.419,0.146,0.345,0.271,0.182,0.257,0.128,0.407
"Elongation of very long chain fatty acids protein 6",0.072,0.174,0.535,0.156,0.167,0.365,0.152,0.02,0.12,0.04,0.339
"Glucagon",0.369,0.041,0.046,0.387,0.093,0.219,0.329,0.196,0.298,0.252,0.344
"CREB-binding protein",0.388,0.149,0.029,0.388,0.036,0.34,0.205,0.463,0.094,0.353,0.242
"Mitogen-activated protein kinase kinase kinase 7",0.337,0.211,0.018,0.193,0.268,0.37,0.3,0.218,0.276,0.248,0.091
"Interferon-induced, double-stranded RNA-activated protein kinase",0.061,0.106,0.303,0.089,0.24,0.355,0.345,0.373,0.096,0.322,0.039
"Aldo-keto reductase family 1 member C2",0.485,0.196,0.13,0.168,0.086,0.432,0.254,0.477,0.191,0.189,0.099
"Trace amine-associated receptor 1",0.109,0.185,0.059,0.359,0.028,0.026,0.303,0.5,0.318,0.188,0.192
"Nuclear receptor ROR-alpha",0.242,0.102,0.024,0.253,0.182,0.442,0.206,0.317,0.046,0.216,0.232
"Heat shock factor protein 1",0.265,0.463,0.404,0.453,0.373,0.474,0.315,0.125,0.164,0.054,0.379
"Hematopoietic prostaglandin D synthase",0.512,0.136,0.411,0.341,0.07,0.093,0.24,0.575,0.04,0.108,0.193
"Aldo-keto reductase family 1 member C1",0.104,0.237,0.043,0.536,0.035,0.128,0.33,0.532,0.384,0.137,0.233
"Bifunctional protein NCOAT",0.195,0.029,0.112,0.315,0.047,0.195,0.214,0.136,0.248,0.086,0.271
"LIM domain kinase 2",0.099,0.042,0.18,0.465,0.012,0.036,0.311,0.082,0.412,0.354,0.425
"Serine/threonine-protein kinase PLK2",0.184,0.408,0.389,0.102,0.17,0.012,0.377,0.201,0.022,0.168,0.192
"Neuropeptide FF receptor 1",0.079,0.066,0.554,0.264,0.023,0.029,0.151,0.438,0.202,0.056,0.506
"Neuropeptide FF receptor 2",0.365,0.336,0.416,0.143,0.031,0.126,0.244,0.162,0.49,0.104,0.169
"IgG receptor FcRn large subunit p51",0.261,0.321,0.416,0.36,0.095,0.405,0.112,0.073,0.316,0.106,0.347
"Smoothened homolog",0.034,0.269,0.012,0.044,0.036,0.026,0.482,0.311,0.355,0.355,0.282
"Aldo-keto reductase family 1 member B10",0.415,0.384,0.191,0.044,0.071,0.34,0.156,0.202,0.255,0.311,0.217
"Serine/threonine-protein kinase 33",0.467,0.003,0.061,0.412,0.014,0.119,0.264,0.169,0.497,0.256,0.27
"Transient receptor potential cation channel subfamily A member 1",0.302,0.419,0.318,0.307,0.09,0.16,0.22,0.09,0.011,0.437,0.494
"Diacylglycerol O-acyltransferase 1",0.094,0.376,0.07,0.021,0.049,0.418,0.228,0.154,0.375,0.25,0.139
"Histone-lysine N-methyltransferase, H3 lysine-9 specific 3",0.028,0.219,0.31,0.065,0.245,0.07,0.379,0.051,0.337,0.272,0.056
"Lysine-specific histone demethylase 1",0.124,0.085,0.039,0.202,0.238,0.195,0.289,0.076,0.125,0.161,0.224
"Alpha-synuclein",0.506,0.151,0.105,0.077,0.044,0.09,0.509,0.356,0.303,0.123,0.295
"Tankyrase-2",0.479,0.175,0.098,0.304,0.265,0.401,0.339,0.036,0.01,0.355,0.087
"Tankyrase-1",0.431,0.045,0.315,0.303,0.418,0.432,0.245,0.451,0.248,0.154,0.297
"Mitogen-activated protein kinase kinase kinase kinase 4",0.287,0.311,0.434,0.486,0.287,0.401,0.465,0.272,0.298,0.504,0.04
"Lysine-specific demethylase 4C",0.156,0.036,0.223,0.314,0.305,0.277,0.371,0.258,0.453,0.138,0.146
