"","EGFR","Hypoxia","JAK.STAT","MAPK","NFkB","PI3K","TGFb","TNFa","Trail","VEGF","p53"
"Arginase-1",0,0.747419642857143,0.0199311904761905,0,0.0110728835978836,0.972400505050505,0.0387550925925926,0.0199311904761905,0.882139726631393,0.933444087301587,0.747419642857143
"Leucine-rich repeat serine/threonine-protein kinase 2",0.132874603174603,0.605317636684303,0.605317636684303,1,0.182702579365079,0.498279761904762,0.498279761904762,0.199311904761905,0.507770804988662,0.498279761904762,1
"Tyrosyl-DNA phosphodiesterase 1",0.0498279761904762,0.534820277777778,0.398623809523809,0.984480014430015,0,0.290663194444444,0,0.0498279761904762,0.284731292517007,0.0664373015873016,0.15502037037037
"Transitional endoplasmic reticulum ATPase",0.692055224867725,1,0.664373015873016,0.315577182539683,1,1,0.0332186507936508,0.232530555555556,0.232530555555556,0.896903571428571,1
"Glucokinase regulatory protein",0.0332186507936508,0.842923263888889,0.354332275132275,0.265749206349206,0.15502037037037,0.374896201814059,0.265749206349206,0.132874603174603,1,1,1
"Pyruvate kinase isozymes M1/M2",1,1,1,1,1,1,1,1,1,1,1
"Transient receptor potential cation channel subfamily M member 8",0.484043197278912,1,0.143947486772487,1,0,0.0415233134920635,0.0166093253968254,0.0221457671957672,1,1,0.143947486772487
"G-protein coupled receptor 55",0.551429603174603,0.199311904761905,1,1,1,1,0.224225892857143,0.0996559523809524,0.847075595238095,0.199311904761905,1
"Endoplasmin",0,1,0.518210952380952,1,1,0.0442915343915344,0.21592123015873,0.592399272486772,0.0442915343915344,1,1
"Serine/threonine-protein kinase/endoribonuclease IRE1",0.143947486772487,0.993237658730159,0.749792403628118,0.0664373015873016,0.631154365079365,0.751571974206349,0.631154365079365,0.083046626984127,0.631154365079365,0.874757804232804,1
"NADPH oxidase 4",1,1,0.370150680272109,0.370150680272109,0.0332186507936508,0.370150680272109,0.191007242063492,0.191007242063492,0.676830009920635,1,0.191007242063492
"Ketohexokinase",1,0.863684920634921,0.415233134920635,1,0.415233134920635,1,0.415233134920635,1,1,0.415233134920635,0.863684920634921
"Lethal(3)malignant brain tumor-like protein 1",0.348795833333333,0.166093253968254,0.697591666666667,0.465061111111111,1,1,0.704973589065256,0.199311904761905,0.166093253968254,0.697591666666667,0.697591666666667
"Microtubule-associated protein tau",1,1,1,1,1,1,1,0.498279761904762,1,1,1
"15-hydroxyprostaglandin dehydrogenase [NAD+]",0.15502037037037,1,1,1,0,1,0.083046626984127,0.232530555555556,1,0.83046626984127,0.83046626984127
"G-protein coupled receptor 35",1,0.232530555555556,1,0.232530555555556,0.588444671201814,0.116265277777778,0.116265277777778,1,0.232530555555556,0.588444671201814,1
"ATP-sensitive inward rectifier potassium channel 1",1,0.604579444444444,1,1,0.498279761904762,1,0.604579444444444,0.43184246031746,1,0.604579444444444,1
"Neuropeptides B/W receptor type 1",1,1,0.977577437641723,1,0,0.188239021164021,0.0166093253968254,0.498279761904762,0.498279761904762,1,0.76956541005291
"Nuclear receptor ROR-gamma",0.30727251984127,0.650136451247166,0.354332275132275,1,0.30727251984127,0.30727251984127,0.30727251984127,1,1,0.354332275132275,1
"DNA topoisomerase I",0.773520011337869,0.697591666666667,0.0664373015873016,0.0664373015873016,0.773520011337869,1,1,0.773520011337869,0.575789947089947,1,1
"Farnesyl diphosphate synthase",1,1,1,0.0498279761904762,0.0332186507936508,0.338830238095238,1,0.199311904761905,0.282358531746032,1,1
"Glucagon-like peptide 1 receptor",0.0332186507936508,1,0.332186507936508,0.332186507936508,0.0332186507936508,1,1,0.332186507936508,1,1,1
"Endothelin receptor ET-B",0.83711,0.346423072562358,0.83711,0.12456994047619,0.0166093253968254,0.12456994047619,1,0,0.279036666666667,0.346423072562358,0.83711
"Steroid 5-alpha-reductase 1",0.512516326530612,0.618697371031746,0.512516326530612,0.512516326530612,0.0332186507936508,0.512516326530612,1,0.512516326530612,0.512516326530612,1,0.631154365079365
"Vasopressin V2 receptor",0.0664373015873016,0.61454503968254,0.61454503968254,0.880294246031746,0.61454503968254,0.880294246031746,0.61454503968254,0.941195105820106,1,0.61454503968254,1
"Somatostatin receptor 5",0.901649092970522,0.901649092970522,0.901649092970522,0.0332186507936508,0.901649092970522,1,1,0.901649092970522,1,0.901649092970522,1
"Histone-lysine N-methyltransferase, H3 lysine-79 specific",1,0.177166137566138,0.293431415343915,1,0,1,0.177166137566138,0.293431415343915,0.293431415343915,0.740301360544218,1
"Bromodomain-containing protein 3",0.0996559523809524,1,0.616917800453515,1,0,1,0.0166093253968254,0.338830238095238,0.338830238095238,0.498279761904762,0.925969890873016
"Cysteinyl leukotriene receptor 1",1,1,1,0.481670436507936,0.376478042328042,0.574208106575964,0.132874603174603,0.481670436507936,0.481670436507936,0.585478720238095,0.132874603174603
"Plasminogen",0.956697142857143,1,1,0.0775101851851852,1,0.647763690476191,1,1,0.0166093253968254,0.0166093253968254,1
"Leukocyte adhesion glycoprotein LFA-1 alpha",0.448451785714286,0.390319146825397,0.999881388888889,0.390319146825397,0,0.448451785714286,0.84470283446712,0.0166093253968254,1,0.907976455026455,0.907976455026455
"Somatostatin receptor 2",1,1,1,0.797247619047619,1,0.847075595238095,0.149483928571429,0.149483928571429,1,0.870328650793651,1
"Muscarinic acetylcholine receptor M4",0.503816203703704,0.503816203703704,0.182702579365079,0.0332186507936508,1,1,0.834618601190476,0.834618601190476,0.867375881834215,0.332186507936508,0.332186507936508
"Inosine-5'-monophosphate dehydrogenase 1",0.556412400793651,1,0.83521179138322,1,0.597935714285714,1,0.556412400793651,0.465061111111111,0.83521179138322,0.132874603174603,1
"Receptor protein-tyrosine kinase erbB-2",0.465061111111111,0.673864058956916,1,0.673864058956916,0.531498412698413,1,0.597935714285714,0.597935714285714,1,0.531498412698413,1
"TNF-alpha",0.889521649029982,0.616917800453515,0.15502037037037,0.15502037037037,0,1,0.225886825396825,0.27682208994709,0.225886825396825,1,0.631154365079365
"Phosphodiesterase 5A",0.365405158730159,0.710048660714286,0.372048888888889,1,1,0.372048888888889,0.372048888888889,0.498279761904762,0.710048660714286,1,0.365405158730159
"Serotonin 2b (5-HT2b) receptor",1,1,0.420769576719577,0.420769576719577,0.564717063492064,0.420769576719577,1,1,1,1,0.684304206349206
"Thromboxane-A synthase",0.755724305555556,1,0.755724305555556,1,0.755724305555556,0.755724305555556,1,1,0.858148478835979,0.858148478835979,1
"Prostanoid EP4 receptor",0.83046626984127,1,0.83046626984127,0.83046626984127,0.83046626984127,1,1,1,1,0.265749206349206,1
"Dopamine D5 receptor",0.298967857142857,1,0.298967857142857,0.298967857142857,0.298967857142857,0.315577182539683,0.298967857142857,0.298967857142857,0.315577182539683,0.303713378684807,0.315577182539683
"Somatostatin receptor 4",1,1,1,1,0.0332186507936508,1,0.43184246031746,0.43184246031746,0.92181755952381,1,1
"Gonadotropin-releasing hormone receptor",1,0.232530555555556,1,0.0332186507936508,0.232530555555556,0.40526753968254,0.714200992063492,0.315577182539683,1,1,1
"4-hydroxyphenylpyruvate dioxygenase",0.893883694083694,0.870328650793651,0.870328650793651,0.870328650793651,0.870328650793651,0.870328650793651,0.870328650793651,0.870328650793651,0.870328650793651,0.870328650793651,0.870328650793651
"Tyrosine-protein kinase ABL",0,1,0,0.27682208994709,0.141179265873016,0.886937976190476,0.41286037414966,0.219243095238095,0.141179265873016,0.448451785714286,0.752956084656085
"Vascular endothelial growth factor receptor 1",1,1,1,1,0.741883201058201,1,0.741883201058201,1,1,1,0.741883201058201
"Tissue-type plasminogen activator",0.0166093253968254,0.896903571428572,0.174397916666667,0.0166093253968254,0.265749206349206,0.489975099206349,0.199311904761905,0.132874603174603,1,0.204848346560847,0.527807451499118
"Calcium sensing receptor",0.083046626984127,0.143947486772487,0.259105476190476,1,1,0.232530555555556,0.559180621693122,0.905208234126984,0.992868562610229,0.0332186507936508,0.905208234126984
"Neuronal acetylcholine receptor protein alpha-4 subunit",0.083046626984127,1,1,0.963340873015873,1,1,0.298967857142857,0.0332186507936508,0.963340873015873,0.963340873015873,1
"Potassium channel, inwardly rectifying, subfamily J, member 11",0.221457671957672,1,0.252461746031746,0.221457671957672,0.841539153439153,0.221457671957672,1,1,0.252461746031746,1,1
"Vasopressin V1a receptor",0.0996559523809524,0.49274332010582,0.49274332010582,1,0.39862380952381,1,0.343259391534392,1,0.343259391534392,1,1
"Glutamate carboxypeptidase II",0,1,1,0.116265277777778,0,1,0,1,1,0.996559523809524,1
"Serotonin 1b (5-HT1b) receptor",0.0221457671957672,0.175584297052154,0.175584297052154,0.0166093253968254,0.531498412698413,0.348795833333333,0.175584297052154,0.0166093253968254,0.350641313932981,0.175584297052154,1
"Serotonin 3a (5-HT3a) receptor",0.83046626984127,1,1,0.83046626984127,0.83046626984127,1,1,0.83046626984127,1,0.83046626984127,1
"Aldose reductase",0.597935714285714,0.730810317460317,1,0.730810317460317,1,0.597935714285714,1,0.730810317460317,1,0.597935714285714,1
"Glutamate [NMDA] receptor subunit epsilon 2",1,1,1,1,0,1,1,1,1,1,1
"Serine/threonine-protein kinase RAF",0,0.321113624338624,0.0885830687830688,0.0166093253968254,0.346950352733686,1,0.199311904761905,0.346950352733686,0.687626071428571,0.321113624338624,0.346950352733686
"Aminopeptidase N",0.265749206349206,0.312255317460317,1,0.986593928571429,0,0.986593928571429,0.254676322751323,0.0166093253968254,0.986593928571429,0.986593928571429,0.986593928571429
"Cytochrome P450 11B1",0.747419642857143,1,0.747419642857143,1,1,1,0.747419642857143,0.747419642857143,1,0.747419642857143,0.747419642857143
"Butyrylcholinesterase",0.15502037037037,1,0.365405158730159,0,0.305611587301587,0.697591666666667,0.365405158730159,0.15502037037037,0.305611587301587,1,1
"Alpha-2c adrenergic receptor",0,0.465061111111111,0.743267311507936,1,0.743267311507936,0.0996559523809524,0.743267311507936,0.743267311507936,0.752956084656085,0.12180171957672,1
"Melatonin receptor 1A",0.498279761904762,1,1,0.83046626984127,0.132874603174603,1,1,0.132874603174603,1,1,1
"Melatonin receptor 1B",0.12180171957672,1,0.973306468253968,0.42709693877551,0.12180171957672,0.605317636684303,0,0.42709693877551,0.42709693877551,0.593783382936508,0.42709693877551
"Thyroid hormone receptor beta-1",1,1,1,1,1,1,1,1,1,1,1
"Cyclophilin A",0.116265277777778,1,0.315577182539683,0.978104717813051,0.0332186507936508,0.697591666666667,0.315577182539683,1,0.584648253968254,0.867837251984127,0.597935714285714
"Thymidylate synthase",0.166093253968254,0.132874603174603,0.863684920634921,0.132874603174603,0,0.132874603174603,0.859532589285714,0.132874603174603,0.797247619047619,1,1
"Vascular endothelial growth factor receptor 3",1,1,1,1,1,0.61454503968254,1,1,0.61454503968254,1,1
"Insulin-like growth factor I receptor",0.177166137566138,1,1,0.116265277777778,0.473365773809524,1,1,0.116265277777778,0.620081481481481,0.620081481481481,1
"Epoxide hydrolase 1",1,0.671016746031746,1,1,0.0332186507936508,1,0.0166093253968254,0,0.946731547619048,0.0221457671957672,1
"Tyrosine-protein kinase receptor FLT3",0.988254861111111,1,1,0.498279761904762,0,0.110728835978836,0.305611587301587,0,0.305611587301587,1,0.953849829931973
"Vitamin D receptor",0,0.310040740740741,0.491636031746032,0.97844025974026,0.916834761904762,0.0498279761904762,0.491636031746032,0.916834761904762,0.575789947089947,0.664373015873016,0.867837251984127
"Cytochrome P450 19A1",0.343259391534392,0.453988227513228,0.453988227513228,1,0.0664373015873016,0.882139726631393,0.726657986111111,1,0.726657986111111,0.343259391534392,0.453988227513228
"Insulin receptor",0.221457671957672,1,0.52319375,0.564717063492063,0.868430442176871,1,0.221457671957672,0.221457671957672,0.564717063492063,0.92181755952381,1
"Serotonin 1d (5-HT1d) receptor",0.199311904761905,0.982322959183673,0.982322959183673,1,0.199311904761905,0.982322959183673,1,1,1,0.982322959183673,0.982322959183673
"Inhibitor of nuclear factor kappa B kinase beta subunit",0.578004523809524,0.775101851851852,0.950053412698413,0.465061111111111,0.465061111111111,0.925376700680272,0.950053412698413,0.465061111111111,0.950053412698413,0.578004523809524,1
"Prostanoid IP receptor",0.858148478835979,1,1,1,0.858148478835979,1,0.664373015873016,0.858148478835979,0.858148478835979,1,0.858148478835979
"Equilibrative nucleoside transporter 1",0,0.313204421768707,1,0.21592123015873,0,0.871989583333333,0.0442915343915344,0.21592123015873,1,1,0.0996559523809524
"Purinergic receptor P2Y12",0.365405158730159,1,0.481670436507936,1,0.481670436507936,0.365405158730159,0.772333630952381,0.365405158730159,0.498279761904762,0.481670436507936,1
"Retinoic acid receptor gamma",1,1,1,1,0.498279761904762,0.498279761904762,0.976628333333333,0.92181755952381,1,0.907976455026455,1
"Platelet-derived growth factor receptor alpha",0.43184246031746,1,0.43184246031746,1,0.43184246031746,1,1,1,1,1,1
"Retinoic acid receptor beta",1,1,0.92181755952381,0.564717063492064,0.332186507936508,1,0.332186507936508,0.232530555555556,0.92181755952381,0.92181755952381,0.92181755952381
"Nociceptin receptor",0.504923492063492,0.871989583333333,0.166093253968254,0.871989583333333,0.504923492063492,0.873650515873016,0.504923492063492,0.692055224867725,0.315577182539683,0.873650515873016,0.936161976911977
"Dihydrofolate reductase",0.132874603174603,0.174397916666667,0.387550925925926,0.793095287698413,0.132874603174603,0.387550925925926,1,0,1,0.874757804232804,0.793095287698413
"Epidermal growth factor receptor erbB1",0.498279761904762,0.631154365079365,1,1,1,0.498279761904762,1,0.896903571428571,1,1,1
"Muscarinic acetylcholine receptor M5",0.465061111111111,0.880294246031746,0.975420382395382,0.852612037037037,0.465061111111111,0.863684920634921,0.880294246031746,0.863684920634921,0.867837251984127,0.867837251984127,0.863684920634921
"Peptidyl-prolyl cis-trans isomerase FKBP5",0.520425529100529,0.783960158730159,0.938426884920635,0.783960158730159,0.938426884920635,0.520425529100529,1,0.520425529100529,1,1,0.938426884920635
"Retinoic acid receptor alpha",0.749792403628118,0.943409682539682,0.116265277777778,0.157788591269841,0.212599365079365,0.943409682539682,0.157788591269841,0.0996559523809524,0.747419642857143,0.943409682539682,1
"Estrogen receptor alpha",0.514889087301587,0.770672698412698,1,1,0.514889087301587,1,0.514889087301587,0.514889087301587,1,1,1
"Beta-2 adrenergic receptor",0.232530555555556,0.809704613095238,0.967031834215168,0.0498279761904762,0.684304206349206,0.707082709750567,0.0498279761904762,1,0.707082709750567,0.232530555555556,1
"Cyclin T1",1,0.465061111111111,0.365405158730159,0.465061111111111,0.741883201058201,1,1,1,0.365405158730159,0.365405158730159,1
"Muscarinic acetylcholine receptor M2",0.0110728835978836,1,0.749792403628118,1,0,1,0.0110728835978836,0.182702579365079,1,0.141179265873016,0.172736984126984
"Beta-1 adrenergic receptor",0.455570068027211,0.426306018518519,0.0996559523809524,0.426306018518519,0,0.78516810966811,0,0,0.465061111111111,0.627463403880071,0.747419642857143
"Dopamine D2 receptor",0.321113624338624,0.999881388888889,0.465061111111111,0.999881388888889,0.199311904761905,0.999881388888889,0.999881388888889,0.199311904761905,1,0.465061111111111,0.999881388888889
"Beta-glucocerebrosidase",1,0.958595351473923,1,0.958595351473923,0.0110728835978836,1,0.0110728835978836,0.0110728835978836,0.870328650793651,0.870328650793651,1
"Motilin receptor",1,1,1,0.697591666666667,0.697591666666667,1,0.132874603174603,0.697591666666667,1,1,1
"MAP kinase-activated protein kinase 2",0.0442915343915344,0.673864058956916,0.747419642857143,0.0442915343915344,0.382014484126984,0.989915793650794,0.0332186507936508,0.224225892857143,0.989177601410935,0.382014484126984,1
"Cyclooxygenase-1",0.0996559523809524,0.873175963718821,0.873175963718821,0.182702579365079,1,0.531498412698413,1,0.873175963718821,0.556412400793651,1,1
"Norepinephrine transporter",1,1,0.179380714285714,0.896903571428571,0,0.166093253968254,0.166093253968254,0,1,1,1
"Anandamide amidohydrolase",1,1,0.597935714285714,1,0.465061111111111,1,0.166093253968254,0.132874603174603,1,1,1
"Serotonin 2c (5-HT2c) receptor",1,1,1,1,1,1,0.885830687830688,1,0.885830687830688,0.885830687830688,1
"Dipeptidyl peptidase I",0.21592123015873,0.683355102040816,0.282358531746032,0.376478042328042,0.282358531746032,0.701743998015873,0.807213214285714,0.21592123015873,0.927102344877345,0.793556657848325,0.312255317460317
"Serotonin transporter",0.0332186507936508,1,1,0.0664373015873016,0.0332186507936508,1,1,0.672677678571429,1,1,1
"Peroxisome proliferator-activated receptor alpha",0.149483928571429,1,0.958595351473923,0.958595351473923,0.764028968253968,1,0.0332186507936508,0.803891349206349,0.631154365079365,1,1
"HERG",0.0664373015873016,0.0797247619047619,0.658836574074074,0.915885657596372,0,1,0.0332186507936508,0,1,1,1
"Epoxide hydratase",0,1,1,0.21592123015873,0.772333630952381,0.943409682539682,1,1,1,1,0.772333630952381
"Phosphodiesterase 3A",0.260212764550265,0.107960615079365,0.107960615079365,0,0,1,0.435164325396825,0.435164325396825,0.435164325396825,0.435164325396825,0.260212764550265
"C-C chemokine receptor type 1",0.770672698412698,0.524116490299824,0.524116490299824,0.524116490299824,0.524116490299824,0.110728835978836,0.298967857142857,0.0996559523809524,0.524116490299824,1,0.110728835978836
"C-C chemokine receptor type 4",0.0498279761904762,0.564717063492063,0.564717063492063,1,0.055364417989418,0.963340873015873,0.92181755952381,1,0.564717063492063,0.0332186507936508,0.564717063492063
"Estrogen receptor beta",0.664373015873016,1,1,1,1,0.664373015873016,1,1,1,1,1
"Glyoxalase I",0.859993959435626,0.859993959435626,0.859993959435626,0.933444087301587,0,0.697591666666667,0.0332186507936508,0.0996559523809524,0.697591666666667,1,0.859993959435626
"Myosin light chain kinase, smooth muscle",0.292324126984127,1,0.0996559523809524,0.292324126984127,0.805552281746032,0.805552281746032,1,0.404160251322751,1,0.292324126984127,0.292324126984127
"Serine/threonine-protein kinase AKT2",0.224225892857143,1,0.896903571428571,0.896903571428571,0.224225892857143,1,0.896903571428571,0.224225892857143,0.224225892857143,1,1
"Interleukin-8 receptor B",0.21592123015873,0.66806397707231,0.66806397707231,0.66806397707231,0,0.66806397707231,0.66806397707231,0.354332275132275,1,0.66806397707231,1
"Myeloperoxidase",1,1,1,1,1,1,1,1,1,1,1
"Coagulation factor X",0.816229705215419,1,0.149483928571429,0.149483928571429,0.166093253968254,0.719737433862434,0.719737433862434,1,1,1,0.489975099206349
"Deoxycytidine kinase",1,0.905208234126984,1,0.110728835978836,0,0.905208234126984,0.382014484126984,0,0.703128108465608,0.624510634920635,1
"Muscarinic acetylcholine receptor M3",1,1,0.85039746031746,0.0332186507936508,0.85039746031746,0.85039746031746,0.85039746031746,1,0.901649092970522,0.901649092970522,1
"Beta-3 adrenergic receptor",0.448451785714286,0.885830687830688,1,1,1,1,1,1,0.448451785714286,1,1
"Death-associated protein kinase 3",0.0166093253968254,0.617866904761905,1,0,0.498279761904762,0.631154365079365,0.617866904761905,0.664373015873016,0.621663321995465,1,0.621663321995465
"Methionine aminopeptidase 1",0.0664373015873016,0.89136712962963,1,0.764028968253968,1,1,1,0.89136712962963,0.89136712962963,0.89136712962963,1
"Leukocyte elastase",0.0664373015873016,1,0.626408843537415,0,0.224225892857143,0.838770932539683,0.210384788359788,1,0.43184246031746,1,0.559180621693122
"Beta amyloid A4 protein",0,0.12180171957672,0.12180171957672,0.0083046626984127,0.0083046626984127,1,1,0.959188541666667,1,0.0083046626984127,0.218293990929705
"Neurokinin 1 receptor",0.083046626984127,0.0797247619047619,0.957301118326118,0,0.175584297052154,0.549953218694885,0.0221457671957672,0.0221457671957672,0.0797247619047619,0.549953218694885,0.63447623015873
"Neuronal acetylcholine receptor protein alpha-7 subunit",0.564717063492064,0.838770932539683,0.838770932539683,0.838770932539683,0.838770932539683,1,1,1,0.838770932539683,0.838770932539683,0.838770932539683
"Adenosine A2a receptor",0.357100496031746,0.468382976190476,0.357100496031746,0.468382976190476,0.468382976190476,0.468382976190476,0.357100496031746,0.945221608946609,0.357100496031746,0.468382976190476,0.468382976190476
"Endothelin receptor ET-A",0.282358531746032,1,1,1,0.578004523809524,0.736346759259259,0.354332275132275,0.232530555555556,1,0.578004523809524,1
"Beta secretase 2",0.382014484126984,0.42519873015873,0.382014484126984,0.0664373015873016,0.365405158730159,0.826775308641975,0.826775308641975,1,0.826775308641975,1,0.470597552910053
"Serine/threonine-protein kinase Chk2",0.564717063492064,0.564717063492064,0.585478720238095,0.969984603174603,0.585478720238095,0.845230114638448,0.585478720238095,0.585478720238095,0.585478720238095,1,0.585478720238095
"Cannabinoid CB2 receptor",0.734962648809524,1,0.358761428571429,0.0332186507936508,0.0332186507936508,0.358761428571429,0.370941600529101,0.110728835978836,0.488788718820862,1,1
"3-phosphoinositide dependent protein kinase-1",0.797247619047619,0.797247619047619,1,1,0.0664373015873016,1,1,1,1,0.797247619047619,1
"Phospholipase D1",0.249139880952381,1,0.249139880952381,0.30727251984127,0.249139880952381,0.428520595238095,0.249139880952381,0.0664373015873016,0.30727251984127,0.249139880952381,0.428520595238095
"Phosphodiesterase 4A",0.055364417989418,0.61454503968254,0.491636031746032,0.559971541950113,0.0332186507936508,1,0.0332186507936508,0.12456994047619,0.85039746031746,0.727119356261023,0.559971541950113
"Adenosine A2b receptor",0.586862830687831,1,0.664373015873016,0.586862830687831,0.0332186507936508,0.664373015873016,0.664373015873016,1,0.664373015873016,0.664373015873016,0.664373015873016
"Carboxypeptidase B",0.680982341269841,0.974413756613757,0.680982341269841,0.680982341269841,0.717522857142857,1,1,1,0.680982341269841,1,1
"Adenosine A3 receptor",0.730810317460318,1,0.98548664021164,0.0332186507936508,1,0.730810317460318,0.520425529100529,1,1,0.520425529100529,1
"Histone deacetylase 5",0,1,1,0.177166137566138,0.0332186507936508,0.389132766439909,0.177166137566138,0.0885830687830688,0.177166137566138,1,1
"Liver glycogen phosphorylase",0.0332186507936508,1,0.132874603174603,0,0.279036666666667,1,0.415233134920635,0.274053869047619,1,0.855380257936508,0.631154365079365
"Tyrosine-protein kinase LCK",1,1,1,1,1,1,1,0.43184246031746,1,1,1
"Cathepsin D",0,0.884446577380952,0.239174285714286,0.0110728835978836,0,1,0.0664373015873016,0.602681235827664,0.602681235827664,1,1
"Melanocortin receptor 4",1,1,0.639459027777778,1,0.631154365079365,1,0.639459027777778,1,1,1,0.631154365079365
"Peptide N-myristoyltransferase 1",0.232530555555556,0.568408024691358,0.604579444444444,0.47751810515873,0.724770562770563,0.47751810515873,0.232530555555556,0.40526753968254,0.340491170634921,0.340491170634921,0.47751810515873
"Tyrosine-protein kinase SYK",0.0166093253968254,1,1,0,0.083046626984127,0.950883878968254,0.950883878968254,0.950883878968254,0.0221457671957672,0.950883878968254,1
"MAP kinase p38 alpha",0.332186507936508,1,0.332186507936508,0.332186507936508,1,0.611223174603175,1,1,1,0.611223174603175,1
"Carbonic anhydrase I",0.251512641723356,0.631154365079365,0.0664373015873016,0.0332186507936508,0,0.539803075396825,0.0110728835978836,0,0.0775101851851852,0.863684920634921,0.863684920634921
"Furin",0.166093253968254,0.378692619047619,0.42709693877551,0.42709693877551,0,1,1,0.378692619047619,1,1,0.378692619047619
"Tryptase beta-1",0.415233134920635,1,1,1,1,1,1,0.415233134920635,1,0.586862830687831,1
"Glycogen synthase kinase-3 beta",0,0.212599365079365,1,0.212599365079365,0.341677551020408,0.232530555555556,0.055364417989418,0.055364417989418,1,1,0.411080803571429
"Dual specificity protein phosphatase 3",0,0.444299454365079,0.444299454365079,0,1,0.0885830687830688,0.444299454365079,1,0.12456994047619,0.444299454365079,1
"c-Jun N-terminal kinase 3",0.298967857142857,1,0.298967857142857,0.481670436507936,0.0996559523809524,1,0.345473968253968,0.0996559523809524,1,1,1
"Histamine H3 receptor",0,0.760338007054674,0.271285648148148,0.0166093253968254,0.0332186507936508,0.0498279761904762,0.498279761904762,0.0531498412698413,0.573021726190476,1,1
"Phosphodiesterase 2A",1,0.671016746031746,0.671016746031746,0.671016746031746,1,1,0.671016746031746,0.896903571428571,1,0.671016746031746,1
"Adenosylhomocysteinase",1,1,1,1,1,1,1,1,1,1,1
"Tyrosine-protein kinase SRC",0.752956084656085,1,1,0.0166093253968254,0.744097777777778,0.0166093253968254,0.851227926587302,0.15502037037037,0.174397916666667,1,0.764028968253968
"Cathepsin K",0.21592123015873,0.491636031746032,1,1,0.491636031746032,0.491636031746032,0.132874603174603,1,1,1,1
"Macrophage-stimulating protein receptor",1,1,1,0.465061111111111,1,1,1,1,1,1,1
"Cystinyl aminopeptidase",0.402776140873016,0,0.191007242063492,0.191007242063492,0.287894973544974,0.690209744268078,1,0.287894973544974,1,0,0.370150680272109
"Focal adhesion kinase 1",1,0.415233134920635,1,0.415233134920635,1,1,0.870328650793651,0.870328650793651,1,0.870328650793651,1
"Mitogen-activated protein kinase kinase kinase 11",0.70866455026455,0.0597935714285714,0.0597935714285714,0.70866455026455,0,0.221457671957672,0.0597935714285714,0,1,0.688100623582766,0.84375373015873
"Histone deacetylase 7",0.0996559523809524,1,1,1,1,0.506584424603175,0.506584424603175,1,1,0.506584424603175,1
"Phosphodiesterase 11A",1,0.803891349206349,1,1,0.803891349206349,1,0.0332186507936508,0.0332186507936508,1,0.803891349206349,1
"Cytochrome P450 11B2",0,0.374896201814059,0.0083046626984127,0.0083046626984127,0.869724675324675,0.166093253968254,0.869724675324675,0.343259391534392,0.622849702380952,0.0083046626984127,0.723428395061728
"Protein-glutamine gamma-glutamyltransferase",1,1,1,1,0.365405158730159,1,1,0.448451785714286,1,1,1
"Phospholipase D2",1,1,1,1,1,1,1,1,1,1,1
"Metabotropic glutamate receptor 4",0.539803075396825,0.871989583333333,0.166093253968254,0,1,0.747419642857143,1,0.539803075396825,0.690947936507937,1,0.83046626984127
"C-C chemokine receptor type 5",0.205955634920635,0.311424851190476,0.509352645502646,0.793925753968254,0,0.298967857142857,0.205955634920635,0,1,0,0.249139880952381
"Fibroblast growth factor receptor 3",0,0.312255317460317,1,0.737454047619048,0.312255317460317,0.737454047619048,0.116265277777778,0.680982341269841,0.737454047619048,0.265749206349206,0.737454047619048
"Phosphodiesterase 4B",0.0332186507936508,0.577174057539683,0.0332186507936508,0.476133994708995,0.577174057539683,1,0.116265277777778,0.793556657848325,1,0.116265277777778,0.166093253968254
"Ileal bile acid transporter",1,0.941195105820106,0.166093253968254,0.166093253968254,0.941195105820106,1,1,0.290663194444444,1,1,0.254676322751323
"Integrin alpha-4",0.254676322751323,1,1,1,0.254676322751323,1,0.199311904761905,1,1,1,1
"Sodium/hydrogen exchanger 1",0.764028968253968,1,1,0.764028968253968,0.905208234126984,0.764028968253968,0.265749206349206,1,0.905208234126984,0.764028968253968,0.905208234126984
"Acyl coenzyme A:cholesterol acyltransferase 1",1,1,1,1,1,1,1,1,1,1,1
"Estradiol 17-beta-dehydrogenase 2",0.509352645502645,0.531498412698413,1,1,0.0332186507936508,1,0.0332186507936508,0.584648253968254,1,0.996559523809524,1
"Vascular endothelial growth factor receptor 2",0.0332186507936508,1,1,0,0.0996559523809524,1,1,1,0.30727251984127,0.70866455026455,0.345473968253968
"Matrix metalloproteinase 13",0,1,0.0498279761904762,0,0.105192394179894,0.166093253968254,0,0.261596875,0.0597935714285714,0.504923492063492,0.35802323633157
"Tyrosine-protein kinase ZAP-70",0.43184246031746,1,1,1,1,1,1,0.747419642857143,1,1,1
"LXR-alpha",0.498279761904762,0.603472156084656,1,0.996559523809524,0.603472156084656,0.603472156084656,0.498279761904762,1,0.996559523809524,0.603472156084656,1
"Protein-glutamine gamma-glutamyltransferase K",0.786174735449735,0.847075595238095,1,0.847075595238095,1,0.786174735449735,0.847075595238095,1,0.786174735449735,1,1
"Nerve growth factor receptor Trk-A",0.287894973544974,1,1,0.937504144620811,0.0332186507936508,0.514889087301587,0.132874603174603,0.937504144620811,0.937504144620811,0.514889087301587,0.514889087301587
"Coagulation factor XI",1,1,1,1,0.166093253968254,1,1,0.166093253968254,1,1,1
"Casein kinase I delta",0.372048888888889,1,0.686518783068783,0.937504144620811,0,0.0498279761904762,1,0.372048888888889,0.372048888888889,0.937504144620811,0.937504144620811
"Matrix metalloproteinase 3",0.672677678571429,0.974413756613757,1,1,0.531498412698413,0.974413756613757,0.974413756613757,0.298967857142857,0.974413756613757,0.672677678571429,0.974413756613757
"Tyrosine-protein kinase JAK1",0.132874603174603,0.323881845238095,1,1,1,0.323881845238095,0.792502097505669,0,1,0.637798095238095,0.792502097505669
"Dipeptidyl peptidase IV",0,0.548107738095238,0.548107738095238,0,0.0442915343915344,0.673864058956916,1,0.132874603174603,0.841539153439153,1,0.841539153439153
"Serine/threonine-protein kinase mTOR",0.989177601410935,0.358761428571429,0.989177601410935,0.340491170634921,0.537034854497355,0.993237658730159,0.298967857142857,0.298967857142857,0.298967857142857,0.669118537414966,1
"Glycogen synthase kinase-3 alpha",0,0.664373015873016,1,0.15502037037037,0.149483928571429,0.930122222222222,0.930122222222222,1,1,0.382014484126984,1
"Renin",1,1,0.83046626984127,0.880294246031746,1,1,1,1,1,1,1
"Sigma opioid receptor",0.793556657848325,0.574208106575964,1,0.574208106575964,0.574208106575964,0.574208106575964,0.574208106575964,0.574208106575964,0.574208106575964,0.793556657848325,1
"Mitogen-activated protein kinase kinase kinase 9",0.0885830687830688,1,1,0.172736984126984,0.836002711640212,1,0.172736984126984,0.0885830687830688,0.0885830687830688,1,1
"Phosphodiesterase 4D",0.788942956349206,1,0.559180621693122,0,0.0110728835978836,0.340491170634921,1,0,0.788942956349206,1,0.491636031746032
"Carbonic anhydrase III",0,1,0.671016746031746,1,0.851227926587302,0.851227926587302,0.132874603174603,0,0.863684920634921,0.851227926587302,0.149483928571429
"Hematopoietic cell protein-tyrosine phosphatase 70Z-PEP",0.332186507936508,1,1,0,1,0.777316428571429,1,1,0.777316428571429,0.182702579365079,1
"Phosphodiesterase 3B",0.0332186507936508,1,1,1,0.0166093253968254,1,1,0,1,1,1
"Arachidonate 15-lipoxygenase",0.520425529100529,0.520425529100529,1,1,0.520425529100529,0.838770932539683,1,1,1,1,1
"Phosphodiesterase 4C",0.132874603174603,1,1,0.27682208994709,0.282358531746032,1,0.21592123015873,1,1,1,1
"Telomerase reverse transcriptase",0.458417380952381,1,0.343259391534392,0.343259391534392,1,1,0.0996559523809524,1,1,0.458417380952381,1
"Protein kinase C gamma",0.538142142857143,0.989915793650794,0.859532589285714,0.177166137566138,0.182702579365079,0.177166137566138,0.659627494331066,0.177166137566138,0.989915793650794,1,0.659627494331066
"Cathepsin S",0.0332186507936508,1,0.292324126984127,0.852612037037037,0.149483928571429,1,0.292324126984127,0.292324126984127,1,1,1
"Sphingosine 1-phosphate receptor Edg-5",0.0332186507936508,0.0332186507936508,0.224225892857143,0.664373015873016,0.139518333333333,0.224225892857143,0.224225892857143,0.139518333333333,0.518210952380952,0.139518333333333,0.262058245149912
"Tyrosine-protein kinase ITK/TSK",0.177166137566138,0.177166137566138,0.418555,1,0.166093253968254,0.6754458994709,0.525961970899471,0.6754458994709,0.6754458994709,0.30727251984127,1
"Dual specificity mitogen-activated protein kinase kinase 2",0.409696693121693,0.409696693121693,0.199311904761905,1,0,0.409696693121693,0.315577182539683,0.0166093253968254,0.385336349206349,0.409696693121693,1
"Tyrosine-protein kinase JAK2",1,0.772333630952381,0.772333630952381,0.772333630952381,0,1,0.055364417989418,0,1,0.182702579365079,0.772333630952381
"Rho-associated protein kinase 2",0,0.240835218253968,0.305611587301587,0.315577182539683,0.0332186507936508,0.818009275793651,0.0332186507936508,1,1,1,0.332186507936508
"Cholecystokinin B receptor",0.876972380952381,0.969984603174603,0.902440013227513,0.959188541666667,1,0.876972380952381,0.969984603174603,0.631154365079365,0.876972380952381,0.876972380952381,0.959188541666667
"Protein kinase C alpha",0.509352645502645,0.712355511463845,0.712355511463845,1,0.132874603174603,0.571360793650794,0.132874603174603,0.712355511463845,0.712355511463845,1,0.571360793650794
"Protein kinase C delta",1,1,0.575789947089947,1,0.0166093253968254,1,1,0,1,1,1
"P2X purinoceptor 3",0.941195105820106,1,1,1,0.382014484126984,0.941195105820106,0.841539153439153,0.0332186507936508,1,0.941195105820106,1
"Multidrug resistance-associated protein 1",1,0.658836574074074,1,0.0110728835978836,0.0664373015873016,1,0.0664373015873016,0,0.0110728835978836,1,0.683355102040816
"Receptor protein-tyrosine kinase erbB-4",0.498279761904762,0.989177601410935,0.498279761904762,1,0.498279761904762,0.498279761904762,1,0.913512896825397,0.989177601410935,0.332186507936508,0.989177601410935
"Cyclin-dependent kinase 2",0.254676322751323,0.531498412698413,0.476133994708995,0.476133994708995,0.132874603174603,0.775101851851852,0.232530555555556,1,0.531498412698413,0.476133994708995,1
"Phosphodiesterase 7A",1,1,1,1,0,0.714200992063492,0.387550925925926,0,1,1,1
"Matriptase",0.751571974206349,1,0.730810317460317,0.166093253968254,1,0.751571974206349,0.751571974206349,0.166093253968254,1,0.751571974206349,0.751571974206349
"Sphingosine kinase 2",0.365405158730159,0.365405158730159,0.531498412698413,1,0.531498412698413,0.332186507936508,1,1,0.754537925170068,0.531498412698413,1
"Serine/threonine-protein kinase PLK1",0.92458578042328,1,1,0.752956084656085,0.92458578042328,1,0.92458578042328,0.182702579365079,0.182702579365079,1,1
"Carbonic anhydrase VI",0,1,1,0.0332186507936508,1,1,1,0.340491170634921,0.340491170634921,1,1
"Protein kinase C beta",0.282358531746032,1,1,0.282358531746032,0,1,0.282358531746032,1,1,1,0.657729285714286
"Cyclin-dependent kinase 7",0.83995731292517,0.448451785714286,0.803891349206349,0.764028968253968,0.764028968253968,0.83995731292517,1,1,0.938426884920635,0.39862380952381,1
"Glycine transporter 2",0,0.955958950617284,0.321113624338624,0.0664373015873016,0.616917800453515,0.616917800453515,0.42519873015873,0.955958950617284,1,0.42519873015873,1
"Cyclin-dependent kinase 1",0.507770804988662,0.999579401154401,0.643611359126984,0,0.116265277777778,0.232530555555556,0.249139880952381,0.232530555555556,0.856302998236332,0.232530555555556,0.886937976190476
"Excitatory amino acid transporter 1",1,1,1,1,1,1,1,1,1,1,1
"Plasma retinol-binding protein",0.382014484126984,0.764028968253968,0.764028968253968,0.764028968253968,0.55364417989418,1,1,0.382014484126984,0.797247619047619,1,1
"Poly [ADP-ribose] polymerase-1",0.118638038548753,0.118638038548753,1,0.118638038548753,0.0913512896825397,0.0913512896825397,0.524116490299824,0.083046626984127,0.083046626984127,0.807213214285714,0.524116490299824
"Thymidine phosphorylase",1,1,1,1,0.265749206349206,0.83046626984127,1,1,1,1,1
"Cyclin-dependent kinase 9",0.39862380952381,0.39862380952381,0.413387654320988,0.39862380952381,0.39862380952381,0.421876865079365,0.39862380952381,0.942201731601732,0.413387654320988,0.39862380952381,0.39862380952381
"PI3-kinase p110-delta subunit",0.525961970899471,1,1,0.525961970899471,0.525961970899471,0.913512896825397,0.525961970899471,0.913512896825397,0.525961970899471,0.525961970899471,1
"DNA-dependent protein kinase",0.0332186507936508,1,0.0664373015873016,0.0332186507936508,0.0913512896825397,0.578953628117914,0.298967857142857,0.593783382936508,1,0.259105476190476,1
"PI3-kinase p110-beta subunit",1,1,0.647763690476191,1,0.498279761904762,1,0.647763690476191,0.647763690476191,0.803891349206349,1,1
"Serotonin 7 (5-HT7) receptor",0.930122222222222,1,1,1,1,0.930122222222222,1,0.930122222222222,0.930122222222222,1,1
"Bradykinin B2 receptor",0.514889087301587,0.840431865079365,0.840431865079365,0.697591666666667,0,0.840431865079365,0.321113624338624,0.116265277777778,0.840431865079365,0.840431865079365,1
"Protein-tyrosine phosphatase 1C",0.61454503968254,1,0.730810317460317,1,0.365405158730159,1,1,1,1,0.730810317460317,1
"Carboxylesterase 2",0.0664373015873016,0.212599365079365,0.420769576719577,0.83046626984127,1,0.212599365079365,1,0.0664373015873016,0.83046626984127,0.15502037037037,1
"Estradiol 17-beta-dehydrogenase 1",0,1,1,1,0.0166093253968254,1,0.0221457671957672,1,1,1,1
"Histone deacetylase 8",0.697591666666667,0.531498412698413,0.669909457671958,1,0.788942956349206,0.804629541446208,0.423537797619048,0.0332186507936508,0.409696693121693,0.409696693121693,1
"Prolyl endopeptidase",1,1,1,0.855380257936508,0.996559523809524,0.996559523809524,0.855380257936508,0.855380257936508,1,1,0.855380257936508
"Matrix metalloproteinase 9",0.083046626984127,0.511567222222222,0.265749206349206,0.373709821428571,0.561395198412698,0.561395198412698,0.083046626984127,0.688532034632035,0.561395198412698,0.561395198412698,0.561395198412698
"CD22",1,1,1,1,0.996559523809524,1,1,0.963340873015873,1,0.996559523809524,1
"Metabotropic glutamate receptor 5",1,1,1,1,0.524854682539683,1,0.524854682539683,0.132874603174603,0.524854682539683,0.524854682539683,1
"Sphingosine 1-phosphate receptor Edg-6",0.132874603174603,0.788942956349206,0.889521649029982,0.0664373015873016,0.212599365079365,0.788942956349206,0.212599365079365,1,0.212599365079365,0.788942956349206,1
"Rho-associated protein kinase 1",0.571360793650794,1,0.571360793650794,0.265749206349206,1,0.813856944444444,1,0.376478042328042,0.265749206349206,1,1
"Tyrosine-protein kinase HCK",0.0885830687830688,0.0885830687830688,0.782483774250441,0.0885830687830688,0.631154365079365,0.631154365079365,0.274053869047619,0.292324126984127,1,0.680982341269841,0.933444087301587
"Carbonic anhydrase XII",1,1,1,1,1,1,1,1,1,1,1
"Histone deacetylase 1",0.645918209876543,0.391980079365079,0.560564732142857,1,0,0.536243934240363,0.0442915343915344,0,1,0.391980079365079,0.536243934240363
"Lysophosphatidic acid receptor Edg-7",0.0332186507936508,0.298967857142857,0.813856944444445,0.0996559523809524,0.12180171957672,0.752956084656085,0.617866904761905,0.813856944444445,1,0.813856944444445,0.813856944444445
"PI3-kinase p110-gamma subunit",1,1,1,1,1,1,1,1,0.880294246031746,0.697591666666667,1
"PI4-kinase beta subunit",0,1,1,0.819393386243386,1,1,1,0.055364417989418,0.240835218253968,0.0498279761904762,0.819393386243386
"Cathepsin L2",1,0.498279761904762,1,1,0.896903571428571,0.896903571428571,1,0.896903571428571,1,1,1
"Urokinase-type plasminogen activator",0.0664373015873016,0.370941600529101,1,0.906394614512472,0.370941600529101,1,1,0.0332186507936508,1,0.0664373015873016,0.370941600529101
"Testis-specific androgen-binding protein",0.948577028218695,0.39862380952381,0,0.0913512896825397,0.182702579365079,1,0.182702579365079,0.826313938492064,0.0913512896825397,1,0.083046626984127
"Caspase-6",0,0.15502037037037,1,0.616917800453515,0.616917800453515,0.992868562610229,0.83046626984127,0.616917800453515,0.616917800453515,0.0166093253968254,1
"Cyclin-dependent kinase 4",0.937504144620811,0.143947486772487,1,0.776485962301587,0.143947486772487,0.776485962301587,0.776485962301587,0.776485962301587,1,0.0332186507936508,0.776485962301587
"Histone deacetylase 11",0.903547301587302,0.903547301587302,0.265749206349206,0.199311904761905,0.265749206349206,0.199311904761905,0.199311904761905,0.822161607142857,0.822161607142857,0.960320995670996,0.822161607142857
"Sodium-dependent proline transporter",1,1,0.0775101851851852,0,0.620081481481481,0.0775101851851852,0.917665228174603,0.191007242063492,0.735555839002268,0.930122222222222,0.391980079365079
"Matrix metalloproteinase-1",1,1,0.597935714285714,0,1,1,0.597935714285714,0.597935714285714,0.182702579365079,1,1
"Matrix metalloproteinase-2",1,0.511567222222222,0.639459027777778,0,0,0.639459027777778,1,0.0110728835978836,0.232530555555556,0.639459027777778,1
"Protein-tyrosine phosphatase 1B",0.259105476190476,0.0664373015873016,0.756647045855379,0.42709693877551,0.0498279761904762,0.107960615079365,0.923478492063492,0.0332186507936508,0.42709693877551,0.531498412698413,1
"Acetyl-CoA carboxylase 1",0.61454503968254,1,1,0.240835218253968,0.199311904761905,0.656068353174603,0.199311904761905,0.240835218253968,0.298967857142857,1,0.656068353174603
"Serotonin 6 (5-HT6) receptor",0,1,0.265749206349206,1,0,1,0.358761428571429,0.930122222222222,0.274053869047619,1,1
"MAP kinase ERK1",0.826313938492064,0.996559523809524,0.484992301587302,0.166093253968254,0.465061111111111,0,0.996559523809524,0.826313938492064,0.221457671957672,0.826313938492064,1
"Cytochrome P450 2C9",0.406928472222222,1,0.132874603174603,1,0.586862830687831,1,1,0.387550925925926,0.382014484126984,1,0.586862830687831
"Probable G-protein coupled receptor 88",1,1,0.332186507936508,0,0.0166093253968254,1,0,0.0597935714285714,0.0166093253968254,1,1
"Cytochrome P450 3A4",0.672677678571429,1,1,0.672677678571429,1,0.870328650793651,0.672677678571429,0.892158049886621,0.672677678571429,0.892158049886621,1
"Pregnane X receptor",0.12180171957672,0.12180171957672,0.322695464852608,0.304504298941799,0.304504298941799,0.304504298941799,0.743267311507936,1,1,0.12180171957672,1
"Carboxypeptidase B2 isoform A",0.564717063492063,0.564717063492063,0.818009275793651,0.564717063492063,0,0.191007242063492,0.055364417989418,0,1,1,1
"Serotonin 5a (5-HT5a) receptor",0,0.312255317460317,0.494127430555556,0.224225892857143,0.33772294973545,1,0.224225892857143,1,1,0.224225892857143,0.494127430555556
"Estrogen-related receptor alpha",0.0332186507936508,1,1,1,0.564717063492064,0.963340873015873,1,0.0332186507936508,1,0.287894973544974,1
"Amine oxidase, copper containing",0.221457671957672,0.971645535714286,0.221457671957672,1,1,0.221457671957672,0.885830687830688,1,0.39862380952381,0.491636031746032,0.971645535714286
"Protein kinase C zeta",1,1,1,1,1,1,1,0.597935714285714,1,0.597935714285714,0.907976455026455
"Melanin-concentrating hormone receptor 1",0.188239021164021,0.915885657596372,0.996559523809524,0.808320502645503,0,0.717522857142857,0.937504144620811,1,0.717522857142857,0.083046626984127,0.937504144620811
"Caspase-7",1,0.186024444444444,0.826313938492064,0.132874603174603,0.0166093253968254,0.186024444444444,1,0.0166093253968254,0.826313938492064,0.249139880952381,1
"C-C chemokine receptor type 3",1,0.143947486772487,0.925969890873016,1,0.143947486772487,0.415233134920635,0.925969890873016,0.531498412698413,0.592399272486772,0.143947486772487,1
"Phospholipase A2 group IIA",1,0.406928472222222,0.0166093253968254,0.406928472222222,0,0.858148478835979,1,1,0.901649092970522,1,0.858148478835979
"Plasminogen activator inhibitor-1",0.132874603174603,0.177166137566138,0.132874603174603,0.132874603174603,0.132874603174603,0.996559523809524,0.132874603174603,0.996559523809524,1,0.43184246031746,1
"Inhibitor of nuclear factor kappa B kinase alpha subunit",0.642227248677249,0.415233134920635,1,1,0.298967857142857,0.979950198412698,1,1,1,1,1
"Proteasome Macropain subunit",1,0.332186507936508,0.527346081349206,0.448451785714286,1,0.199311904761905,0.937504144620811,0.265749206349206,0.507770804988662,0.332186507936508,0.448451785714286
"Carbonic anhydrase XIV",0.0664373015873016,0.442915343915344,0.442915343915344,0.171629695767196,0,0.159449523809524,0.083046626984127,0.0166093253968254,0.863684920634921,0.442915343915344,1
"LDL-associated phospholipase A2",0.975797867063492,0.975797867063492,1,0.232530555555556,0.232530555555556,1,0.232530555555556,0.0166093253968254,1,0.0166093253968254,0.975797867063492
"Cytochrome P450 17A1",1,1,1,1,0.249139880952381,1,0.249139880952381,1,1,1,1
"Histone deacetylase 4",0.51304360670194,0.406928472222222,0.406928472222222,1,0.51304360670194,0.406928472222222,0.43184246031746,0.132874603174603,0.507770804988662,1,0.507770804988662
"Inhibitor of nuclear factor kappa B kinase epsilon subunit",1,1,0.437378902116402,0.224225892857143,0.0332186507936508,0.292324126984127,0.110728835978836,0.0332186507936508,1,0.673864058956916,1
"Phosphodiesterase 9A",1,1,1,0.141179265873016,0.141179265873016,1,0.0996559523809524,0.481670436507936,0.141179265873016,1,0.481670436507936
"Tyrosine-protein kinase TYK2",0,0.664373015873016,1,1,0.0664373015873016,1,0.548107738095238,1,1,1,0.548107738095238
"Steryl-sulfatase",0.0597935714285714,0.0498279761904762,0.394932848324515,0.0581326388888889,0.373709821428571,0.0581326388888889,0.373709821428571,0.0498279761904762,0.534820277777778,0.0775101851851852,0.791207864357864
"Nitric-oxide synthase, brain",0.0332186507936508,0.292324126984127,0.66806397707231,0.274053869047619,1,0.143947486772487,0.509352645502645,0.0332186507936508,1,0.643611359126984,0.643611359126984
"Cholesteryl ester transfer protein",0.473365773809524,0.874757804232804,1,0.0664373015873016,0.473365773809524,1,0.718353323412698,0.718353323412698,0.265749206349206,0.718353323412698,0.718353323412698
"Protein kinase C epsilon",0.0885830687830688,0.0885830687830688,0.56886939484127,0.98548664021164,0.448451785714286,0.358761428571429,1,0.0885830687830688,1,0.107960615079365,0.56886939484127
"Dual specificity mitogen-activated protein kinase kinase 1",0.460908779761905,0.460908779761905,0.460908779761905,0.756647045855379,0.274053869047619,0.857645165945166,0,0.0775101851851852,0.0332186507936508,0.460908779761905,0.857645165945166
"Adenosine kinase",0.43658798185941,0.43658798185941,0.43658798185941,1,1,0.43658798185941,0.856302998236332,0.199311904761905,0.199311904761905,0.43658798185941,0.759876636904762
"Hormone sensitive lipase",0.61454503968254,0.673864058956916,0.597935714285714,0.642227248677249,1,0.826775308641975,0.642227248677249,0.930122222222222,0.597935714285714,0.597935714285714,0.826775308641975
"Carbonic anhydrase IX",0,1,0.0332186507936508,0.506584424603175,0.132874603174603,0.933444087301587,0.679136860670194,0.132874603174603,0.506584424603175,0.055364417989418,0.506584424603175
"Protein kinase C eta",0,0.0166093253968254,0,0,0,0.109146995464853,0.225148633156966,0.178550248015873,0.488314166666667,0.0166093253968254,0.806307251082251
"Cytochrome P450 2C19",0.664373015873016,0.847075595238095,1,0.847075595238095,0.847075595238095,1,0.232530555555556,1,1,0.847075595238095,1
"Quinone reductase 1)",0.0498279761904762,0.427690128968254,0.204848346560847,0,0.0166093253968254,0.494957896825397,0.159449523809524,0.0442915343915344,0.351168594104308,0.494957896825397,1
"Casein kinase II alpha",1,0.0265749206349206,0.441333503401361,0.631154365079365,0.0110728835978836,0.0265749206349206,0,0,1,0.21592123015873,0.610392708333333
"Opioid growth factor receptor-like protein 1",0.055364417989418,0.950883878968254,0.225886825396825,0,0.304504298941799,1,0.12456994047619,0.322695464852608,0.0332186507936508,1,1
"Kininogen-1",1,0.697591666666667,0.697591666666667,0,0,0.243603439153439,1,0,0.0930122222222222,0.0930122222222222,1
"Acetyl-coenzyme A transporter 1",0.564717063492063,1,0.688100623582766,0.564717063492063,1,0.564717063492063,0.772333630952381,0.564717063492063,0.564717063492063,0.564717063492063,1
"Fibroblast growth factor receptor 1",0.083046626984127,0.669118537414966,1,1,0.669118537414966,0.083046626984127,0.373709821428571,1,0.669118537414966,0.373709821428571,1
"PI4-kinase alpha subunit",0,0.160556812169312,1,1,0.083046626984127,0.0332186507936508,1,0,1,0.132874603174603,1
"Arachidonate 12-lipoxygenase",0.207616567460317,1,1,1,0.0498279761904762,0.684304206349206,0.207616567460317,0.0332186507936508,1,1,1
"Autotaxin",0.315577182539683,1,0.315577182539683,0.677660476190476,0.315577182539683,0.697591666666667,1,0.315577182539683,0.697591666666667,1,1
"ADAM17",0.143947486772487,1,0.143947486772487,0.143947486772487,0.315577182539683,1,1,1,1,1,1
"Prostanoid EP3 receptor",1,1,1,0.332186507936508,0.440147123015873,1,1,0.199311904761905,0.440147123015873,1,1
"Hepatocyte growth factor receptor",1,1,0.841539153439153,1,1,1,0.841539153439153,1,0.841539153439153,1,1
"Carbonic anhydrase IV",1,1,1,1,1,1,1,1,1,1,1
"11-beta-hydroxysteroid dehydrogenase 2",1,1,0.465061111111111,1,0.465061111111111,1,0.858148478835979,1,0.82382253968254,0,0.82382253968254
"Histamine H4 receptor",0.692846145124717,0.988254861111111,1,0.692846145124717,0.083046626984127,0.664373015873016,0.514889087301587,0.083046626984127,1,0.442915343915344,1
"Beta-glucosidase",0.132874603174603,1,0.758492526455027,1,1,0.458417380952381,0.15502037037037,0.373709821428571,0.15502037037037,1,1
"Urotensin II receptor",0.0332186507936508,0.491636031746032,0.643611359126984,0.491636031746032,0.643611359126984,0.343259391534392,0.643611359126984,0.083046626984127,0.730810317460317,0.730810317460317,0.730810317460317
"Metabotropic glutamate receptor 1",0.896903571428571,0.896903571428571,0.896903571428571,0.896903571428571,0.896903571428571,0.896903571428571,0.896903571428571,0.896903571428571,0.896903571428571,0.896903571428571,0.896903571428571
"Dual specificity phosphatase Cdc25A",1,1,1,1,1,1,1,1,1,1,1
"Caspase-8",0.664373015873016,1,0.749792403628118,1,0.749792403628118,0.664373015873016,1,0.664373015873016,0.664373015873016,0.967493204365079,0.664373015873016
"Interleukin-1 receptor-associated kinase 4",1,1,1,0.73911498015873,1,0.73911498015873,0.73911498015873,1,0.73911498015873,1,1
"Histone acetyltransferase p300",0.481670436507937,0.332186507936508,1,0.332186507936508,1,0.893212610229277,0.491636031746032,0.398623809523809,0.847075595238095,0.893212610229277,0.893212610229277
"Hydroxycarboxylic acid receptor 2",1,1,1,1,0.0996559523809524,1,0.896903571428571,0.680982341269841,1,1,1
"Serine/threonine-protein kinase PLK4",0.0110728835978836,1,0.98548664021164,1,0,1,0,1,0.498279761904762,1,0.903547301587302
"Melanocortin receptor 1",0.0110728835978836,0.993237658730159,1,0.0249139880952381,0,0.550480498866213,0.0110728835978836,0.0797247619047619,0.745574162257496,0.639459027777778,0.343259391534392
"Calcitonin gene-related peptide type 1 receptor",0.12180171957672,0.166093253968254,1,0.143947486772487,0.12180171957672,0.585478720238095,0.143947486772487,0.143947486772487,1,0.12180171957672,0.823084347442681
"T-cell protein-tyrosine phosphatase",0.680982341269841,1,0.354332275132275,1,0.680982341269841,1,0.354332275132275,0,1,1,0.680982341269841
"Cytosolic phospholipase A2",0.213548469387755,0.442915343915344,0.213548469387755,0,0.213548469387755,0.213548469387755,1,0.213548469387755,0.213548469387755,1,0.340491170634921
"Hexokinase type IV",0.919049338624339,0.992868562610229,0.992868562610229,0.604579444444444,0.0332186507936508,0.604579444444444,0.581326388888889,0.604579444444444,1,0.992868562610229,1
"Serine/threonine-protein kinase NEK2",0,0.838770932539683,0.271285648148148,0.0166093253968254,0.838770932539683,0.271285648148148,1,0.166093253968254,0.271285648148148,1,1
"LIM domain kinase 1",0.907976455026455,0.473365773809524,1,0.724166587301587,0.166093253968254,1,0.473365773809524,1,1,0.473365773809524,1
"Cathepsin L",0.0996559523809524,0.711828231292517,0.249139880952381,0.249139880952381,0.711828231292517,1,1,1,0.664373015873016,0,1
"Protein kinase C mu",1,1,1,1,1,1,1,0.597935714285714,1,1,1
"Protein-tyrosine phosphatase 2C",0.083046626984127,1,1,1,0.440147123015873,0.852612037037037,1,0.110728835978836,1,0.083046626984127,0.750741507936508
"Matrix metalloproteinase 14",0.27682208994709,1,1,0.27682208994709,0.38616681547619,0.317949943310658,0.27682208994709,0.27682208994709,0.43184246031746,0.27682208994709,0.27682208994709
"Heat shock protein HSP 90-alpha",0.358761428571429,0.40811485260771,0.40811485260771,0.249139880952381,0,0.249139880952381,1,0.0166093253968254,1,1,1
"Sodium/glucose cotransporter 2",0.0664373015873016,0.348795833333333,0.279036666666667,0.0664373015873016,0.143947486772487,0.783960158730159,0.651916021825397,0.149483928571429,1,0.783960158730159,0.569462585034014
"Calpain 1",0.714200992063492,0.714200992063492,1,0.182702579365079,0.714200992063492,1,1,1,0.714200992063492,0.182702579365079,1
"Sphingosine 1-phosphate receptor Edg-3",1,1,0.783011054421769,0.783011054421769,0.166093253968254,0.606240376984127,0.606240376984127,0.783011054421769,1,1,0.606240376984127
"Bone morphogenetic protein 1",1,1,1,1,0.332186507936508,0.448451785714286,1,1,1,1,1
"Glutathione S-transferase Pi",1,1,0.239174285714286,0.12180171957672,0.083046626984127,0.415233134920635,0.083046626984127,1,0.536243934240363,1,0.239174285714286
"Tyrosine-protein kinase Lyn",0.166093253968254,0.996559523809524,0.219243095238095,0.166093253968254,0.996559523809524,1,0.182702579365079,0.0996559523809524,1,0.996559523809524,0.996559523809524
"Ribosomal protein S6 kinase alpha 2",0.899923448773449,0.899923448773449,0.664373015873016,0.132874603174603,0.664373015873016,0.768774489795918,0.899923448773449,0.0996559523809524,0.664373015873016,0.664373015873016,0.899923448773449
"Carbonic anhydrase XIII",0.110728835978836,0.166093253968254,0.659627494331066,0.0332186507936508,0.238066997354497,1,0.0664373015873016,1,0.199311904761905,1,1
"Complement C1s",1,1,1,1,1,1,1,1,1,1,1
"Protein kinase C theta",0.809704613095238,0.809704613095238,0.809704613095238,0.809704613095238,0.809704613095238,1,0.809704613095238,1,0.809704613095238,1,0.809704613095238
"Heparanase",0.536243934240363,1,0.27682208994709,0.27682208994709,1,0.265749206349206,0.536243934240363,0.536243934240363,1,1,0.282358531746032
"Methionine aminopeptidase 2",0,1,0.976628333333333,0.976628333333333,0.0332186507936508,0.293431415343915,0.0442915343915344,0.664373015873016,0.0581326388888889,0.192668174603175,0.813856944444445
"Serine/threonine-protein kinase Aurora-C",1,0.612172278911565,1,0.498279761904762,0.055364417989418,1,0.157788591269841,0,0.055364417989418,0.338830238095238,0.925969890873016
"Quinone reductase 2",1,0.143947486772487,1,0.143947486772487,1,1,1,1,0.651085555555556,0.0996559523809524,0.581326388888889
"MAP kinase p38 beta",1,0.465061111111111,1,1,1,1,1,1,1,1,1
"Carbonic anhydrase VB",0.0166093253968254,1,0.867375881834215,0.625617923280423,0.0166093253968254,1,0.116265277777778,0.0442915343915344,0.232530555555556,0.867375881834215,0.867375881834215
"GAR transformylase",0,0.308458900226757,0.224225892857143,0.252461746031746,1,0.308458900226757,1,0.224225892857143,0.842923263888889,0.21592123015873,1
"Proteinase-activated receptor 1",0,1,0.0442915343915344,0.0332186507936508,1,1,0.21592123015873,1,1,1,1
"Fructose-1,6-bisphosphatase",0.199311904761905,0.232530555555556,1,0.805552281746032,0.12180171957672,1,0.12180171957672,0.12180171957672,0.805552281746032,1,0.805552281746032
"Dipeptidyl peptidase II",0.348795833333333,0.259105476190476,0.906869166666667,0.182702579365079,0.906869166666667,0.143947486772487,0.951261363636364,0.116265277777778,0.906869166666667,0,0.906869166666667
"Peroxisome proliferator-activated receptor delta",1,1,1,1,0.132874603174603,1,1,1,1,1,1
"Serine/threonine-protein kinase 10",0.232530555555556,0.232530555555556,0.232530555555556,0.839525901875902,0.839525901875902,0.745046882086168,0.232530555555556,0.272392936507937,0.839525901875902,0.359868716931217,0.839525901875902
"Dual specificity protein kinase TTK",0.166093253968254,1,1,0,0.783960158730159,1,1,0.254676322751323,1,0.357100496031746,1
"Coagulation factor VII",1,1,1,1,1,1,1,1,1,1,1
"PI3-kinase p110-alpha subunit",0.348795833333333,0.925376700680272,0.925376700680272,1,0.166093253968254,0.925376700680272,0.925376700680272,1,1,0.925376700680272,1
"Tyrosine-protein kinase ABL2",0.199311904761905,0.839525901875902,0.620081481481482,0.326650066137566,0,0.141179265873016,0.0221457671957672,0,0.41760589569161,0.620081481481482,0.839525901875902
"C-C chemokine receptor type 2",0.355914115646258,0.166093253968254,0.292324126984127,0.292324126984127,0.0996559523809524,0.883616111111111,0.210384788359788,0.883616111111111,0.718353323412698,0.33772294973545,1
"Glutamate receptor ionotropic, AMPA 2",0.141179265873016,0.213548469387755,0.141179265873016,0.719737433862434,0.282358531746032,0.141179265873016,0.213548469387755,0.141179265873016,1,1,0.213548469387755
"Neuropeptide Y receptor type 2",0.116265277777778,0.325542777777778,1,1,1,0.537034854497355,0.116265277777778,0.143947486772487,0.906394614512472,0.282358531746032,1
"HMG-CoA reductase",1,0.531498412698413,1,1,1,1,0.531498412698413,0.0996559523809524,1,1,0.822161607142857
"Signal transducer and activator of transcription 3",0.76956541005291,0.76956541005291,1,0.905208234126984,0.149483928571429,1,0.149483928571429,0.905208234126984,1,0.149483928571429,0.149483928571429
"Interleukin-8 receptor A",1,0.764028968253968,0.298967857142857,1,1,1,1,1,1,1,1
"Cyclin-dependent kinase 5",0.39862380952381,0.498279761904762,0.702337188208617,1,0.39862380952381,0.826313938492064,0.406928472222222,0.702337188208617,1,1,0.406928472222222
"MAP kinase ERK2",0.52319375,1,0.52319375,0.812011463844797,0.199311904761905,0.504923492063492,0.52319375,0.373709821428571,0.373709821428571,0.373709821428571,1
"Cystic fibrosis transmembrane conductance regulator",0.511567222222222,0.656991093474427,0.656991093474427,0.166093253968254,0.166093253968254,0.593190192743764,0.903547301587302,1,0.0664373015873016,0.593190192743764,0.511567222222222
"Chymase",0.597935714285714,0.87106684303351,0.6754458994709,0.70866455026455,0.87106684303351,1,0.597935714285714,0.87106684303351,0.70866455026455,1,0.70866455026455
"Casein kinase II alpha (prime)",0,0.738192239858907,0.0775101851851852,1,0.290663194444444,0.0531498412698413,0,0.156602210884354,0.0249139880952381,0.0110728835978836,1
"Cathepsin B",0.697591666666667,0.784790625,0.730810317460317,1,0.784790625,0.784790625,0.730810317460317,0.597935714285714,0.784790625,1,1
"Matrix metalloproteinase 7",0.871989583333333,0.871989583333333,0.871989583333333,0.871989583333333,0.871989583333333,1,1,0.871989583333333,0.871989583333333,1,0.871989583333333
"Bombesin receptor subtype-3",0.0581326388888889,1,0.442915343915344,0.0332186507936508,0,0.287894973544974,0.287894973544974,0.442915343915344,0.0581326388888889,0.442915343915344,0.787282023809524
"LXR-beta",0.936765952380952,1,0.936765952380952,0.697591666666667,1,1,0.232530555555556,1,1,1,0.863684920634921
"Neurotensin receptor 1",0.0332186507936508,0.39862380952381,1,0.524854682539683,0.39862380952381,0.338830238095238,0.338830238095238,0.166093253968254,0.39862380952381,0.338830238095238,0.524854682539683
"Tyrosine-protein kinase TIE-2",1,0.92181755952381,0.92181755952381,1,0.930122222222222,1,1,0.199311904761905,1,0.863684920634921,1
"Fibroblast growth factor receptor 2",0.0249139880952381,0.556412400793651,0.484043197278912,0.0465061111111111,0.0221457671957672,0.199311904761905,0.0166093253968254,0,0.741883201058201,1,1
"Histone deacetylase 9",1,1,1,1,1,1,1,1,1,1,1
"Fatty acid synthase",0.232530555555556,0.744097777777778,1,0.282358531746032,0.232530555555556,1,1,1,0.232530555555556,1,1
"c-Jun N-terminal kinase 2",0.332186507936508,0.498279761904762,0.498279761904762,0.711828231292517,0.740775912698413,0.818386760461761,0.332186507936508,0.332186507936508,0.740775912698413,0.686518783068783,0.740775912698413
"Sodium channel protein type II alpha subunit",0.692846145124717,1,0.942579216269841,0.345473968253968,0.232530555555556,1,0.232530555555556,0.345473968253968,0.382014484126984,0.345473968253968,1
"Monoglyceride lipase",1,1,1,1,0.265749206349206,0.637798095238095,0.637798095238095,0.415233134920635,1,0.637798095238095,1
"Inhibitor of apoptosis protein 3",0,0.0332186507936508,1,0.0332186507936508,0.930122222222222,0.223039512471655,0.223039512471655,0,0.760338007054674,0.0332186507936508,0.760338007054674
"Serine/threonine-protein kinase 2",0.243603439153439,0.959649911816579,0.758492526455027,0.959649911816579,0,1,0.0166093253968254,0.83521179138322,0.597935714285714,1,0.30727251984127
"Dual specificity protein kinase CLK4",1,1,1,1,0.0166093253968254,0.398623809523809,1,0.0166093253968254,0.871989583333333,1,1
"MAP kinase signal-integrating kinase 2",1,1,0.332186507936508,1,0,0.868430442176871,0.775101851851852,0,0.445129920634921,1,0.332186507936508
"Proteasome component C5",0.265749206349206,0.450297266313933,0.12456994047619,1,0.12456994047619,0.265749206349206,0.450297266313933,0.12456994047619,0.704235396825397,0.12456994047619,0.232530555555556
"Tyrosine-protein kinase FRK",0.847075595238095,1,1,1,0.564717063492064,1,0.930122222222222,1,1,1,1
"Dual specificty protein kinase CLK1",0.903547301587302,1,0.959188541666667,0.232530555555556,0.780638293650794,0.959188541666667,0.959188541666667,1,0.453988227513228,0.453988227513228,1
"Dual specificity protein kinase CLK2",0.199311904761905,0.618697371031746,0.61454503968254,0.618697371031746,0.618697371031746,0.618697371031746,0.618697371031746,0.618697371031746,0.761009090909091,0.66806397707231,0.761009090909091
"Lipoxin A4 receptor",1,0.182702579365079,0.211768898809524,0.0531498412698413,0.0442915343915344,0.0442915343915344,0.0531498412698413,0,1,0.211768898809524,0.239912477954145
"Estradiol 17-beta-dehydrogenase 3",0.597935714285714,0.149483928571429,1,0.61454503968254,0.149483928571429,0.166093253968254,1,0.597935714285714,0.978104717813051,0.597935714285714,0.365405158730159
"11-beta-hydroxysteroid dehydrogenase 1",0.0996559523809524,1,1,0.149483928571429,0.556412400793651,0.556412400793651,1,1,1,1,1
"Ribosomal protein S6 kinase alpha 5",0,1,1,0.503816203703704,1,0.224225892857143,0.110728835978836,1,0.083046626984127,1,0.503816203703704
"ALK tyrosine kinase receptor",0,0.465061111111111,1,0.465061111111111,0.986593928571429,0.110728835978836,0.110728835978836,0.212599365079365,0.212599365079365,0.882139726631393,0.465061111111111
"Hypoxia-inducible factor 1 alpha",0.298967857142857,1,1,1,1,1,1,1,1,1,1
"TGF-beta receptor type II",1,1,1,1,1,1,0.514889087301587,0.420769576719577,0.420769576719577,1,0.420769576719577
"Serine/threonine-protein kinase AKT",0,0.252461746031746,0.252461746031746,0,1,1,0.937504144620811,0.452604117063492,0.252461746031746,0.293431415343915,0.313204421768707
"Sodium channel protein type IX alpha subunit",0.820500674603175,0.502432093253968,0.0581326388888889,0.127338161375661,0.0581326388888889,0.0581326388888889,0.0581326388888889,0.41286037414966,0.820500674603175,1,0.106299682539683
"P-glycoprotein 1",1,1,1,1,0.780638293650794,1,0.232530555555556,1,1,1,1
"Heat shock protein HSP 90-beta",1,0.0996559523809524,1,0.321113624338624,0.697591666666667,0.321113624338624,0.321113624338624,0.0664373015873016,1,0.321113624338624,1
"Calcium-activated potassium channel subunit alpha-1",0.718353323412698,1,0.442915343915344,0.669909457671958,0.0332186507936508,0.669909457671958,0.669909457671958,0.442915343915344,0.718353323412698,1,1
"Intermediate conductance calcium-activated potassium channel protein 4",1,0.323881845238095,0.531498412698413,0.524854682539683,0,0.764028968253968,0.323881845238095,1,1,0.232530555555556,1
"Voltage-gated potassium channel subunit Kv1.5",0.207616567460317,0.809704613095238,1,0.809704613095238,0,0.809704613095238,0.12180171957672,0.12180171957672,1,0.285680396825397,1
"Bradykinin B1 receptor",1,0.265749206349206,0.40336933106576,0.542571296296296,0.0775101851851852,0.0775101851851852,0.232530555555556,0.0775101851851852,0.423537797619048,0.232530555555556,1
"Purinergic receptor P2Y1",0.92106259018759,0.787282023809524,0.787282023809524,0.787282023809524,0.498279761904762,0.787282023809524,0.787282023809524,0.498279761904762,0.787282023809524,0.787282023809524,0.787282023809524
"Sphingosine 1-phosphate receptor Edg-1",0.919049338624339,0.0415233134920635,0.38616681547619,0.38616681547619,0.0415233134920635,0.38616681547619,0.38616681547619,0,1,0.0415233134920635,1
"Purine nucleoside phosphorylase",0.498279761904762,0.481670436507936,1,1,0,0.481670436507936,0.481670436507936,0,1,0.0885830687830688,1
"Serine/threonine-protein kinase GAK",0.132874603174603,0.132874603174603,0.141179265873016,0.0664373015873016,1,1,1,0.360659637188209,0.360659637188209,0.179380714285714,1
"Induced myeloid leukemia cell differentiation protein Mcl-1",0.419385466269841,0.419385466269841,0.232530555555556,1,0,0.419385466269841,0.419385466269841,0.419385466269841,0.952267989417989,0.419385466269841,1
"Dual-specificity tyrosine-phosphorylation regulated kinase 2",0.199311904761905,0.868430442176871,1,0.946731547619048,0.651085555555556,1,0.651085555555556,1,0.780638293650794,0.651085555555556,0.651085555555556
"Gastric inhibitory polypeptide receptor",0.631154365079365,0.631154365079365,1,1,0.0166093253968254,0.651085555555556,1,0,1,1,1
"Matrix metalloproteinase 12",0.0664373015873016,0.274053869047619,0.740301360544218,1,1,0.484992301587302,0.647763690476191,0.21592123015873,1,0.274053869047619,1
"Sphingosine kinase 1",0.0166093253968254,0.359868716931217,0.411080803571429,1,0,0.863684920634921,0.0664373015873016,1,0.265749206349206,0.411080803571429,0.207616567460317
"Phosphodiesterase 8B",0.996559523809524,0.182702579365079,0.83711,1,0.996559523809524,0.996559523809524,0.182702579365079,0.996559523809524,0.83711,0.83711,1
"Phosphodiesterase 10A",0,1,0.783960158730159,0.0996559523809524,1,1,0.473365773809524,0.453988227513228,1,1,1
"Free fatty acid receptor 1",1,1,1,1,1,1,1,1,1,1,1
"Prostanoid DP receptor",0.863684920634921,0.863684920634921,1,1,1,1,1,1,1,1,1
"Neurokinin 3 receptor",0,0.999881388888889,0.0110728835978836,0,0.999881388888889,0.999881388888889,0.999881388888889,0.999881388888889,1,0.0581326388888889,0.285680396825397
"TGF-beta receptor type I",0,1,0.199311904761905,0,0.0083046626984127,1,1,0.0930122222222222,0,1,1
"C-X-C chemokine receptor type 3",0.92181755952381,0.768774489795918,0.963340873015873,0.704235396825397,0.498279761904762,0.365405158730159,0.365405158730159,0.332186507936508,0.768774489795918,1,1
"Vitamin K-dependent protein C",0.953849829931973,1,0.770672698412698,0.770672698412698,1,0.953849829931973,0.770672698412698,1,0.770672698412698,0.770672698412698,1
"Tyrosine-protein kinase FGR",0.465061111111111,1,1,1,0.963340873015873,1,0.465061111111111,0.465061111111111,1,1,1
"NAD-dependent deacetylase sirtuin 3",0.409696693121693,1,0.409696693121693,0,0.287894973544974,1,0.409696693121693,0.287894973544974,1,0.783011054421769,1
"NAD-dependent deacetylase sirtuin 2",0.332186507936508,0.758492526455027,1,1,0.332186507936508,0.758492526455027,0.332186507936508,0.759283446712018,0.758492526455027,1,1
"Acyl coenzyme A:cholesterol acyltransferase 2",0.398623809523809,1,0.423537797619048,0.450824546485261,0.166093253968254,0.450824546485261,0.450824546485261,0.0332186507936508,1,1,1
"Voltage-gated N-type calcium channel alpha-1B subunit",0,1,1,0.055364417989418,0.0166093253968254,1,0.179380714285714,0.141179265873016,0.265749206349206,1,0.896903571428571
"Nitric oxide synthase, inducible",0.570253505291005,1,0.132874603174603,0.219243095238095,0.166093253968254,0.132874603174603,1,1,0.166093253968254,1,1
"Serine/threonine-protein kinase PAK 4",0.511567222222222,0.272392936507937,0.272392936507937,0.427690128968254,0.287894973544974,0.450297266313933,0.272392936507937,0.272392936507937,1,0.427690128968254,0.272392936507937
"Ribosomal protein S6 kinase 1",1,1,0.855380257936508,0.287894973544974,1,0.556412400793651,0.673864058956916,0.673864058956916,0.265749206349206,0.671016746031746,0.287894973544974
"NAD-dependent deacetylase sirtuin 1",0.0332186507936508,0.727488452380952,1,0.365405158730159,0.509352645502645,0.166093253968254,0.15502037037037,0.727488452380952,0.15502037037037,0.711828231292517,0.727488452380952
"Glutaminyl-peptide cyclotransferase",0.265749206349206,0.323881845238095,1,0.310040740740741,0.788942956349206,0.788942956349206,1,0.310040740740741,0.788942956349206,0.788942956349206,1
"Serine/threonine-protein kinase PIM2",0.41760589569161,0.826313938492064,1,0.182702579365079,0.41760589569161,0.41760589569161,0.182702579365079,1,0.41760589569161,0.41760589569161,1
"TRAF2- and NCK-interacting kinase",0.686518783068783,0.686518783068783,1,0,0.806738662131519,1,0.132874603174603,0.116265277777778,0.606240376984127,1,1
"Coagulation factor XIII",0.451773650793651,1,0.451773650793651,0.451773650793651,1,1,0.451773650793651,0.451773650793651,1,0.481670436507936,1
"5-lipoxygenase activating protein",0,0.152805793650794,0.0775101851851852,0,0.265749206349206,1,0.152805793650794,1,0.664373015873016,0.650136451247166,1
"Neuropeptide Y receptor type 5",0.573021726190476,1,1,0.265749206349206,0.724166587301587,0.958595351473923,0.573021726190476,0.958595351473923,0.573021726190476,0.979950198412698,1
"Kinesin-like protein 1",0.0166093253968254,0.409696693121693,0.409696693121693,0.205955634920635,0.0332186507936508,0.800569484126984,0.0332186507936508,0,0.409696693121693,1,0.409696693121693
"Matrix metalloproteinase 8",1,1,1,1,1,0.896903571428571,0.764028968253968,0.896903571428571,1,1,1
"C-C chemokine receptor type 8",1,0.0885830687830688,0.764028968253968,0.658836574074074,0.692846145124717,0.764028968253968,0.0885830687830688,0,0.524854682539683,0.240835218253968,1
"Tyrosine kinase non-receptor protein 2",1,1,0.365405158730159,1,0.365405158730159,1,0.498279761904762,0.166093253968254,1,1,0.365405158730159
"Serine/threonine-protein kinase PAK 1",1,1,1,1,1,1,1,1,1,0.797247619047619,1
"Tyrosine-protein kinase BRK",0.930122222222222,1,1,1,0.930122222222222,1,0.166093253968254,1,1,1,1
"Melanocortin receptor 5",0.807213214285714,0.807213214285714,0.807213214285714,0.807213214285714,0.0996559523809524,0.39862380952381,1,0.797247619047619,0.797247619047619,0.807213214285714,0.807213214285714
"Ghrelin receptor",0.863684920634921,1,1,1,1,1,0.0664373015873016,1,1,1,1
"Phenylethanolamine N-methyltransferase",1,1,1,1,1,1,1,1,1,1,1
"Leukotriene A4 hydrolase",0.870328650793651,0.892158049886621,0.714200992063492,1,0.653300132275132,0.892158049886621,0,1,0.581326388888889,1,1
"Apoptosis regulator Bcl-X",1,1,0.813856944444444,0.298967857142857,0.813856944444444,1,1,0.813856944444444,0.813856944444444,1,0.631154365079365
"Serine/threonine-protein kinase Chk1",0.0664373015873016,0.719737433862434,1,0.358761428571429,0.265749206349206,0.177166137566138,0.531498412698413,0.177166137566138,1,0.602681235827664,0.719737433862434
"Voltage-gated potassium channel subunit Kv1.3",1,1,1,1,0.199311904761905,1,1,0.764028968253968,1,1,1
"Voltage-gated T-type calcium channel alpha-1G subunit",0.0775101851851852,0.503816203703704,1,0.385336349206349,0.0332186507936508,1,0.0775101851851852,1,1,0.199311904761905,1
"Melanocortin receptor 3",0.697591666666667,1,0.975797867063492,0.975797867063492,0.166093253968254,0.975797867063492,0.975797867063492,0.975797867063492,1,1,0.975797867063492
"Dipeptidyl peptidase VIII",1,1,0.963340873015873,1,0.0996559523809524,0.963340873015873,0.786174735449735,0.232530555555556,0.963340873015873,0.987068480725623,1
"Lymphocyte differentiation antigen CD38",1,1,1,1,0.21592123015873,0.420769576719577,0.0332186507936508,0.983272063492064,1,0.983272063492064,1
"Proteasome Macropain subunit MB1",1,0.325542777777778,1,0.249139880952381,0.697591666666667,0.697591666666667,0.901055902777778,0.249139880952381,0.325542777777778,0.325542777777778,1
"Apoptosis regulator Bcl-W",0,1,0.0083046626984127,0,0.132874603174603,1,1,0,0.21592123015873,1,1
"Aldo-keto-reductase family 1 member C3",1,1,1,1,1,1,1,1,1,1,1
"Fibroblast activation protein alpha",0.910191031746032,0.910191031746032,1,0.910191031746032,0,1,1,1,1,0.631154365079365,1
"Indoleamine 2,3-dioxygenase",0,1,1,1,0.376478042328042,1,0,0.907976455026455,1,0.907976455026455,0.907976455026455
"Malonyl-CoA decarboxylase",0.923478492063492,0.923478492063492,0.923478492063492,0.923478492063492,0.923478492063492,0.923478492063492,0.923478492063492,0.923478492063492,0.923478492063492,1,0.923478492063492
"Isoprenylcysteine carboxyl methyltransferase",1,0.420769576719577,1,1,0.332186507936508,1,1,0.332186507936508,1,1,1
"Serine/threonine-protein kinase Aurora-A",1,1,1,1,1,1,1,1,1,1,1
"C3a anaphylatoxin chemotactic receptor",0,1,1,1,1,1,0.697591666666667,0.890259841269841,0.697591666666667,1,0.863684920634921
"Vesicular acetylcholine transporter",1,1,0.87614191468254,0.664373015873016,1,0.87614191468254,0.298967857142857,0.755724305555556,0.87614191468254,0.332186507936508,0.87614191468254
"Geranylgeranyl pyrophosphate synthetase",1,1,0.98548664021164,1,0.98548664021164,1,1,0.98548664021164,1,1,1
"Neuropeptide Y receptor type 1",0.382014484126984,0.770672698412698,1,1,1,0.586862830687831,0.298967857142857,0.770672698412698,1,1,1
"Carbonic anhydrase VA",0.55364417989418,1,1,1,0,0.925376700680272,0.777316428571429,0.55364417989418,0.925376700680272,0.777316428571429,1
"Endothelin-converting enzyme 1",1,0.942579216269841,1,0.531498412698413,0.39862380952381,0.265749206349206,0.942579216269841,0.531498412698413,0.942579216269841,0.942579216269841,1
"Orexin receptor 2",0.564717063492063,0.564717063492063,1,0.873175963718821,0.564717063492063,1,0.564717063492063,0.564717063492063,1,0.564717063492063,1
"Dipeptidyl peptidase IX",0.0498279761904762,0.132874603174603,0.776485962301587,0,1,0.603472156084656,1,0.0664373015873016,0.205955634920635,0.764028968253968,0.856302998236332
"Vanilloid receptor",0.638536287477954,0.469806632653061,0.469806632653061,0.0332186507936508,0.469806632653061,0.635306696428571,0.936765952380952,0.182702579365079,0.469806632653061,1,0.469806632653061
"Caspase-1",0.730810317460317,1,1,0.730810317460317,0.730810317460317,1,1,0.730810317460317,1,1,1
"Nitric-oxide synthase, endothelial",0.866704797979798,0.866704797979798,0.866704797979798,0.866704797979798,0.0996559523809524,0.866704797979798,0.866704797979798,0.866704797979798,0.866704797979798,0.866704797979798,0.866704797979798
"Dual specificity phosphatase Cdc25B",0.905208234126984,0.382014484126984,0.390319146825397,0.132874603174603,0.451773650793651,1,0.754537925170068,0.390319146825397,0.609008597883598,1,1
"P2X purinoceptor 7",1,1,1,1,1,1,1,1,1,1,1
"Serine/threonine-protein kinase AKT3",0.083046626984127,0.868430442176871,0.952267989417989,0.453988227513228,0,1,1,0.597935714285714,0.780638293650794,0.597935714285714,0.952267989417989
"Beta-secretase 1",0.573021726190476,0.716573752834467,1,0.716573752834467,0.409696693121693,0.73911498015873,0.232530555555556,0.409696693121693,1,0.716573752834467,1
"Acetyl-CoA carboxylase 2",1,1,0.907976455026455,0.907976455026455,0.907976455026455,0.907976455026455,0.907976455026455,1,1,0.907976455026455,1
"L-lactate dehydrogenase A chain",0.132874603174603,0.82382253968254,0.373709821428571,0.149483928571429,1,1,0.232530555555556,1,0.979950198412698,1,1
"C-X3-C chemokine receptor 1",0.210384788359788,0.325542777777778,1,0.210384788359788,0.210384788359788,0.636690806878307,0.847075595238095,0.806738662131519,1,0.325542777777778,0.848921075837743
"Eukaryotic translation initation factor",0.0332186507936508,1,0.055364417989418,1,0.345473968253968,0.346423072562358,0.0332186507936508,0.346423072562358,1,0.465061111111111,0.0664373015873016
"Apoptosis regulator Bcl-2",0,1,1,1,0.996559523809524,1,0.631154365079365,1,1,1,1
"Cytochrome P450 1B1",0,1,1,1,0.191007242063492,1,0.0664373015873016,0.0332186507936508,0.991814002267574,0.991814002267574,0.777316428571429
"Tyrosine-protein kinase receptor UFO",0.0996559523809524,1,1,1,0,1,1,1,1,1,1
"Neurotrophic tyrosine kinase receptor type 2",0.332186507936508,1,0.332186507936508,0.332186507936508,1,1,1,1,1,0.589631051587302,0.637798095238095
"Mitogen-activated protein kinase kinase kinase 8",0.703631421356421,0.376478042328042,0.647763690476191,0.249139880952381,0.249139880952381,0.249139880952381,0.376478042328042,0,0.703631421356421,0.679136860670194,0.647763690476191
"Low molecular weight phosphotyrosine protein phosphatase",0.950053412698413,0.950053412698413,0.950053412698413,0.39862380952381,0.950053412698413,0.950053412698413,0.950053412698413,0.950053412698413,0.950053412698413,0.950053412698413,1
"Casein kinase I epsilon",0.927102344877345,0.737454047619048,0.520425529100529,0.653300132275132,0,0.365405158730159,0.564717063492064,0.683355102040816,0.653300132275132,0.737454047619048,0.737454047619048
"L-lactate dehydrogenase B chain",0.531498412698413,0.926800357142857,0.926800357142857,0.859532589285714,0.199311904761905,1,0.847075595238095,0.859532589285714,0.859532589285714,0.631154365079365,0.859532589285714
"S-methyl-5-thioadenosine phosphorylase",1,1,1,1,0.946731547619048,1,0.946731547619048,1,1,1,1
"Proto-oncogene c-JUN",1,1,0.930122222222222,1,1,1,1,1,1,1,1
"Sodium/glucose cotransporter 1",0.232530555555556,1,0.956697142857143,0.132874603174603,1,0.956697142857143,1,1,1,1,0.956697142857143
"Transketolase",0.773520011337869,1,0.440147123015873,0.0332186507936508,1,1,0.531498412698413,0.440147123015873,0.199311904761905,0.780638293650794,0.773520011337869
"Serine/threonine-protein kinase RIPK2",0,0.809704613095238,0.963340873015873,0.0083046626984127,0,0.636690806878307,0,0.955958950617284,1,0.809704613095238,0.636690806878307
"p53-binding protein Mdm-2",0.91166741622575,0.745046882086168,0.91166741622575,0.745046882086168,0.745046882086168,0.745046882086168,0.745046882086168,0.745046882086168,1,0.745046882086168,1
"Serine-protein kinase ATR",1,0.420769576719577,0.539803075396825,1,1,0.574208106575964,0.574208106575964,0.0332186507936508,0.574208106575964,0.420769576719577,1
"ADAM10",1,1,1,1,0.0332186507936508,0.558073333333333,0.343259391534392,0.0332186507936508,1,0.558073333333333,0.802784060846561
"Endoplasmic reticulum aminopeptidase 2",0.776485962301587,0.866704797979798,0.776485962301587,0.776485962301587,0.866704797979798,0.841539153439153,0.776485962301587,0.776485962301587,0.776485962301587,0.776485962301587,0.776485962301587
"G protein-coupled receptor 44",1,1,0.857041190476191,0.915885657596372,0.741883201058201,0.915885657596372,0.857041190476191,0.0332186507936508,0.98548664021164,0.98548664021164,0.741883201058201
"Endothelial lipase",0.240835218253968,1,1,0.0166093253968254,0,0.507770804988662,0.272392936507937,0.240835218253968,0.343259391534392,0.556412400793651,1
"Histone deacetylase 10",1,1,1,1,1,1,1,1,1,1,1
"GABA receptor alpha-5 subunit",0.38616681547619,0.575789947089947,0.192668174603175,0.182702579365079,0,0.38616681547619,0.192668174603175,1,0.332186507936508,1,0.192668174603175
"Orexin receptor 1",1,1,1,1,1,1,1,1,1,1,1
"Discoidin domain-containing receptor 2",0.332186507936508,1,0.332186507936508,0.0332186507936508,0.512516326530612,1,0.804629541446208,0.512516326530612,0.747419642857143,0.332186507936508,0.332186507936508
"Metabotropic glutamate receptor 2",1,1,1,1,1,1,1,1,1,1,1
"Cytochrome P450 26A1",0.0664373015873016,0.855380257936508,0.365405158730159,0.82572074829932,1,0.448451785714286,0.791711177248677,1,0.448451785714286,0.791711177248677,1
"Serine/threonine-protein kinase B-raf",0.289476814058957,0.521532817460318,0.272392936507937,0,0,0.290663194444444,0,0.289476814058957,0.0083046626984127,0.73986994949495,0.521532817460318
"Ephrin type-B receptor 4",1,0.207616567460317,1,0.207616567460317,0.207616567460317,1,0.207616567460317,0.465061111111111,1,0.946731547619048,1
"Neuropilin-1",0.0332186507936508,1,0.737454047619048,1,0.0885830687830688,0.939613265306122,0.0664373015873016,0.819393386243386,0.166093253968254,1,1
"dUTP pyrophosphatase",1,1,1,1,1,1,0.0332186507936508,0.73911498015873,0.73911498015873,1,0.73911498015873
"Serine/threonine-protein kinase ILK-1",1,1,0.385336349206349,1,0,0.385336349206349,0.385336349206349,0,1,0.949104308390023,0.802784060846561
"Tyrosine-protein kinase BTK",0.476133994708995,0.476133994708995,0.581326388888889,0.581326388888889,0.387550925925926,0.199311904761905,1,0.298967857142857,0.476133994708995,0.878448765432099,1
"Serine/threonine-protein kinase TNNI3K",0.106299682539683,1,0.106299682539683,0.055364417989418,0.0166093253968254,0.332186507936508,1,0,0.446079024943311,1,1
"Cytochrome P450 2A6",1,0.874757804232804,0.874757804232804,0.874757804232804,0.498279761904762,0.874757804232804,1,0.874757804232804,0.874757804232804,0.874757804232804,0.874757804232804
"Mitogen-activated protein kinase kinase kinase 5",1,1,1,1,1,1,0.166093253968254,1,0.348795833333333,1,1
"Tyrosine-protein kinase receptor TYRO3",0.365405158730159,1,0.298967857142857,0.465061111111111,1,1,1,0.465061111111111,1,0.604579444444444,1
"Epithelial discoidin domain-containing receptor 1",0.589631051587302,0.745574162257496,0.589631051587302,0.589631051587302,0.589631051587302,0.589631051587302,0.908983080808081,0.0664373015873016,0.589631051587302,0.232530555555556,0.908983080808081
"Proto-oncogene tyrosine-protein kinase MER",1,1,1,1,0.719737433862434,0.719737433862434,0.719737433862434,1,1,1,1
"Baculoviral IAP repeat-containing protein 3",0.0664373015873016,0.0664373015873016,0.906869166666667,0.326650066137566,1,0.906869166666667,0.714200992063492,0,0.0664373015873016,0.0332186507936508,0.714200992063492
"Poly [ADP-ribose] polymerase 2",0.0664373015873016,0.312255317460317,0.312255317460317,0.312255317460317,1,0.83046626984127,0.692846145124717,0.442915343915344,1,0.312255317460317,1
"P-selectin",1,1,0.786174735449735,1,0.0332186507936508,1,1,1,0.786174735449735,1,1
"ATP-binding cassette sub-family G member 2",0.0199311904761905,1,0.0166093253968254,1,0,0.704973589065256,0,0,0.704973589065256,0.704973589065256,0.343259391534392
"Pituitary adenylate cyclase-activating polypeptide type I receptor",0.027682208994709,0.0199311904761905,0.0199311904761905,0.308458900226757,0,0.660682054673721,0.710879126984127,0,0.87576443001443,0.0110728835978836,0.647763690476191
"Serine/threonine-protein kinase PIM3",0,0.0996559523809524,0.246767120181406,0.0996559523809524,0.394471478174603,1,0.246767120181406,0.0166093253968254,1,0.0996559523809524,1
"G-protein coupled bile acid receptor 1",1,1,1,1,1,1,1,1,1,1,1
"Metastin receptor",1,1,1,1,1,1,1,1,1,1,1
"Cell division cycle 7-related protein kinase",0.564717063492064,1,1,1,1,0.896903571428571,1,1,1,0.564717063492064,1
"Sodium channel protein type X alpha subunit",1,1,1,0.863684920634921,1,1,1,1,1,1,1
"Baculoviral IAP repeat-containing protein 2",0.43184246031746,1,1,1,1,1,1,0.298967857142857,1,1,1
"Receptor-interacting serine/threonine-protein kinase 1",0.631154365079365,0.823084347442681,0.631154365079365,0.823084347442681,0.823084347442681,0.823084347442681,1,0.631154365079365,0.631154365079365,0.631154365079365,0.936765952380952
"Protein tyrosine kinase 2 beta",1,0.548107738095238,1,1,1,0.639459027777778,0.639459027777778,0.0664373015873016,1,0.657729285714286,1
"Perforin-1",0.298967857142857,1,1,0.321113624338624,1,1,0.321113624338624,1,1,1,1
"D-amino-acid oxidase",0.800938580246914,1,0.800938580246914,1,0,0.747419642857143,0.221457671957672,0.0996559523809524,0.800938580246914,0.710879126984127,0.548107738095238
"Serine/threonine-protein kinase WEE1",1,0.936765952380952,0.653300132275132,0.974413756613757,0.653300132275132,1,1,0.797247619047619,1,0.653300132275132,1
"Histone acetyltransferase PCAF",1,0.863684920634921,1,1,1,1,1,0.930122222222222,1,1,1
"Secreted frizzled-related protein 1",0,0.942579216269841,0.0664373015873016,0,0.385336349206349,1,0.778265532879819,0.166093253968254,1,1,0.393087367724868
"Transient receptor potential cation channel subfamily V member 3",1,0.509352645502645,0.718353323412698,0.718353323412698,1,1,0.382014484126984,0.382014484126984,0.382014484126984,0.382014484126984,0.509352645502645
"Protein-arginine N-methyltransferase 1",1,0.935658664021164,0.697591666666667,0.298967857142857,1,0.81717880952381,1,0.944358786848073,0.487206878306878,0.365405158730159,1
"Nuclear factor NF-kappa-B p65 subunit",0.440147123015873,0.440147123015873,0.754537925170068,0,0.754537925170068,1,1,0.754537925170068,0.440147123015873,0.764028968253968,1
"Dual specificity tyrosine-phosphorylation-regulated kinase 1B",0.249139880952381,1,0.465061111111111,1,0.465061111111111,0.953849829931973,0.996559523809524,0.249139880952381,1,0.465061111111111,0.537034854497355
"Acyl-CoA desaturase",1,0.43184246031746,0.773520011337869,0.43184246031746,0.773520011337869,0.773520011337869,0.773520011337869,0.43184246031746,1,1,1
"Proto-oncogene tyrosine-protein kinase ROS",0.669118537414966,0.531498412698413,1,0.282358531746032,0.282358531746032,0.685134672619048,0.564717063492063,1,0.531498412698413,0.564717063492063,1
"Lysyl-tRNA synthetase",1,0.788942956349206,0.365405158730159,0,0.0332186507936508,0.365405158730159,1,0.365405158730159,0.0332186507936508,0.365405158730159,1
"DNA-(apurinic or apyrimidinic site) lyase",0.0442915343915344,0.978104717813051,0.12456994047619,0,0.0332186507936508,1,0.438486190476191,1,0.564717063492063,0.564717063492063,0.734962648809524
"Glucose-dependent insulinotropic receptor",1,1,1,0.586862830687831,1,0.586862830687831,0.586862830687831,1,1,1,1
"Prostaglandin E synthase",0.310040740740741,0.952267989417989,1,0.556412400793651,0.556412400793651,0.556412400793651,0.310040740740741,1,0.166093253968254,0.556412400793651,0.556412400793651
"G protein-coupled receptor kinase 5",1,0.797247619047619,0.484992301587302,1,1,1,0.298967857142857,0.298967857142857,0.484992301587302,0.298967857142857,1
"Egl nine homolog 1",1,1,1,1,1,1,1,1,1,1,1
"Elongation of very long chain fatty acids protein 6",1,1,1,1,1,1,1,1,1,1,1
"Glucagon",0.874757804232804,0.969984603174603,0,0.0498279761904762,0.969984603174603,0.42519873015873,1,0.0885830687830688,0.969984603174603,0.969984603174603,0.265749206349206
"CREB-binding protein",0.0332186507936508,1,1,1,0.199311904761905,1,0.221457671957672,1,1,1,1
"Mitogen-activated protein kinase kinase kinase 7",0.511567222222222,0.575789947089947,1,0.575789947089947,0.0498279761904762,0.55364417989418,0.575789947089947,0,0.43184246031746,0.43184246031746,1
"Interferon-induced, double-stranded RNA-activated protein kinase",0.0498279761904762,0.149483928571429,0.149483928571429,0.322695464852608,0.350641313932981,0.149483928571429,0.42519873015873,0.055364417989418,0.350641313932981,0.0498279761904762,1
"Aldo-keto reductase family 1 member C2",1,1,1,0.298967857142857,1,1,1,1,1,1,1
"Trace amine-associated receptor 1",1,0.855380257936508,0.0996559523809524,0.55364417989418,1,1,1,0,1,1,1
"Nuclear receptor ROR-alpha",1,0.664373015873016,0.6754458994709,1,0.664373015873016,0.6754458994709,1,0,1,0.664373015873016,1
"Heat shock factor protein 1",0.0664373015873016,0.880294246031746,0.365405158730159,0.083046626984127,0.232530555555556,0.880294246031746,0.797247619047619,1,0.797247619047619,0.880294246031746,0.365405158730159
"Hematopoietic prostaglandin D synthase",0.398623809523809,1,0.398623809523809,0.398623809523809,0.398623809523809,1,1,0.398623809523809,0.398623809523809,1,1
"Aldo-keto reductase family 1 member C1",0.631154365079365,0.664373015873016,1,0.812011463844797,0.631154365079365,0.669909457671958,0.812011463844797,0.669909457671958,1,0.669909457671958,0.812011463844797
"Bifunctional protein NCOAT",0.365405158730159,0.867375881834215,0.540989455782313,0.398623809523809,0.540989455782313,0.540989455782313,0.540989455782313,0.867375881834215,0.398623809523809,1,1
"LIM domain kinase 2",1,0.481670436507937,1,0.481670436507937,0,1,1,0.481670436507937,1,1,1
"Serine/threonine-protein kinase PLK2",0.055364417989418,1,0.0730810317460318,1,0,1,0.055364417989418,0.0581326388888889,1,0.210384788359788,1
"Neuropeptide FF receptor 1",0.84470283446712,0.84470283446712,0.84470283446712,0.61454503968254,0.61454503968254,0.84470283446712,1,0.904285493827161,0.87614191468254,0.84470283446712,1
"Neuropeptide FF receptor 2",1,1,1,1,0.0664373015873016,1,1,0.465061111111111,1,1,1
"IgG receptor FcRn large subunit p51",0.882667006802721,0.586862830687831,1,0.882667006802721,0,0.882667006802721,0.664373015873016,0,1,1,1
"Smoothened homolog",1,0.805552281746032,0.923478492063492,0.805552281746032,0.805552281746032,0.805552281746032,0.0664373015873016,0.797247619047619,0.797247619047619,0.923478492063492,0.805552281746032
"Aldo-keto reductase family 1 member B10",0,0.546262257495591,0.332186507936508,0.083046626984127,0.546262257495591,0.790603888888889,0.546262257495591,0.210384788359788,0.546262257495591,0.546262257495591,0.990519769119769
"Serine/threonine-protein kinase 33",0,1,0.0442915343915344,0,0.146162063492064,1,1,1,0.92458578042328,0.0747419642857143,1
"Transient receptor potential cation channel subfamily A member 1",0.083046626984127,1,0.941195105820106,1,0.0332186507936508,0.857041190476191,1,0.548107738095238,0.442915343915344,1,1
"Diacylglycerol O-acyltransferase 1",0.0498279761904762,0.971645535714286,1,1,0,1,1,1,1,0.27682208994709,1
"Histone-lysine N-methyltransferase, H3 lysine-9 specific 3",0.716573752834467,0.716573752834467,1,0.716573752834467,0.716573752834467,1,0.716573752834467,1,0.716573752834467,1,0.716573752834467
"Lysine-specific histone demethylase 1",1,0.755724305555556,1,1,0.249139880952381,1,0.542571296296296,0,1,0.883616111111111,0.968877314814815
"Alpha-synuclein",1,1,1,1,1,1,1,1,1,1,1
"Tankyrase-2",1,1,1,1,1,1,1,1,1,1,1
"Tankyrase-1",0,0.800569484126984,0,0.232530555555556,0.374896201814059,0.374896201814059,1,0.719737433862434,0.374896201814059,0.374896201814059,0.647763690476191
"Mitogen-activated protein kinase kinase kinase kinase 4",0.365405158730159,0.569462585034014,0.487206878306878,1,0.365405158730159,1,0.199311904761905,0.199311904761905,0.487206878306878,0.959188541666667,1
"Lysine-specific demethylase 4C",1,0.0664373015873016,0.287894973544974,0.559180621693122,0.0332186507936508,0.900225436507937,0.900225436507937,0.900225436507937,0.559180621693122,0.900225436507937,0.315577182539683
