"","EGFR","Hypoxia","JAK.STAT","MAPK","NFkB","PI3K","TGFb","TNFa","Trail","VEGF","p53"
"Arginase-1",0,0.16,0.003,0,0.001,0.322,0.007,0.003,0.239,0.281,0.18
"Leucine-rich repeat serine/threonine-protein kinase 2",0.004,0.164,0.162,0.483,0.011,0.078,0.088,0.018,0.107,0.09,0.319
"Tyrosyl-DNA phosphodiesterase 1",0.006,0.161,0.108,0.326,0,0.07,0,0.005,0.06,0.01,0.028
"Transitional endoplasmic reticulum ATPase",0.125,0.426,0.1,0.038,0.241,0.401,0.001,0.021,0.015,0.189,0.316
"Glucokinase regulatory protein",0.001,0.203,0.064,0.04,0.014,0.079,0.035,0.008,0.45,0.409,0.328
"Pyruvate kinase isozymes M1/M2",0.197,0.285,0.086,0.388,0.334,0.097,0.129,0.151,0.248,0.309,0.145
"Transient receptor potential cation channel subfamily M member 8",0.102,0.393,0.026,0.513,0,0.005,0.001,0.002,0.377,0.34,0.026
"G-protein coupled receptor 55",0.083,0.013,0.429,0.34,0.25,0.262,0.027,0.003,0.153,0.018,0.544
"Endoplasmin",0,0.257,0.078,0.46,0.331,0.004,0.026,0.107,0.004,0.283,0.397
"Serine/threonine-protein kinase/endoribonuclease IRE1",0.013,0.299,0.158,0.002,0.078,0.181,0.114,0.005,0.096,0.237,0.382
"NADPH oxidase 4",0.468,0.412,0.078,0.07,0.001,0.075,0.016,0.022,0.163,0.305,0.023
"Ketohexokinase",0.283,0.145,0.05,0.461,0.025,0.486,0.041,0.211,0.348,0.014,0.156
"Lethal(3)malignant brain tumor-like protein 1",0.042,0.01,0.168,0.07,0.372,0.365,0.191,0.018,0.01,0.135,0.149
"Microtubule-associated protein tau",0.401,0.47,0.203,0.33,0.195,0.179,0.33,0.015,0.317,0.287,0.294
"15-hydroxyprostaglandin dehydrogenase [NAD+]",0.014,0.321,0.42,0.422,0,0.442,0.005,0.028,0.399,0.15,0.134
"G-protein coupled receptor 35",0.248,0.035,0.437,0.034,0.124,0.004,0.007,0.285,0.032,0.121,0.49
"ATP-sensitive inward rectifier potassium channel 1",0.514,0.083,0.435,0.35,0.03,0.23,0.091,0.013,0.25,0.088,0.213
"Neuropeptides B/W receptor type 1",0.396,0.388,0.206,0.432,0,0.017,0.001,0.061,0.075,0.345,0.139
"Nuclear receptor ROR-gamma",0.022,0.137,0.059,0.467,0.033,0.037,0.023,0.355,0.243,0.064,0.357
"DNA topoisomerase I",0.163,0.084,0.004,0.002,0.143,0.417,0.286,0.123,0.052,0.509,0.392
"Farnesyl diphosphate synthase",0.255,0.368,0.358,0.003,0.001,0.051,0.284,0.018,0.034,0.309,0.271
"Glucagon-like peptide 1 receptor",0.001,0.292,0.037,0.05,0.002,0.428,0.396,0.046,0.364,0.458,0.376
"Endothelin receptor ET-B",0.228,0.073,0.252,0.013,0.001,0.015,0.474,0,0.042,0.065,0.25
"Steroid 5-alpha-reductase 1",0.034,0.149,0.108,0.086,0.001,0.101,0.52,0.05,0.074,0.329,0.171
"Vasopressin V2 receptor",0.002,0.103,0.057,0.212,0.082,0.199,0.111,0.255,0.35,0.094,0.433
"Somatostatin receptor 5",0.129,0.169,0.19,0.001,0.189,0.487,0.244,0.072,0.37,0.086,0.345
"Histone-lysine N-methyltransferase, H3 lysine-79 specific",0.384,0.015,0.044,0.368,0,0.436,0.016,0.053,0.045,0.156,0.278
"Bromodomain-containing protein 3",0.009,0.326,0.13,0.301,0,0.38,0.001,0.051,0.041,0.09,0.223
"Cysteinyl leukotriene receptor 1",0.352,0.489,0.44,0.087,0.034,0.121,0.008,0.067,0.081,0.141,0.005
"Plasminogen",0.144,0.211,0.316,0.007,0.191,0.078,0.487,0.289,0.001,0.001,0.467
"Leukocyte adhesion glycoprotein LFA-1 alpha",0.073,0.046,0.301,0.047,0,0.081,0.178,0.001,0.339,0.241,0.246
"Somatostatin receptor 2",0.441,0.484,0.414,0.072,0.313,0.102,0.005,0.009,0.269,0.131,0.294
"Muscarinic acetylcholine receptor M4",0.081,0.091,0.011,0.001,0.322,0.5,0.201,0.199,0.235,0.035,0.04
"Inosine-5'-monophosphate dehydrogenase 1",0.067,0.276,0.156,0.339,0.09,0.262,0.062,0.028,0.176,0.004,0.323
"Receptor protein-tyrosine kinase erbB-2",0.014,0.142,0.42,0.135,0.048,0.46,0.09,0.072,0.365,0.042,0.305
"TNF-alpha",0.241,0.13,0.014,0.012,0,0.459,0.032,0.05,0.034,0.492,0.152
"Phosphodiesterase 5A",0.022,0.151,0.053,0.333,0.523,0.054,0.056,0.09,0.171,0.327,0.019
"Serotonin 2b (5-HT2b) receptor",0.209,0.4,0.028,0.027,0.068,0.038,0.232,0.263,0.434,0.437,0.103
"Thromboxane-A synthase",0.074,0.299,0.037,0.288,0.066,0.091,0.427,0.237,0.149,0.155,0.328
"Prostanoid EP4 receptor",0.09,0.242,0.103,0.125,0.059,0.357,0.302,0.199,0.267,0.008,0.272
"Dopamine D5 receptor",0.039,0.49,0.035,0.054,0.054,0.092,0.025,0.016,0.091,0.064,0.095
"Somatostatin receptor 4",0.258,0.31,0.193,0.288,0.001,0.168,0.039,0.031,0.111,0.457,0.323
"Gonadotropin-releasing hormone receptor",0.386,0.017,0.279,0.001,0.021,0.061,0.129,0.038,0.448,0.223,0.373
"4-hydroxyphenylpyruvate dioxygenase",0.296,0.186,0.262,0.056,0.25,0.161,0.123,0.191,0.232,0.122,0.119
"Tyrosine-protein kinase ABL",0,0.474,0,0.05,0.014,0.267,0.087,0.033,0.017,0.108,0.204
"Vascular endothelial growth factor receptor 1",0.222,0.321,0.164,0.37,0.049,0.381,0.057,0.497,0.202,0.256,0.067
"Tissue-type plasminogen activator",0.001,0.27,0.021,0.001,0.056,0.118,0.03,0.012,0.347,0.037,0.143
"Calcium sensing receptor",0.005,0.013,0.039,0.409,0.437,0.028,0.101,0.198,0.269,0.001,0.218
"Neuronal acetylcholine receptor protein alpha-4 subunit",0.005,0.379,0.321,0.153,0.338,0.477,0.027,0.001,0.174,0.172,0.298
"Potassium channel, inwardly rectifying, subfamily J, member 11",0.02,0.392,0.037,0.018,0.152,0.013,0.263,0.341,0.038,0.377,0.482
"Vasopressin V1a receptor",0.003,0.089,0.077,0.296,0.048,0.436,0.031,0.352,0.024,0.44,0.371
"Glutamate carboxypeptidase II",0,0.459,0.252,0.014,0,0.201,0,0.412,0.42,0.15,0.383
"Serotonin 1b (5-HT1b) receptor",0.002,0.033,0.035,0.001,0.16,0.084,0.034,0.001,0.095,0.037,0.435
"Serotonin 3a (5-HT3a) receptor",0.025,0.374,0.384,0.114,0.125,0.194,0.389,0.091,0.274,0.081,0.279
"Aldose reductase",0.035,0.106,0.303,0.132,0.486,0.054,0.222,0.119,0.495,0.045,0.437
"Glutamate [NMDA] receptor subunit epsilon 2",0.41,0.508,0.21,0.17,0,0.451,0.356,0.339,0.087,0.411,0.099
"Serine/threonine-protein kinase RAF",0,0.051,0.008,0.001,0.077,0.408,0.024,0.094,0.207,0.058,0.091
"Aminopeptidase N",0.032,0.047,0.337,0.282,0,0.297,0.023,0.001,0.212,0.194,0.253
"Cytochrome P450 11B1",0.122,0.375,0.097,0.26,0.356,0.357,0.135,0.061,0.499,0.089,0.087
"Butyrylcholinesterase",0.013,0.296,0.072,0,0.043,0.168,0.077,0.014,0.046,0.386,0.488
"Alpha-2c adrenergic receptor",0,0.056,0.179,0.341,0.121,0.006,0.165,0.135,0.204,0.011,0.47
"Melatonin receptor 1A",0.045,0.291,0.327,0.1,0.004,0.464,0.494,0.008,0.329,0.274,0.207
"Melatonin receptor 1B",0.011,0.441,0.293,0.09,0.011,0.164,0,0.075,0.052,0.143,0.078
"Thyroid hormone receptor beta-1",0.432,0.504,0.461,0.255,0.428,0.413,0.065,0.341,0.176,0.209,0.08
"Cyclophilin A",0.007,0.337,0.037,0.265,0.001,0.147,0.038,0.437,0.088,0.209,0.108
"Thymidylate synthase",0.03,0.019,0.234,0.009,0,0.014,0.207,0.02,0.168,0.361,0.328
"Vascular endothelial growth factor receptor 3",0.236,0.111,0.335,0.18,0.291,0.033,0.411,0.287,0.037,0.283,0.347
"Insulin-like growth factor I receptor",0.016,0.617,0.273,0.004,0.057,0.338,0.415,0.007,0.099,0.112,0.322
"Epoxide hydrolase 1",0.316,0.101,0.487,0.389,0.004,0.337,0.001,0,0.171,0.002,0.449
"Tyrosine-protein kinase receptor FLT3",0.238,0.317,0.385,0.09,0,0.01,0.037,0,0.046,0.46,0.201
"Vitamin D receptor",0,0.028,0.07,0.324,0.276,0.003,0.074,0.269,0.104,0.14,0.209
"Cytochrome P450 19A1",0.023,0.082,0.081,0.401,0.002,0.239,0.167,0.305,0.175,0.031,0.068
"Insulin receptor",0.02,0.379,0.063,0.085,0.183,0.322,0.007,0.016,0.102,0.222,0.417
"Serotonin 1d (5-HT1d) receptor",0.012,0.207,0.175,0.539,0.006,0.089,0.357,0.383,0.534,0.155,0.204
"Inhibitor of nuclear factor kappa B kinase beta subunit",0.081,0.14,0.286,0.016,0.037,0.195,0.272,0.042,0.246,0.087,0.53
"Prostanoid IP receptor",0.091,0.338,0.424,0.406,0.155,0.295,0.02,0.11,0.114,0.368,0.139
"Equilibrative nucleoside transporter 1",0,0.066,0.419,0.034,0,0.21,0.004,0.039,0.383,0.353,0.012
"Purinergic receptor P2Y12",0.011,0.402,0.062,0.308,0.078,0.026,0.186,0.033,0.105,0.087,0.398
"Retinoic acid receptor gamma",0.314,0.379,0.456,0.184,0.03,0.025,0.147,0.111,0.282,0.082,0.285
"Platelet-derived growth factor receptor alpha",0.027,0.214,0.039,0.227,0.028,0.42,0.317,0.182,0.447,0.346,0.406
"Retinoic acid receptor beta",0.352,0.423,0.155,0.068,0.03,0.377,0.026,0.007,0.208,0.222,0.17
"Nociceptin receptor",0.051,0.21,0.005,0.185,0.076,0.252,0.074,0.125,0.019,0.263,0.31
"Dihydrofolate reductase",0.012,0.021,0.07,0.191,0.012,0.063,0.385,0,0.323,0.237,0.173
"Epidermal growth factor receptor erbB1",0.02,0.057,0.415,0.288,0.339,0.03,0.574,0.108,0.347,0.345,0.339
"Muscarinic acetylcholine receptor M5",0.015,0.242,0.323,0.077,0.028,0.154,0.265,0.14,0.209,0.209,0.156
"Peptidyl-prolyl cis-trans isomerase FKBP5",0.047,0.118,0.226,0.106,0.176,0.039,0.344,0.035,0.273,0.41,0.211
"Retinoic acid receptor alpha",0.158,0.262,0.007,0.019,0.032,0.242,0.018,0.003,0.135,0.284,0.376
"Estrogen receptor alpha",0.051,0.116,0.442,0.296,0.043,0.276,0.062,0.033,0.367,0.393,0.202
"Beta-2 adrenergic receptor",0.022,0.195,0.262,0.002,0.103,0.149,0.003,0.384,0.13,0.028,0.368
"Cyclin T1",0.332,0.057,0.033,0.07,0.134,0.524,0.218,0.316,0.025,0.012,0.467
"Muscarinic acetylcholine receptor M2",0.001,0.495,0.158,0.377,0,0.391,0.001,0.033,0.455,0.017,0.026
"Beta-1 adrenergic receptor",0.096,0.069,0.012,0.077,0,0.26,0,0,0.112,0.17,0.225
"Dopamine D2 receptor",0.029,0.301,0.07,0.228,0.01,0.244,0.235,0.012,0.374,0.061,0.286
"Beta-glucocerebrosidase",0.415,0.202,0.479,0.176,0.001,0.418,0.001,0.001,0.131,0.112,0.413
"Motilin receptor",0.202,0.25,0.241,0.053,0.076,0.452,0.004,0.084,0.389,0.313,0.368
"MAP kinase-activated protein kinase 2",0.003,0.142,0.18,0.004,0.062,0.298,0.001,0.027,0.268,0.069,0.463
"Cyclooxygenase-1",0.003,0.168,0.163,0.011,0.466,0.048,0.328,0.184,0.067,0.389,0.262
"Norepinephrine transporter",0.331,0.359,0.027,0.162,0,0.02,0.017,0,0.406,0.408,0.494
"Anandamide amidohydrolase",0.2,0.281,0.072,0.368,0.042,0.276,0.01,0.004,0.383,0.339,0.334
"Serotonin 2c (5-HT2c) receptor",0.229,0.515,0.26,0.519,0.265,0.418,0.068,0.143,0.08,0.077,0.256
"Dipeptidyl peptidase I",0.013,0.144,0.034,0.068,0.028,0.169,0.243,0.008,0.307,0.215,0.047
"Serotonin transporter",0.001,0.373,0.165,0.006,0.002,0.351,0.398,0.081,0.415,0.418,0.305
"Peroxisome proliferator-activated receptor alpha",0.009,0.474,0.197,0.202,0.092,0.356,0.001,0.121,0.057,0.301,0.323
"HERG",0.008,0.012,0.119,0.193,0,0.307,0.003,0,0.383,0.334,0.35
"Epoxide hydratase",0,0.375,0.407,0.013,0.093,0.142,0.226,0.382,0.366,0.364,0.071
"Phosphodiesterase 3A",0.047,0.01,0.013,0,0,0.443,0.116,0.102,0.131,0.124,0.044
"C-C chemokine receptor type 1",0.232,0.129,0.121,0.121,0.088,0.01,0.036,0.003,0.142,0.504,0.01
"C-C chemokine receptor type 4",0.003,0.111,0.089,0.391,0.005,0.261,0.222,0.423,0.097,0.001,0.119
"Estrogen receptor beta",0.024,0.259,0.212,0.257,0.339,0.04,0.339,0.112,0.302,0.478,0.332
"Glyoxalase I",0.191,0.223,0.233,0.281,0,0.105,0.002,0.009,0.1,0.344,0.226
"Myosin light chain kinase, smooth muscle",0.018,0.436,0.003,0.028,0.194,0.176,0.51,0.073,0.361,0.044,0.04
"Serine/threonine-protein kinase AKT2",0.014,0.545,0.148,0.169,0.018,0.439,0.189,0.027,0.026,0.384,0.33
"Interleukin-8 receptor B",0.013,0.143,0.138,0.181,0,0.174,0.129,0.032,0.368,0.14,0.45
"Myeloperoxidase",0.267,0.29,0.218,0.26,0.032,0.334,0.216,0.08,0.154,0.136,0.387
"Coagulation factor X",0.172,0.52,0.009,0.007,0.015,0.126,0.13,0.38,0.243,0.337,0.059
"Deoxycytidine kinase",0.429,0.209,0.356,0.01,0,0.218,0.046,0,0.127,0.094,0.438
"Muscarinic acetylcholine receptor M3",0.3,0.388,0.104,0.001,0.067,0.128,0.083,0.292,0.185,0.19,0.404
"Beta-3 adrenergic receptor",0.027,0.08,0.205,0.553,0.418,0.318,0.367,0.277,0.019,0.144,0.455
"Death-associated protein kinase 3",0.001,0.093,0.464,0,0.045,0.152,0.088,0.18,0.123,0.317,0.131
"Methionine aminopeptidase 1",0.002,0.113,0.301,0.046,0.441,0.343,0.379,0.095,0.161,0.15,0.448
"Leukocyte elastase",0.004,0.405,0.132,0,0.027,0.202,0.019,0.318,0.065,0.34,0.101
"Beta amyloid A4 protein",0,0.022,0.022,0.001,0.001,0.37,0.31,0.231,0.465,0.001,0.046
"Neurokinin 1 receptor",0.015,0.012,0.317,0,0.037,0.149,0.002,0.002,0.012,0.137,0.191
"Neuronal acetylcholine receptor protein alpha-7 subunit",0.017,0.202,0.181,0.095,0.143,0.313,0.297,0.478,0.176,0.141,0.07
"Adenosine A2a receptor",0.015,0.077,0.043,0.106,0.131,0.101,0.022,0.313,0.041,0.125,0.141
"Endothelin receptor ET-A",0.017,0.454,0.363,0.279,0.087,0.133,0.032,0.007,0.255,0.077,0.414
"Beta secretase 2",0.046,0.064,0.04,0.002,0.022,0.217,0.224,0.492,0.182,0.433,0.085
"Serine/threonine-protein kinase Chk2",0.03,0.034,0.09,0.292,0.141,0.229,0.083,0.06,0.118,0.476,0.131
"Cannabinoid CB2 receptor",0.177,0.313,0.054,0.001,0.002,0.052,0.067,0.01,0.103,0.338,0.311
"3-phosphoinositide dependent protein kinase-1",0.09,0.084,0.192,0.29,0.002,0.252,0.266,0.488,0.412,0.096,0.187
"Phospholipase D1",0.039,0.36,0.045,0.074,0.04,0.129,0.025,0.002,0.068,0.026,0.127
"Phosphodiesterase 4A",0.005,0.148,0.074,0.118,0.002,0.508,0.001,0.015,0.256,0.197,0.111
"Adenosine A2b receptor",0.053,0.436,0.18,0.053,0.001,0.097,0.178,0.356,0.165,0.148,0.151
"Carboxypeptidase B",0.03,0.176,0.062,0.067,0.108,0.33,0.414,0.275,0.082,0.356,0.469
"Adenosine A3 receptor",0.101,0.402,0.178,0.001,0.494,0.11,0.039,0.329,0.29,0.047,0.378
"Histone deacetylase 5",0,0.356,0.471,0.03,0.002,0.082,0.023,0.008,0.032,0.267,0.355
"Liver glycogen phosphorylase",0.002,0.471,0.012,0,0.042,0.302,0.075,0.033,0.407,0.206,0.133
"Tyrosine-protein kinase LCK",0.451,0.118,0.175,0.316,0.502,0.169,0.377,0.013,0.226,0.19,0.192
"Cathepsin D",0,0.213,0.036,0.001,0,0.362,0.008,0.127,0.126,0.3,0.353
"Melanocortin receptor 4",0.386,0.421,0.063,0.29,0.022,0.203,0.077,0.207,0.271,0.413,0.038
"Peptide N-myristoyltransferase 1",0.014,0.154,0.182,0.09,0.24,0.115,0.014,0.061,0.041,0.039,0.105
"Tyrosine-protein kinase SYK",0.001,0.4,0.31,0,0.01,0.152,0.206,0.229,0.002,0.208,0.532
"MAP kinase p38 alpha",0.03,0.406,0.02,0.011,0.283,0.092,0.206,0.316,0.281,0.083,0.284
"Carbonic anhydrase I",0.053,0.171,0.01,0.004,0,0.13,0.001,0,0.014,0.268,0.286
"Furin",0.01,0.053,0.09,0.081,0,0.259,0.282,0.057,0.347,0.397,0.043
"Tryptase beta-1",0.025,0.188,0.125,0.383,0.392,0.352,0.343,0.019,0.354,0.053,0.365
"Glycogen synthase kinase-3 beta",0,0.029,0.488,0.032,0.072,0.042,0.005,0.004,0.411,0.458,0.099
"Dual specificity protein phosphatase 3",0,0.107,0.105,0,0.386,0.008,0.096,0.353,0.015,0.096,0.359
"c-Jun N-terminal kinase 3",0.029,0.397,0.036,0.087,0.005,0.394,0.052,0.006,0.315,0.436,0.463
"Histamine H3 receptor",0,0.206,0.049,0.001,0.003,0.006,0.105,0.008,0.138,0.448,0.397
"Phosphodiesterase 2A",0.22,0.06,0.064,0.024,0.571,0.516,0.101,0.162,0.516,0.095,0.315
"Adenosylhomocysteinase",0.145,0.154,0.45,0.312,0.111,0.213,0.21,0.073,0.292,0.04,0.266
"Tyrosine-protein kinase SRC",0.136,0.366,0.316,0.001,0.112,0.001,0.205,0.014,0.021,0.394,0.161
"Cathepsin K",0.013,0.051,0.331,0.219,0.074,0.063,0.004,0.342,0.252,0.415,0.422
"Macrophage-stimulating protein receptor",0.379,0.376,0.18,0.014,0.423,0.428,0.404,0.378,0.136,0.247,0.316
"Cystinyl aminopeptidase",0.097,0,0.023,0.021,0.052,0.187,0.459,0.046,0.413,0,0.078
"Focal adhesion kinase 1",0.284,0.025,0.339,0.017,0.26,0.311,0.131,0.087,0.257,0.127,0.225
"Mitogen-activated protein kinase kinase kinase 11",0.192,0.006,0.009,0.173,0,0.04,0.008,0,0.45,0.145,0.254
"Histone deacetylase 7",0.003,0.404,0.437,0.205,0.495,0.061,0.046,0.312,0.369,0.06,0.3
"Phosphodiesterase 11A",0.363,0.086,0.195,0.321,0.116,0.328,0.002,0.002,0.232,0.121,0.434
"Cytochrome P450 11B2",0,0.079,0.001,0.001,0.288,0.025,0.284,0.062,0.15,0.001,0.196
"Protein-glutamine gamma-glutamyltransferase",0.235,0.288,0.249,0.403,0.011,0.288,0.17,0.027,0.29,0.347,0.3
"Phospholipase D2",0.141,0.209,0.338,0.15,0.267,0.373,0.064,0.314,0.078,0.452,0.347
"Metabotropic glutamate receptor 4",0.058,0.21,0.01,0,0.354,0.135,0.444,0.065,0.104,0.369,0.175
"C-C chemokine receptor type 5",0.03,0.075,0.138,0.239,0,0.063,0.031,0,0.379,0,0.045
"Fibroblast growth factor receptor 3",0,0.047,0.374,0.206,0.043,0.222,0.007,0.123,0.173,0.024,0.181
"Phosphodiesterase 4B",0.002,0.123,0.002,0.086,0.139,0.385,0.014,0.215,0.344,0.013,0.025
"Ileal bile acid transporter",0.422,0.158,0.01,0.006,0.17,0.305,0.268,0.035,0.427,0.325,0.023
"Integrin alpha-4",0.023,0.302,0.417,0.198,0.018,0.188,0.006,0.333,0.244,0.364,0.395
"Sodium/hydrogen exchanger 1",0.107,0.346,0.48,0.106,0.21,0.048,0.008,0.371,0.218,0.115,0.189
"Acyl coenzyme A:cholesterol acyltransferase 1",0.358,0.351,0.131,0.265,0.1,0.281,0.437,0.192,0.413,0.219,0.243
"Estradiol 17-beta-dehydrogenase 2",0.046,0.064,0.296,0.382,0.001,0.221,0.002,0.088,0.301,0.18,0.31
"Vascular endothelial growth factor receptor 2",0.002,0.391,0.453,0,0.009,0.287,0.307,0.396,0.037,0.128,0.052
"Matrix metalloproteinase 13",0,0.449,0.006,0,0.019,0.035,0,0.063,0.009,0.152,0.097
"Tyrosine-protein kinase ZAP-70",0.013,0.271,0.195,0.182,0.237,0.518,0.111,0.045,0.277,0.376,0.494
"LXR-alpha",0.03,0.06,0.412,0.24,0.083,0.107,0.016,0.358,0.238,0.109,0.327
"Protein-glutamine gamma-glutamyltransferase K",0.037,0.141,0.334,0.105,0.223,0.064,0.153,0.302,0.071,0.489,0.346
"Nerve growth factor receptor Trk-A",0.026,0.466,0.42,0.234,0.001,0.093,0.008,0.254,0.237,0.084,0.076
"Coagulation factor XI",0.397,0.45,0.399,0.132,0.005,0.224,0.282,0.01,0.468,0.462,0.507
"Casein kinase I delta",0.056,0.415,0.124,0.214,0,0.003,0.358,0.055,0.039,0.248,0.254
"Matrix metalloproteinase 3",0.064,0.244,0.539,0.418,0.032,0.16,0.232,0.009,0.264,0.081,0.227
"Tyrosine-protein kinase JAK1",0.008,0.039,0.4,0.478,0.528,0.033,0.167,0,0.28,0.096,0.148
"Dipeptidyl peptidase IV",0,0.099,0.084,0,0.004,0.142,0.465,0.016,0.228,0.403,0.214
"Serine/threonine-protein kinase mTOR",0.268,0.054,0.248,0.041,0.097,0.299,0.027,0.026,0.021,0.141,0.374
"Glycogen synthase kinase-3 alpha",0,0.1,0.319,0.014,0.009,0.187,0.196,0.366,0.43,0.046,0.352
"Renin",0.283,0.451,0.025,0.053,0.31,0.384,0.481,0.171,0.286,0.429,0.184
"Sigma opioid receptor",0.215,0.045,0.352,0.121,0.11,0.024,0.084,0.114,0.054,0.212,0.33
"Mitogen-activated protein kinase kinase kinase 9",0.005,0.46,0.247,0.022,0.151,0.441,0.026,0.006,0.008,0.22,0.399
"Phosphodiesterase 4D",0.19,0.463,0.101,0,0.001,0.041,0.462,0,0.172,0.451,0.074
"Carbonic anhydrase III",0,0.41,0.101,0.401,0.205,0.182,0.012,0,0.234,0.163,0.018
"Hematopoietic cell protein-tyrosine phosphatase 70Z-PEP",0.03,0.242,0.366,0,0.213,0.11,0.454,0.247,0.117,0.011,0.404
"Phosphodiesterase 3B",0.003,0.248,0.246,0.425,0.001,0.129,0.384,0,0.354,0.381,0.177
"Arachidonate 15-lipoxygenase",0.047,0.035,0.159,0.444,0.047,0.101,0.384,0.296,0.265,0.39,0.322
"Phosphodiesterase 4C",0.004,0.274,0.188,0.025,0.034,0.381,0.013,0.151,0.212,0.468,0.302
"Telomerase reverse transcriptase",0.069,0.522,0.031,0.029,0.484,0.328,0.003,0.288,0.233,0.057,0.238
"Protein kinase C gamma",0.081,0.298,0.207,0.008,0.022,0.016,0.138,0.014,0.289,0.534,0.139
"Cathepsin S",0.001,0.464,0.044,0.154,0.009,0.262,0.04,0.039,0.316,0.355,0.452
"Sphingosine 1-phosphate receptor Edg-5",0.002,0.002,0.049,0.22,0.015,0.047,0.054,0.017,0.156,0.021,0.071
"Tyrosine-protein kinase ITK/TSK",0.011,0.016,0.063,0.377,0.005,0.177,0.095,0.15,0.183,0.037,0.517
"Dual specificity mitogen-activated protein kinase kinase 2",0.111,0.11,0.018,0.414,0,0.087,0.038,0.001,0.058,0.108,0.316
"Tyrosine-protein kinase JAK2",0.43,0.184,0.161,0.186,0,0.278,0.005,0,0.423,0.022,0.128
"Rho-associated protein kinase 2",0,0.029,0.046,0.057,0.003,0.197,0.002,0.379,0.441,0.316,0.07
"Cholecystokinin B receptor",0.132,0.263,0.163,0.216,0.552,0.108,0.292,0.019,0.108,0.065,0.231
"Protein kinase C alpha",0.046,0.193,0.176,0.481,0.008,0.078,0.006,0.168,0.177,0.487,0.086
"Protein kinase C delta",0.285,0.3,0.052,0.237,0.001,0.194,0.38,0,0.466,0.186,0.221
"P2X purinoceptor 3",0.153,0.257,0.366,0.241,0.023,0.17,0.076,0.001,0.446,0.162,0.448
"Multidrug resistance-associated protein 1",0.385,0.119,0.369,0.001,0.01,0.273,0.009,0,0.001,0.287,0.144
"Receptor protein-tyrosine kinase erbB-4",0.033,0.215,0.075,0.433,0.055,0.075,0.421,0.165,0.243,0.01,0.268
"Cyclin-dependent kinase 2",0.023,0.128,0.068,0.072,0.004,0.21,0.014,0.337,0.124,0.086,0.309
"Phosphodiesterase 7A",0.347,0.512,0.172,0.272,0,0.086,0.035,0,0.364,0.479,0.409
"Matriptase",0.181,0.395,0.066,0.01,0.354,0.163,0.147,0.009,0.438,0.119,0.166
"Sphingosine kinase 2",0.033,0.029,0.067,0.272,0.087,0.01,0.316,0.287,0.159,0.096,0.356
"Serine/threonine-protein kinase PLK1",0.15,0.272,0.384,0.068,0.167,0.341,0.115,0.009,0.011,0.52,0.237
"Carbonic anhydrase VI",0,0.289,0.488,0.002,0.388,0.388,0.177,0.04,0.041,0.324,0.419
"Protein kinase C beta",0.034,0.275,0.193,0.033,0,0.448,0.026,0.268,0.303,0.335,0.099
"Cyclin-dependent kinase 7",0.177,0.027,0.121,0.092,0.071,0.165,0.413,0.359,0.226,0.012,0.329
"Glycine transporter 2",0,0.243,0.029,0.004,0.13,0.112,0.062,0.259,0.513,0.064,0.36
"Cyclin-dependent kinase 1",0.107,0.331,0.155,0,0.007,0.035,0.045,0.025,0.232,0.035,0.267
"Excitatory amino acid transporter 1",0.151,0.359,0.33,0.402,0.424,0.267,0.448,0.504,0.056,0.186,0.46
"Plasma retinol-binding protein",0.023,0.118,0.138,0.107,0.05,0.508,0.472,0.016,0.168,0.432,0.438
"Poly [ADP-ribose] polymerase-1",0.024,0.022,0.419,0.025,0.011,0.011,0.132,0.003,0.005,0.243,0.142
"Thymidine phosphorylase",0.503,0.37,0.237,0.516,0.008,0.05,0.255,0.244,0.128,0.401,0.193
"Cyclin-dependent kinase 9",0.032,0.084,0.112,0.081,0.077,0.127,0.017,0.312,0.111,0.05,0.075
"PI3-kinase p110-delta subunit",0.039,0.458,0.289,0.053,0.092,0.206,0.019,0.22,0.073,0.095,0.426
"DNA-dependent protein kinase",0.001,0.489,0.006,0.002,0.011,0.122,0.054,0.143,0.404,0.039,0.454
"PI3-kinase p110-beta subunit",0.196,0.299,0.078,0.273,0.015,0.245,0.061,0.06,0.121,0.325,0.357
"Serotonin 7 (5-HT7) receptor",0.085,0.257,0.402,0.235,0.235,0.064,0.401,0.037,0.112,0.155,0.395
"Bradykinin B2 receptor",0.062,0.253,0.248,0.105,0,0.175,0.029,0.007,0.202,0.239,0.392
"Protein-tyrosine phosphatase 1C",0.037,0.492,0.076,0.208,0.011,0.416,0.4,0.411,0.218,0.088,0.228
"Carboxylesterase 2",0.004,0.032,0.076,0.184,0.31,0.029,0.415,0.002,0.2,0.014,0.322
"Estradiol 17-beta-dehydrogenase 1",0,0.431,0.303,0.237,0.001,0.176,0.002,0.36,0.253,0.205,0.144
"Histone deacetylase 8",0.147,0.08,0.121,0.324,0.19,0.218,0.051,0.001,0.037,0.026,0.378
"Prolyl endopeptidase",0.492,0.439,0.469,0.103,0.153,0.18,0.047,0.07,0.215,0.342,0.091
"Matrix metalloproteinase 9",0.005,0.077,0.024,0.045,0.144,0.157,0.005,0.228,0.168,0.162,0.169
"CD22",0.233,0.432,0.472,0.427,0.09,0.474,0.189,0.029,0.448,0.08,0.374
"Metabotropic glutamate receptor 5",0.197,0.47,0.445,0.318,0.075,0.29,0.079,0.004,0.053,0.074,0.464
"Sphingosine 1-phosphate receptor Edg-6",0.008,0.174,0.241,0.002,0.031,0.148,0.023,0.402,0.032,0.19,0.345
"Rho-associated protein kinase 1",0.086,0.275,0.085,0.014,0.275,0.147,0.253,0.034,0.016,0.368,0.355
"Tyrosine-protein kinase HCK",0.008,0.004,0.212,0.007,0.132,0.133,0.033,0.044,0.389,0.164,0.281
"Carbonic anhydrase XII",0.101,0.305,0.506,0.253,0.273,0.511,0.152,0.506,0.205,0.525,0.213
"Histone deacetylase 1",0.175,0.057,0.135,0.423,0,0.113,0.004,0,0.388,0.059,0.101
"Lysophosphatidic acid receptor Edg-7",0.001,0.036,0.245,0.006,0.011,0.136,0.093,0.245,0.399,0.199,0.209
"PI3-kinase p110-gamma subunit",0.131,0.21,0.275,0.356,0.287,0.478,0.109,0.392,0.053,0.021,0.408
"PI4-kinase beta subunit",0,0.414,0.254,0.137,0.254,0.408,0.274,0.005,0.029,0.003,0.148
"Cathepsin L2",0.546,0.015,0.549,0.456,0.092,0.086,0.319,0.108,0.414,0.178,0.302
"Urokinase-type plasminogen activator",0.004,0.047,0.368,0.191,0.067,0.285,0.457,0.001,0.313,0.006,0.064
"Testis-specific androgen-binding protein",0.257,0.084,0,0.011,0.03,0.387,0.033,0.199,0.009,0.405,0.005
"Caspase-6",0,0.014,0.391,0.075,0.13,0.269,0.2,0.124,0.129,0.001,0.451
"Cyclin-dependent kinase 4",0.254,0.01,0.334,0.126,0.013,0.187,0.147,0.168,0.303,0.001,0.151
"Histone deacetylase 11",0.255,0.272,0.04,0.018,0.035,0.015,0.018,0.181,0.173,0.318,0.198
"Sodium-dependent proline transporter",0.332,0.461,0.007,0,0.112,0.006,0.221,0.023,0.155,0.252,0.059
"Matrix metalloproteinase-1",0.31,0.416,0.089,0,0.237,0.389,0.058,0.09,0.011,0.203,0.303
"Matrix metalloproteinase-2",0.297,0.077,0.136,0,0,0.147,0.366,0.001,0.028,0.154,0.441
"Protein-tyrosine phosphatase 1B",0.039,0.006,0.205,0.09,0.003,0.013,0.278,0.001,0.087,0.128,0.474
"Acetyl-CoA carboxylase 1",0.111,0.497,0.491,0.029,0.008,0.158,0.012,0.026,0.045,0.285,0.145
"Serotonin 6 (5-HT6) receptor",0,0.418,0.024,0.426,0,0.378,0.054,0.168,0.033,0.315,0.355
"MAP kinase ERK1",0.197,0.3,0.073,0.01,0.056,0,0.298,0.182,0.02,0.199,0.439
"Cytochrome P450 2C9",0.049,0.415,0.004,0.337,0.106,0.343,0.281,0.035,0.023,0.244,0.097
"Probable G-protein coupled receptor 88",0.295,0.388,0.06,0,0.002,0.354,0,0.009,0.002,0.267,0.234
"Cytochrome P450 3A4",0.03,0.354,0.49,0.076,0.312,0.131,0.062,0.188,0.081,0.176,0.284
"Pregnane X receptor",0.01,0.007,0.068,0.049,0.055,0.047,0.179,0.344,0.303,0.011,0.401
"Carboxypeptidase B2 isoform A",0.119,0.111,0.197,0.099,0,0.023,0.005,0,0.4,0.442,0.307
"Serotonin 5a (5-HT5a) receptor",0,0.047,0.113,0.027,0.061,0.376,0.014,0.512,0.432,0.021,0.119
"Estrogen-related receptor alpha",0.002,0.347,0.481,0.444,0.068,0.145,0.433,0.002,0.235,0.026,0.419
"Amine oxidase, copper containing",0.02,0.224,0.02,0.433,0.437,0.012,0.16,0.299,0.048,0.074,0.234
"Protein kinase C zeta",0.219,0.249,0.318,0.461,0.282,0.478,0.45,0.03,0.435,0.036,0.082
"Melanin-concentrating hormone receptor 1",0.017,0.193,0.3,0.146,0,0.108,0.227,0.399,0.106,0.005,0.254
"Caspase-7",0.5,0.028,0.187,0.012,0.001,0.026,0.447,0.001,0.199,0.045,0.352
"C-C chemokine receptor type 3",0.292,0.009,0.223,0.605,0.005,0.05,0.206,0.08,0.107,0.013,0.393
"Phospholipase A2 group IIA",0.354,0.049,0.001,0.046,0,0.142,0.401,0.436,0.19,0.418,0.155
"Plasminogen activator inhibitor-1",0.013,0.032,0.014,0.018,0.008,0.27,0.02,0.27,0.442,0.091,0.317
"Inhibitor of nuclear factor kappa B kinase alpha subunit",0.058,0.025,0.522,0.313,0.009,0.118,0.365,0.165,0.52,0.452,0.453
"Proteasome Macropain subunit",0.415,0.034,0.127,0.081,0.492,0.006,0.254,0.016,0.107,0.04,0.078
"Carbonic anhydrase XIV",0.006,0.12,0.105,0.031,0,0.024,0.01,0.001,0.26,0.107,0.501
"LDL-associated phospholipase A2",0.235,0.194,0.276,0.035,0.024,0.354,0.032,0.001,0.332,0.001,0.229
"Cytochrome P450 17A1",0.11,0.45,0.468,0.178,0.015,0.469,0.012,0.182,0.249,0.45,0.188
"Histone deacetylase 4",0.139,0.026,0.049,0.414,0.125,0.041,0.065,0.004,0.107,0.328,0.097
"Inhibitor of nuclear factor kappa B kinase epsilon subunit",0.37,0.353,0.079,0.027,0.001,0.044,0.01,0.002,0.451,0.142,0.433
"Phosphodiesterase 9A",0.478,0.373,0.386,0.012,0.016,0.383,0.003,0.083,0.017,0.36,0.087
"Tyrosine-protein kinase TYK2",0,0.1,0.376,0.381,0.004,0.365,0.066,0.263,0.321,0.359,0.055
"Steryl-sulfatase",0.009,0.002,0.107,0.007,0.09,0.006,0.089,0.003,0.161,0.014,0.262
"Nitric-oxide synthase, brain",0.001,0.044,0.181,0.033,0.496,0.013,0.092,0.002,0.365,0.155,0.146
"Cholesteryl ester transfer protein",0.055,0.237,0.396,0.002,0.057,0.321,0.161,0.173,0.016,0.152,0.147
"Protein kinase C epsilon",0.007,0.008,0.137,0.267,0.081,0.054,0.305,0.003,0.359,0.013,0.128
"Dual specificity mitogen-activated protein kinase kinase 1",0.108,0.108,0.104,0.205,0.033,0.259,0,0.007,0.002,0.111,0.284
"Adenosine kinase",0.076,0.057,0.092,0.332,0.504,0.062,0.232,0.007,0.012,0.084,0.183
"Hormone sensitive lipase",0.074,0.142,0.054,0.097,0.343,0.224,0.116,0.28,0.025,0.046,0.213
"Carbonic anhydrase IX",0,0.436,0.002,0.102,0.02,0.281,0.184,0.017,0.122,0.005,0.116
"Protein kinase C eta",0,0.003,0,0,0,0.023,0.061,0.043,0.147,0.003,0.267
"Cytochrome P450 2C19",0.04,0.114,0.451,0.153,0.099,0.386,0.007,0.566,0.576,0.135,0.332
"Quinone reductase 1)",0.006,0.103,0.037,0,0.001,0.149,0.024,0.004,0.074,0.138,0.457
"Casein kinase II alpha",0.318,0.004,0.093,0.171,0.001,0.004,0,0,0.548,0.039,0.147
"Opioid growth factor receptor-like protein 1",0.005,0.229,0.034,0,0.055,0.457,0.015,0.068,0.002,0.426,0.424
"Kininogen-1",0.339,0.157,0.168,0,0,0.044,0.397,0,0.014,0.012,0.401
"Acetyl-coenzyme A transporter 1",0.089,0.299,0.145,0.089,0.484,0.05,0.186,0.054,0.031,0.102,0.309
"Fibroblast growth factor receptor 1",0.004,0.119,0.291,0.389,0.141,0.005,0.045,0.298,0.131,0.034,0.407
"PI4-kinase alpha subunit",0,0.029,0.318,0.485,0.01,0.003,0.393,0,0.342,0.02,0.308
"Arachidonate 12-lipoxygenase",0.025,0.348,0.362,0.322,0.003,0.103,0.025,0.001,0.244,0.244,0.418
"Autotaxin",0.037,0.474,0.034,0.102,0.038,0.147,0.335,0.021,0.135,0.347,0.416
"ADAM17",0.011,0.394,0.013,0.006,0.038,0.264,0.345,0.324,0.244,0.381,0.336
"Prostanoid EP3 receptor",0.265,0.259,0.359,0.02,0.047,0.229,0.473,0.006,0.053,0.408,0.439
"Hepatocyte growth factor receptor",0.149,0.444,0.057,0.237,0.232,0.245,0.036,0.306,0.076,0.334,0.346
"Carbonic anhydrase IV",0.346,0.273,0.203,0.392,0.284,0.105,0.386,0.209,0.213,0.061,0.281
"11-beta-hydroxysteroid dehydrogenase 2",0.257,0.222,0.029,0.49,0.042,0.273,0.155,0.318,0.124,0,0.107
"Histamine H4 receptor",0.138,0.238,0.415,0.146,0.004,0.1,0.062,0.005,0.389,0.04,0.513
"Beta-glucosidase",0.004,0.365,0.137,0.428,0.241,0.069,0.014,0.045,0.012,0.212,0.296
"Urotensin II receptor",0.001,0.072,0.155,0.074,0.155,0.031,0.151,0.005,0.242,0.24,0.236
"Metabotropic glutamate receptor 1",0.044,0.212,0.294,0.247,0.278,0.297,0.196,0.19,0.221,0.266,0.1
"Dual specificity phosphatase Cdc25A",0.186,0.141,0.056,0.113,0.233,0.446,0.456,0.229,0.305,0.247,0.192
"Caspase-8",0.099,0.322,0.158,0.381,0.138,0.054,0.373,0.036,0.07,0.233,0.1
"Interleukin-1 receptor-associated kinase 4",0.273,0.352,0.332,0.083,0.268,0.073,0.072,0.473,0.089,0.21,0.456
"Histone acetyltransferase p300",0.058,0.01,0.351,0.02,0.465,0.237,0.074,0.036,0.153,0.242,0.209
"Hydroxycarboxylic acid receptor 2",0.439,0.46,0.323,0.253,0.003,0.17,0.081,0.041,0.446,0.393,0.34
"Serine/threonine-protein kinase PLK4",0.001,0.388,0.178,0.441,0,0.486,0,0.474,0.06,0.233,0.136
"Melanocortin receptor 1",0.001,0.299,0.368,0.003,0,0.116,0.001,0.012,0.202,0.154,0.062
"Calcitonin gene-related peptide type 1 receptor",0.011,0.035,0.429,0.025,0.009,0.141,0.026,0.019,0.45,0.008,0.223
"T-cell protein-tyrosine phosphatase",0.088,0.314,0.023,0.355,0.123,0.308,0.032,0,0.461,0.32,0.115
"Cytosolic phospholipase A2",0.02,0.12,0.032,0,0.045,0.044,0.309,0.02,0.035,0.338,0.082
"Hexokinase type IV",0.166,0.246,0.269,0.079,0.001,0.091,0.035,0.08,0.347,0.259,0.334
"Serine/threonine-protein kinase NEK2",0,0.202,0.047,0.001,0.197,0.035,0.319,0.015,0.049,0.381,0.285
"LIM domain kinase 1",0.164,0.046,0.25,0.109,0.005,0.399,0.057,0.334,0.437,0.037,0.292
"Cathepsin L",0.006,0.15,0.03,0.023,0.15,0.272,0.464,0.296,0.1,0,0.426
"Protein kinase C mu",0.302,0.357,0.094,0.365,0.29,0.406,0.257,0.018,0.354,0.463,0.474
"Protein-tyrosine phosphatase 2C",0.003,0.497,0.414,0.258,0.053,0.154,0.382,0.01,0.36,0.005,0.113
"Matrix metalloproteinase 14",0.012,0.351,0.473,0.05,0.093,0.067,0.048,0.017,0.117,0.031,0.041
"Heat shock protein HSP 90-alpha",0.054,0.085,0.086,0.03,0,0.026,0.416,0.001,0.345,0.384,0.276
"Sodium/glucose cotransporter 2",0.003,0.063,0.042,0.004,0.013,0.236,0.157,0.018,0.463,0.223,0.12
"Calpain 1",0.129,0.087,0.342,0.006,0.111,0.289,0.528,0.388,0.114,0.011,0.367
"Sphingosine 1-phosphate receptor Edg-3",0.401,0.345,0.128,0.165,0.005,0.067,0.073,0.153,0.405,0.343,0.059
"Bone morphogenetic protein 1",0.393,0.217,0.121,0.316,0.01,0.027,0.506,0.292,0.433,0.429,0.351
"Glutathione S-transferase Pi",0.51,0.458,0.036,0.011,0.003,0.075,0.005,0.448,0.113,0.329,0.034
"Tyrosine-protein kinase Lyn",0.015,0.224,0.033,0.012,0.27,0.302,0.022,0.003,0.359,0.248,0.25
"Ribosomal protein S6 kinase alpha 2",0.257,0.271,0.115,0.008,0.12,0.162,0.298,0.003,0.102,0.099,0.265
"Carbonic anhydrase XIII",0.01,0.02,0.139,0.001,0.043,0.426,0.004,0.306,0.03,0.498,0.413
"Complement C1s",0.186,0.45,0.372,0.04,0.064,0.122,0.091,0.251,0.382,0.178,0.372
"Protein kinase C theta",0.038,0.133,0.091,0.049,0.195,0.412,0.182,0.332,0.182,0.326,0.131
"Heparanase",0.113,0.269,0.023,0.025,0.367,0.008,0.107,0.105,0.288,0.322,0.034
"Methionine aminopeptidase 2",0,0.347,0.294,0.293,0.002,0.053,0.004,0.14,0.007,0.029,0.196
"Serine/threonine-protein kinase Aurora-C",0.472,0.129,0.51,0.09,0.005,0.335,0.019,0,0.005,0.051,0.223
"Quinone reductase 2",0.364,0.009,0.542,0.013,0.192,0.236,0.395,0.266,0.098,0.003,0.07
"MAP kinase p38 beta",0.478,0.014,0.403,0.234,0.096,0.079,0.281,0.368,0.24,0.34,0.338
"Carbonic anhydrase VB",0.001,0.321,0.205,0.113,0.001,0.4,0.014,0.004,0.035,0.235,0.222
"GAR transformylase",0,0.065,0.021,0.038,0.476,0.059,0.423,0.027,0.203,0.013,0.278
"Proteinase-activated receptor 1",0,0.226,0.004,0.002,0.208,0.391,0.026,0.421,0.156,0.382,0.321
"Fructose-1,6-bisphosphatase",0.024,0.035,0.337,0.166,0.008,0.364,0.007,0.011,0.194,0.278,0.186
"Dipeptidyl peptidase II",0.063,0.039,0.268,0.022,0.273,0.013,0.315,0.007,0.265,0,0.202
"Peroxisome proliferator-activated receptor delta",0.376,0.47,0.486,0.295,0.004,0.261,0.081,0.323,0.396,0.239,0.101
"Serine/threonine-protein kinase 10",0.015,0.024,0.022,0.278,0.26,0.157,0.028,0.041,0.263,0.065,0.211
"Dual specificity protein kinase TTK",0.01,0.287,0.394,0,0.118,0.226,0.344,0.023,0.376,0.043,0.466
"Coagulation factor VII",0.134,0.321,0.35,0.239,0.386,0.124,0.29,0.129,0.412,0.084,0.343
"PI3-kinase p110-alpha subunit",0.021,0.195,0.136,0.327,0.005,0.109,0.166,0.34,0.316,0.192,0.317
"Tyrosine-protein kinase ABL2",0.03,0.278,0.166,0.059,0,0.017,0.002,0,0.088,0.168,0.268
"C-C chemokine receptor type 2",0.075,0.01,0.044,0.039,0.003,0.246,0.019,0.266,0.173,0.061,0.357
"Glutamate receptor ionotropic, AMPA 2",0.013,0.045,0.017,0.195,0.068,0.011,0.043,0.014,0.434,0.376,0.043
"Neuropeptide Y receptor type 2",0.007,0.049,0.414,0.457,0.378,0.097,0.004,0.013,0.191,0.034,0.424
"HMG-CoA reductase",0.263,0.039,0.354,0.154,0.515,0.248,0.048,0.003,0.455,0.304,0.099
"Signal transducer and activator of transcription 3",0.139,0.132,0.45,0.197,0.012,0.355,0.018,0.218,0.437,0.011,0.016
"Interleukin-8 receptor A",0.252,0.046,0.009,0.176,0.209,0.439,0.13,0.249,0.411,0.275,0.369
"Cyclin-dependent kinase 5",0.014,0.075,0.127,0.457,0.024,0.199,0.042,0.148,0.348,0.275,0.049
"MAP kinase ERK2",0.115,0.47,0.126,0.22,0.006,0.076,0.118,0.03,0.037,0.045,0.493
"Cystic fibrosis transmembrane conductance regulator",0.067,0.166,0.178,0.015,0.011,0.125,0.272,0.349,0.002,0.12,0.077
"Chymase",0.036,0.236,0.061,0.128,0.23,0.336,0.034,0.226,0.095,0.34,0.127
"Casein kinase II alpha (prime)",0,0.2,0.014,0.471,0.07,0.008,0,0.033,0.003,0.001,0.309
"Cathepsin B",0.042,0.138,0.068,0.533,0.189,0.168,0.088,0.018,0.15,0.43,0.356
"Matrix metalloproteinase 7",0.208,0.101,0.21,0.05,0.21,0.34,0.441,0.159,0.168,0.455,0.19
"Bombesin receptor subtype-3",0.006,0.336,0.103,0.002,0,0.044,0.052,0.116,0.007,0.12,0.237
"LXR-beta",0.141,0.195,0.122,0.042,0.299,0.361,0.007,0.258,0.445,0.383,0.078
"Neurotensin receptor 1",0.001,0.094,0.421,0.148,0.096,0.051,0.046,0.01,0.095,0.04,0.158
"Tyrosine-protein kinase TIE-2",0.279,0.085,0.111,0.484,0.14,0.472,0.318,0.006,0.296,0.052,0.432
"Fibroblast growth factor receptor 2",0.003,0.134,0.102,0.007,0.002,0.036,0.001,0,0.201,0.408,0.369
"Histone deacetylase 9",0.485,0.405,0.312,0.039,0.274,0.364,0.372,0.196,0.242,0.429,0.326
"Fatty acid synthase",0.013,0.112,0.415,0.034,0.021,0.222,0.256,0.366,0.014,0.305,0.302
"c-Jun N-terminal kinase 2",0.026,0.075,0.074,0.15,0.192,0.271,0.03,0.017,0.21,0.124,0.223
"Sodium channel protein type II alpha subunit",0.146,0.359,0.227,0.052,0.014,0.382,0.009,0.041,0.069,0.043,0.474
"Monoglyceride lipase",0.349,0.195,0.311,0.548,0.008,0.096,0.069,0.025,0.269,0.095,0.398
"Inhibitor of apoptosis protein 3",0,0.005,0.479,0.003,0.28,0.042,0.047,0,0.2,0.005,0.206
"Serine/threonine-protein kinase 2",0.022,0.26,0.137,0.232,0,0.436,0.001,0.176,0.09,0.362,0.037
"Dual specificity protein kinase CLK4",0.356,0.341,0.491,0.429,0.001,0.036,0.263,0.001,0.105,0.264,0.442
"MAP kinase signal-integrating kinase 2",0.33,0.372,0.04,0.4,0,0.183,0.14,0,0.067,0.251,0.04
"Proteasome component C5",0.055,0.11,0.004,0.402,0.015,0.056,0.122,0.015,0.212,0.014,0.035
"Tyrosine-protein kinase FRK",0.051,0.443,0.297,0.345,0.017,0.26,0.084,0.265,0.523,0.484,0.321
"Dual specificty protein kinase CLK1",0.136,0.344,0.189,0.007,0.094,0.217,0.231,0.475,0.041,0.036,0.32
"Dual specificity protein kinase CLK2",0.006,0.12,0.037,0.145,0.136,0.149,0.111,0.103,0.252,0.181,0.247
"Lipoxin A4 receptor",0.37,0.033,0.05,0.008,0.003,0.004,0.008,0,0.405,0.051,0.065
"Estradiol 17-beta-dehydrogenase 3",0.124,0.005,0.346,0.148,0.009,0.015,0.312,0.092,0.265,0.126,0.044
"11-beta-hydroxysteroid dehydrogenase 1",0.003,0.192,0.259,0.009,0.067,0.057,0.224,0.326,0.428,0.155,0.376
"Ribosomal protein S6 kinase alpha 5",0,0.248,0.384,0.091,0.317,0.027,0.01,0.362,0.005,0.244,0.082
"ALK tyrosine kinase receptor",0,0.112,0.347,0.11,0.297,0.007,0.01,0.032,0.028,0.239,0.103
"Hypoxia-inducible factor 1 alpha",0.009,0.104,0.237,0.356,0.125,0.206,0.107,0.243,0.218,0.394,0.271
"TGF-beta receptor type II",0.483,0.235,0.173,0.254,0.485,0.303,0.062,0.026,0.028,0.434,0.038
"Serine/threonine-protein kinase AKT",0,0.037,0.025,0,0.366,0.438,0.254,0.109,0.038,0.053,0.066
"Sodium channel protein type IX alpha subunit",0.225,0.121,0.007,0.023,0.004,0.006,0.003,0.087,0.247,0.347,0.016
"P-glycoprotein 1",0.1,0.51,0.369,0.349,0.047,0.316,0.007,0.125,0.229,0.222,0.229
"Heat shock protein HSP 90-beta",0.448,0.006,0.328,0.052,0.147,0.047,0.058,0.002,0.349,0.039,0.461
"Calcium-activated potassium channel subunit alpha-1",0.171,0.417,0.038,0.121,0.001,0.101,0.117,0.04,0.173,0.398,0.409
"Intermediate conductance calcium-activated potassium channel protein 4",0.401,0.039,0.096,0.079,0,0.161,0.033,0.275,0.303,0.014,0.276
"Voltage-gated potassium channel subunit Kv1.5",0.025,0.195,0.35,0.179,0,0.181,0.011,0.008,0.356,0.043,0.332
"Bradykinin B1 receptor",0.391,0.048,0.085,0.147,0.006,0.006,0.035,0.007,0.102,0.031,0.562
"Purinergic receptor P2Y1",0.305,0.23,0.127,0.228,0.026,0.186,0.237,0.03,0.119,0.076,0.16
"Sphingosine 1-phosphate receptor Edg-1",0.249,0.003,0.093,0.089,0.004,0.06,0.082,0,0.336,0.005,0.311
"Purine nucleoside phosphorylase",0.105,0.079,0.299,0.391,0,0.062,0.087,0,0.369,0.008,0.4
"Serine/threonine-protein kinase GAK",0.012,0.012,0.017,0.002,0.369,0.469,0.27,0.068,0.076,0.027,0.319
"Induced myeloid leukemia cell differentiation protein Mcl-1",0.101,0.073,0.014,0.321,0,0.089,0.061,0.073,0.258,0.076,0.402
"Dual-specificity tyrosine-phosphorylation regulated kinase 2",0.006,0.183,0.369,0.228,0.055,0.353,0.081,0.463,0.141,0.098,0.063
"Gastric inhibitory polypeptide receptor",0.076,0.063,0.546,0.476,0.001,0.098,0.184,0,0.414,0.551,0.217
"Matrix metalloproteinase 12",0.002,0.025,0.156,0.344,0.469,0.073,0.117,0.013,0.27,0.033,0.305
"Sphingosine kinase 1",0.001,0.065,0.093,0.308,0,0.234,0.006,0.449,0.04,0.099,0.025
"Phosphodiesterase 8B",0.241,0.011,0.101,0.435,0.27,0.236,0.011,0.2,0.126,0.126,0.303
"Phosphodiesterase 10A",0,0.345,0.118,0.006,0.304,0.42,0.057,0.041,0.273,0.228,0.37
"Free fatty acid receptor 1",0.032,0.386,0.309,0.168,0.192,0.406,0.242,0.531,0.09,0.279,0.595
"Prostanoid DP receptor",0.051,0.052,0.121,0.284,0.229,0.279,0.369,0.423,0.106,0.2,0.273
"Neurokinin 3 receptor",0,0.301,0.001,0,0.278,0.262,0.3,0.285,0.378,0.007,0.043
"TGF-beta receptor type I",0,0.311,0.036,0,0.001,0.411,0.412,0.014,0,0.368,0.463
"C-X-C chemokine receptor type 3",0.222,0.153,0.261,0.106,0.06,0.033,0.028,0.01,0.162,0.426,0.45
"Vitamin K-dependent protein C",0.201,0.57,0.059,0.116,0.308,0.189,0.038,0.384,0.101,0.082,0.367
"Tyrosine-protein kinase FGR",0.031,0.435,0.269,0.178,0.116,0.241,0.042,0.024,0.387,0.429,0.246
"NAD-dependent deacetylase sirtuin 3",0.074,0.404,0.073,0,0.019,0.257,0.052,0.026,0.396,0.165,0.478
"NAD-dependent deacetylase sirtuin 2",0.029,0.109,0.473,0.309,0.03,0.13,0.015,0.16,0.137,0.321,0.247
"Acyl coenzyme A:cholesterol acyltransferase 2",0.036,0.303,0.051,0.086,0.01,0.094,0.095,0.001,0.29,0.283,0.455
"Voltage-gated N-type calcium channel alpha-1B subunit",0,0.466,0.258,0.005,0.001,0.361,0.027,0.017,0.048,0.363,0.189
"Nitric oxide synthase, inducible",0.103,0.412,0.007,0.033,0.019,0.008,0.308,0.453,0.02,0.293,0.238
"Serine/threonine-protein kinase PAK 4",0.154,0.027,0.035,0.098,0.052,0.122,0.016,0.041,0.366,0.103,0.029
"Ribosomal protein S6 kinase 1",0.375,0.332,0.206,0.026,0.273,0.067,0.142,0.125,0.008,0.101,0.021
"NAD-dependent deacetylase sirtuin 1",0.001,0.219,0.49,0.055,0.092,0.02,0.013,0.207,0.014,0.15,0.207
"Glutaminyl-peptide cyclotransferase",0.008,0.039,0.546,0.028,0.149,0.19,0.329,0.024,0.186,0.121,0.387
"Serine/threonine-protein kinase PIM2",0.057,0.199,0.457,0.011,0.066,0.084,0.006,0.322,0.045,0.088,0.359
"TRAF2- and NCK-interacting kinase",0.124,0.119,0.343,0,0.17,0.537,0.012,0.007,0.073,0.457,0.353
"Coagulation factor XIII",0.023,0.521,0.048,0.062,0.211,0.349,0.068,0.039,0.271,0.087,0.395
"5-lipoxygenase activating protein",0,0.023,0.007,0,0.048,0.497,0.023,0.32,0.16,0.137,0.434
"Neuropeptide Y receptor type 5",0.055,0.332,0.328,0.008,0.109,0.178,0.069,0.202,0.045,0.236,0.313
"Kinesin-like protein 1",0.001,0.111,0.107,0.031,0.003,0.241,0.004,0,0.086,0.452,0.093
"Matrix metalloproteinase 8",0.146,0.243,0.172,0.185,0.297,0.081,0.023,0.068,0.47,0.248,0.363
"C-C chemokine receptor type 8",0.334,0.008,0.195,0.119,0.146,0.207,0.008,0,0.079,0.029,0.496
"Tyrosine kinase non-receptor protein 2",0.273,0.195,0.027,0.335,0.04,0.449,0.075,0.005,0.473,0.333,0.044
"Serine/threonine-protein kinase PAK 1",0.275,0.137,0.431,0.372,0.195,0.397,0.536,0.361,0.185,0.024,0.233
"Tyrosine-protein kinase BRK",0.084,0.22,0.269,0.335,0.069,0.334,0.005,0.255,0.355,0.38,0.122
"Melanocortin receptor 5",0.209,0.219,0.239,0.127,0.003,0.024,0.443,0.081,0.096,0.206,0.243
"Ghrelin receptor",0.052,0.191,0.398,0.419,0.166,0.275,0.002,0.52,0.292,0.472,0.36
"Phenylethanolamine N-methyltransferase",0.424,0.134,0.056,0.064,0.217,0.119,0.168,0.327,0.475,0.341,0.479
"Leukotriene A4 hydrolase",0.131,0.188,0.086,0.349,0.059,0.177,0,0.33,0.035,0.53,0.515
"Apoptosis regulator Bcl-X",0.278,0.32,0.142,0.009,0.147,0.437,0.374,0.097,0.142,0.256,0.038
"Serine/threonine-protein kinase Chk1",0.002,0.191,0.36,0.054,0.032,0.016,0.096,0.016,0.421,0.127,0.195
"Voltage-gated potassium channel subunit Kv1.3",0.179,0.518,0.156,0.456,0.006,0.271,0.211,0.046,0.287,0.197,0.177
"Voltage-gated T-type calcium channel alpha-1G subunit",0.007,0.091,0.292,0.058,0.001,0.311,0.005,0.239,0.346,0.024,0.423
"Melanocortin receptor 3",0.042,0.318,0.174,0.112,0.005,0.235,0.228,0.215,0.48,0.36,0.17
"Dipeptidyl peptidase VIII",0.456,0.306,0.174,0.44,0.003,0.16,0.071,0.014,0.134,0.208,0.29
"Lymphocyte differentiation antigen CD38",0.256,0.185,0.459,0.44,0.013,0.038,0.001,0.148,0.254,0.148,0.482
"Proteasome Macropain subunit MB1",0.346,0.037,0.462,0.008,0.138,0.147,0.217,0.015,0.048,0.049,0.477
"Apoptosis regulator Bcl-W",0,0.348,0.001,0,0.02,0.286,0.276,0,0.039,0.33,0.27
"Aldo-keto-reductase family 1 member C3",0.251,0.17,0.504,0.07,0.16,0.075,0.402,0.245,0.463,0.138,0.386
"Fibroblast activation protein alpha",0.137,0.114,0.315,0.131,0,0.402,0.246,0.267,0.377,0.038,0.453
"Indoleamine 2,3-dioxygenase",0,0.383,0.323,0.406,0.034,0.463,0,0.164,0.35,0.164,0.136
"Malonyl-CoA decarboxylase",0.278,0.271,0.184,0.276,0.068,0.205,0.057,0.161,0.161,0.334,0.137
"Isoprenylcysteine carboxyl methyltransferase",0.476,0.038,0.253,0.253,0.02,0.244,0.326,0.011,0.389,0.203,0.21
"Serine/threonine-protein kinase Aurora-A",0.301,0.123,0.453,0.196,0.105,0.419,0.443,0.096,0.062,0.231,0.484
"C3a anaphylatoxin chemotactic receptor",0,0.463,0.334,0.419,0.21,0.498,0.042,0.134,0.063,0.365,0.104
"Vesicular acetylcholine transporter",0.369,0.362,0.211,0.06,0.374,0.203,0.009,0.091,0.164,0.02,0.159
"Geranylgeranyl pyrophosphate synthetase",0.438,0.43,0.085,0.555,0.089,0.403,0.419,0.042,0.184,0.339,0.246
"Neuropeptide Y receptor type 1",0.023,0.116,0.457,0.429,0.374,0.053,0.009,0.114,0.368,0.387,0.425
"Carbonic anhydrase VA",0.05,0.372,0.317,0.285,0,0.195,0.112,0.038,0.193,0.117,0.408
"Endothelin-converting enzyme 1",0.379,0.221,0.522,0.064,0.024,0.008,0.207,0.063,0.161,0.227,0.289
"Orexin receptor 2",0.029,0.087,0.49,0.184,0.052,0.269,0.102,0.036,0.274,0.093,0.381
"Dipeptidyl peptidase IX",0.003,0.016,0.187,0,0.412,0.109,0.468,0.006,0.031,0.161,0.232
"Vanilloid receptor",0.173,0.091,0.093,0.001,0.099,0.153,0.282,0.011,0.048,0.431,0.094
"Caspase-1",0.074,0.384,0.339,0.026,0.07,0.272,0.41,0.088,0.229,0.28,0.187
"Nitric-oxide synthase, endothelial",0.276,0.189,0.253,0.14,0.003,0.27,0.207,0.287,0.116,0.172,0.167
"Dual specificity phosphatase Cdc25B",0.218,0.023,0.043,0.004,0.068,0.411,0.159,0.047,0.11,0.435,0.352
"P2X purinoceptor 7",0.418,0.11,0.121,0.541,0.364,0.431,0.224,0.278,0.396,0.266,0.117
"Serine/threonine-protein kinase AKT3",0.005,0.183,0.258,0.041,0,0.395,0.485,0.084,0.141,0.09,0.248
"Beta-secretase 1",0.069,0.114,0.401,0.146,0.025,0.178,0.007,0.037,0.386,0.151,0.345
"Acetyl-CoA carboxylase 2",0.233,0.242,0.073,0.138,0.164,0.121,0.113,0.354,0.389,0.061,0.364
"L-lactate dehydrogenase A chain",0.004,0.124,0.045,0.009,0.244,0.316,0.021,0.241,0.177,0.455,0.373
"C-X3-C chemokine receptor 1",0.019,0.047,0.497,0.015,0.016,0.115,0.204,0.17,0.332,0.049,0.23
"Eukaryotic translation initation factor",0.001,0.282,0.005,0.444,0.052,0.073,0.002,0.066,0.446,0.112,0.008
"Apoptosis regulator Bcl-2",0,0.429,0.415,0.365,0.09,0.317,0.038,0.154,0.167,0.408,0.407
"Cytochrome P450 1B1",0,0.484,0.427,0.38,0.023,0.307,0.006,0.002,0.209,0.189,0.117
"Tyrosine-protein kinase receptor UFO",0.006,0.386,0.327,0.11,0,0.23,0.142,0.461,0.337,0.37,0.473
"Neurotrophic tyrosine kinase receptor type 2",0.02,0.456,0.026,0.03,0.356,0.343,0.218,0.25,0.353,0.071,0.096
"Mitogen-activated protein kinase kinase kinase 8",0.215,0.068,0.14,0.027,0.028,0.03,0.059,0,0.233,0.184,0.156
"Low molecular weight phosphotyrosine protein phosphatase",0.244,0.247,0.206,0.012,0.249,0.286,0.244,0.174,0.264,0.094,0.415
"Casein kinase I epsilon",0.307,0.214,0.047,0.118,0,0.022,0.068,0.144,0.106,0.178,0.222
"L-lactate dehydrogenase B chain",0.032,0.278,0.279,0.207,0.006,0.465,0.102,0.146,0.206,0.057,0.185
"S-methyl-5-thioadenosine phosphorylase",0.198,0.481,0.167,0.206,0.052,0.316,0.057,0.423,0.14,0.282,0.373
"Proto-oncogene c-JUN",0.094,0.327,0.028,0.116,0.131,0.337,0.363,0.185,0.306,0.441,0.218
"Sodium/glucose cotransporter 1",0.014,0.183,0.144,0.004,0.407,0.128,0.311,0.416,0.493,0.479,0.126
"Transketolase",0.163,0.446,0.047,0.001,0.345,0.34,0.08,0.053,0.012,0.188,0.156
"Serine/threonine-protein kinase RIPK2",0,0.195,0.29,0.001,0,0.105,0,0.259,0.505,0.182,0.115
"p53-binding protein Mdm-2",0.244,0.061,0.247,0.144,0.032,0.128,0.157,0.072,0.345,0.095,0.347
"Serine-protein kinase ATR",0.462,0.026,0.065,0.441,0.352,0.121,0.087,0.001,0.108,0.038,0.334
"ADAM10",0.52,0.321,0.282,0.229,0.002,0.084,0.031,0.001,0.262,0.069,0.145
"Endoplasmic reticulum aminopeptidase 2",0.149,0.272,0.168,0.07,0.287,0.228,0.18,0.027,0.187,0.089,0.111
"G protein-coupled receptor 44",0.465,0.415,0.129,0.187,0.046,0.193,0.117,0.001,0.258,0.267,0.067
"Endothelial lipase",0.026,0.498,0.493,0.001,0,0.107,0.041,0.029,0.062,0.134,0.478
"Histone deacetylase 10",0.205,0.365,0.227,0.447,0.042,0.495,0.355,0.206,0.203,0.213,0.259
"GABA receptor alpha-5 subunit",0.093,0.156,0.026,0.011,0,0.086,0.029,0.308,0.06,0.402,0.02
"Orexin receptor 1",0.435,0.512,0.381,0.223,0.135,0.513,0.247,0.427,0.413,0.357,0.156
"Discoidin domain-containing receptor 2",0.023,0.396,0.05,0.001,0.098,0.325,0.218,0.108,0.18,0.042,0.045
"Metabotropic glutamate receptor 2",0.043,0.305,0.26,0.433,0.214,0.175,0.114,0.481,0.252,0.195,0.397
"Cytochrome P450 26A1",0.002,0.206,0.022,0.174,0.285,0.043,0.143,0.451,0.054,0.124,0.394
"Serine/threonine-protein kinase B-raf",0.053,0.149,0.041,0,0,0.07,0,0.061,0.001,0.245,0.157
"Ephrin type-B receptor 4",0.314,0.025,0.23,0.025,0.015,0.304,0.022,0.07,0.431,0.171,0.303
"Neuropilin-1",0.001,0.412,0.111,0.256,0.008,0.198,0.004,0.148,0.02,0.546,0.469
"dUTP pyrophosphatase",0.318,0.365,0.257,0.238,0.425,0.256,0.001,0.089,0.075,0.345,0.052
"Serine/threonine-protein kinase ILK-1",0.381,0.346,0.053,0.413,0,0.051,0.058,0,0.467,0.2,0.145
"Tyrosine-protein kinase BTK",0.079,0.086,0.13,0.14,0.035,0.006,0.351,0.018,0.063,0.238,0.395
"Serine/threonine-protein kinase TNNI3K",0.014,0.277,0.016,0.005,0.001,0.06,0.361,0,0.094,0.402,0.435
"Cytochrome P450 2A6",0.315,0.163,0.1,0.237,0.015,0.218,0.463,0.222,0.112,0.058,0.14
"Mitogen-activated protein kinase kinase kinase 5",0.271,0.386,0.198,0.322,0.438,0.325,0.005,0.385,0.021,0.242,0.44
"Tyrosine-protein kinase receptor TYRO3",0.022,0.194,0.009,0.056,0.423,0.313,0.226,0.044,0.344,0.091,0.531
"Epithelial discoidin domain-containing receptor 1",0.096,0.202,0.109,0.104,0.059,0.126,0.301,0.002,0.142,0.014,0.282
"Proto-oncogene tyrosine-protein kinase MER",0.23,0.45,0.239,0.166,0.044,0.065,0.059,0.384,0.322,0.137,0.363
"Baculoviral IAP repeat-containing protein 3",0.01,0.01,0.271,0.059,0.408,0.273,0.155,0,0.008,0.002,0.172
"Poly [ADP-ribose] polymerase 2",0.002,0.029,0.037,0.047,0.385,0.2,0.146,0.08,0.318,0.043,0.375
"P-selectin",0.252,0.304,0.071,0.214,0.001,0.363,0.418,0.184,0.061,0.273,0.158
"ATP-binding cassette sub-family G member 2",0.003,0.374,0.002,0.334,0,0.173,0,0,0.174,0.191,0.062
"Pituitary adenylate cyclase-activating polypeptide type I receptor",0.005,0.003,0.003,0.065,0,0.179,0.214,0,0.29,0.001,0.156
"Serine/threonine-protein kinase PIM3",0,0.015,0.048,0.013,0.095,0.486,0.052,0.001,0.459,0.011,0.428
"G-protein coupled bile acid receptor 1",0.125,0.2,0.068,0.12,0.405,0.189,0.261,0.31,0.149,0.381,0.225
"Metastin receptor",0.065,0.193,0.271,0.287,0.346,0.525,0.184,0.525,0.245,0.282,0.341
"Cell division cycle 7-related protein kinase",0.021,0.31,0.256,0.125,0.151,0.081,0.409,0.48,0.232,0.034,0.339
"Sodium channel protein type X alpha subunit",0.32,0.08,0.481,0.026,0.217,0.095,0.4,0.285,0.205,0.322,0.468
"Baculoviral IAP repeat-containing protein 2",0.026,0.303,0.358,0.369,0.125,0.127,0.273,0.009,0.219,0.408,0.495
"Receptor-interacting serine/threonine-protein kinase 1",0.095,0.218,0.045,0.215,0.169,0.223,0.443,0.064,0.029,0.087,0.282
"Protein tyrosine kinase 2 beta",0.401,0.033,0.244,0.23,0.213,0.077,0.063,0.002,0.322,0.099,0.41
"Perforin-1",0.009,0.427,0.172,0.026,0.248,0.28,0.029,0.428,0.324,0.152,0.567
"D-amino-acid oxidase",0.214,0.419,0.196,0.358,0,0.135,0.02,0.006,0.217,0.107,0.066
"Serine/threonine-protein kinase WEE1",0.375,0.141,0.057,0.176,0.059,0.412,0.435,0.096,0.401,0.046,0.383
"Histone acetyltransferase PCAF",0.36,0.026,0.393,0.475,0.208,0.322,0.24,0.056,0.109,0.239,0.253
"Secreted frizzled-related protein 1",0,0.227,0.006,0,0.058,0.479,0.164,0.02,0.394,0.38,0.071
"Transient receptor potential cation channel subfamily V member 3",0.414,0.085,0.173,0.167,0.352,0.281,0.042,0.046,0.026,0.012,0.092
"Protein-arginine N-methyltransferase 1",0.337,0.169,0.084,0.009,0.355,0.123,0.259,0.199,0.044,0.022,0.438
"Nuclear factor NF-kappa-B p65 subunit",0.028,0.053,0.159,0,0.159,0.36,0.351,0.154,0.047,0.184,0.378
"Dual specificity tyrosine-phosphorylation-regulated kinase 1B",0.015,0.451,0.07,0.342,0.067,0.201,0.24,0.014,0.324,0.06,0.097
"Acyl-CoA desaturase",0.475,0.026,0.163,0.039,0.146,0.148,0.111,0.02,0.45,0.259,0.453
"Proto-oncogene tyrosine-protein kinase ROS",0.141,0.064,0.408,0.013,0.017,0.165,0.102,0.283,0.056,0.089,0.393
"Lysyl-tRNA synthetase",0.291,0.19,0.075,0,0.002,0.053,0.405,0.056,0.003,0.077,0.431
"DNA-(apurinic or apyrimidinic site) lyase",0.004,0.265,0.015,0,0.002,0.467,0.066,0.347,0.119,0.105,0.177
"Glucose-dependent insulinotropic receptor",0.402,0.374,0.329,0.053,0.276,0.037,0.052,0.183,0.513,0.533,0.43
"Prostaglandin E synthase",0.026,0.258,0.397,0.124,0.092,0.1,0.028,0.426,0.005,0.126,0.134
"G protein-coupled receptor kinase 5",0.522,0.144,0.073,0.428,0.32,0.425,0.015,0.027,0.059,0.021,0.391
"Egl nine homolog 1",0.089,0.358,0.354,0.158,0.402,0.075,0.431,0.261,0.147,0.265,0.215
"Elongation of very long chain fatty acids protein 6",0.063,0.089,0.182,0.104,0.379,0.451,0.324,0.355,0.194,0.345,0.197
"Glucagon",0.158,0.292,0,0.003,0.273,0.064,0.449,0.008,0.267,0.226,0.032
"CREB-binding protein",0.001,0.175,0.234,0.268,0.012,0.433,0.02,0.34,0.234,0.298,0.166
"Mitogen-activated protein kinase kinase kinase 7",0.077,0.153,0.476,0.124,0.003,0.1,0.156,0,0.041,0.052,0.495
"Interferon-induced, double-stranded RNA-activated protein kinase",0.002,0.02,0.027,0.068,0.095,0.027,0.128,0.005,0.093,0.003,0.395
"Aldo-keto reductase family 1 member C2",0.251,0.11,0.427,0.009,0.287,0.321,0.076,0.431,0.294,0.318,0.481
"Trace amine-associated receptor 1",0.285,0.103,0.006,0.05,0.519,0.389,0.403,0,0.252,0.207,0.449
"Nuclear receptor ROR-alpha",0.265,0.043,0.106,0.37,0.08,0.122,0.299,0,0.445,0.08,0.294
"Heat shock factor protein 1",0.002,0.247,0.053,0.005,0.021,0.263,0.168,0.398,0.148,0.265,0.055
"Hematopoietic prostaglandin D synthase",0.031,0.267,0.05,0.061,0.072,0.224,0.471,0.027,0.059,0.311,0.478
"Aldo-keto reductase family 1 member C1",0.038,0.06,0.331,0.18,0.038,0.098,0.22,0.119,0.399,0.121,0.205
"Bifunctional protein NCOAT",0.011,0.235,0.075,0.036,0.114,0.101,0.113,0.211,0.028,0.408,0.562
"LIM domain kinase 2",0.244,0.047,0.342,0.04,0,0.181,0.361,0.058,0.228,0.315,0.529
"Serine/threonine-protein kinase PLK2",0.004,0.285,0.011,0.357,0,0.365,0.005,0.007,0.481,0.038,0.385
"Neuropeptide FF receptor 1",0.124,0.178,0.152,0.037,0.026,0.153,0.365,0.245,0.211,0.139,0.518
"Neuropeptide FF receptor 2",0.371,0.196,0.348,0.108,0.002,0.233,0.283,0.028,0.4,0.133,0.285
"IgG receptor FcRn large subunit p51",0.165,0.053,0.474,0.186,0,0.162,0.08,0,0.42,0.249,0.278
"Smoothened homolog",0.346,0.142,0.255,0.137,0.158,0.194,0.002,0.072,0.067,0.278,0.185
"Aldo-keto reductase family 1 member B10",0,0.144,0.04,0.005,0.103,0.238,0.119,0.019,0.148,0.132,0.328
"Serine/threonine-protein kinase 33",0,0.331,0.004,0,0.022,0.24,0.353,0.296,0.167,0.009,0.42
"Transient receptor potential cation channel subfamily A member 1",0.005,0.29,0.17,0.217,0.001,0.129,0.351,0.066,0.04,0.311,0.255
"Diacylglycerol O-acyltransferase 1",0.003,0.117,0.414,0.304,0,0.313,0.247,0.391,0.166,0.025,0.316
"Histone-lysine N-methyltransferase, H3 lysine-9 specific 3",0.103,0.053,0.509,0.144,0.132,0.282,0.089,0.395,0.023,0.507,0.151
"Lysine-specific histone demethylase 1",0.492,0.091,0.281,0.546,0.015,0.274,0.049,0,0.301,0.133,0.175
"Alpha-synuclein",0.174,0.07,0.245,0.119,0.361,0.418,0.049,0.416,0.377,0.523,0.381
"Tankyrase-2",0.523,0.043,0.226,0.31,0.063,0.416,0.126,0.26,0.476,0.103,0.19
"Tankyrase-1",0,0.241,0,0.021,0.079,0.071,0.381,0.195,0.055,0.069,0.156
"Mitogen-activated protein kinase kinase kinase kinase 4",0.044,0.12,0.088,0.422,0.035,0.452,0.012,0.008,0.075,0.231,0.299
"Lysine-specific demethylase 4C",0.405,0.004,0.026,0.099,0.001,0.271,0.202,0.217,0.101,0.245,0.038
