"","EGFR","Hypoxia","JAK.STAT","MAPK","NFkB","PI3K","TGFb","TNFa","Trail","VEGF","p53"
"Arginase-1",0.489975099206349,1,1,1,0.415233134920635,0.415233134920635,1,0.737454047619048,0.489975099206349,1,1
"Leucine-rich repeat serine/threonine-protein kinase 2",0.688100623582766,1,1,1,0.722505654761905,0.471704841269841,0.471704841269841,0.603472156084656,0.249139880952381,0.0664373015873016,0.471704841269841
"Tyrosyl-DNA phosphodiesterase 1",0.581326388888889,1,1,0.581326388888889,0.852612037037037,1,1,1,1,1,1
"Transitional endoplasmic reticulum ATPase",0.398623809523809,0.884446577380952,0.373709821428571,0.083046626984127,1,0.398623809523809,1,0,0.884446577380952,0.365405158730159,1
"Glucokinase regulatory protein",0.382014484126984,1,1,0.409696693121693,1,1,1,0.382014484126984,1,1,1
"Pyruvate kinase isozymes M1/M2",0.166093253968254,0.43184246031746,0.465061111111111,0.243603439153439,1,0.578953628117914,1,0.465061111111111,1,0.950883878968254,0.166093253968254
"Transient receptor potential cation channel subfamily M member 8",0.232530555555556,1,1,0.487206878306878,1,1,1,1,1,0.232530555555556,1
"G-protein coupled receptor 55",1,1,1,1,0.803891349206349,0.476133994708995,0.906394614512472,0.803891349206349,0.852612037037037,0.166093253968254,0.43184246031746
"Endoplasmin",0.735555839002268,1,0.896903571428571,1,0.581326388888889,0.697591666666667,0.888598908730159,0.581326388888889,0.332186507936508,0.697591666666667,0.581326388888889
"Serine/threonine-protein kinase/endoribonuclease IRE1",1,1,1,1,1,1,1,0.581326388888889,0.232530555555556,0.852612037037037,1
"NADPH oxidase 4",1,1,1,1,1,1,1,1,1,1,1
"Ketohexokinase",1,1,0.938426884920635,1,0.938426884920635,0.132874603174603,0.938426884920635,0.358761428571429,0.141179265873016,0.141179265873016,0.132874603174603
"Lethal(3)malignant brain tumor-like protein 1",0,0.199311904761905,0.959649911816579,1,0.959649911816579,0.959649911816579,0.959649911816579,0.959649911816579,1,0.959649911816579,0.959649911816579
"Microtubule-associated protein tau",0.415233134920635,0.971645535714286,0.323881845238095,0.323881845238095,0.323881845238095,0.971645535714286,1,0.323881845238095,1,1,0.415233134920635
"15-hydroxyprostaglandin dehydrogenase [NAD+]",0.199311904761905,1,0.199311904761905,0.272392936507937,1,0.132874603174603,1,1,0.132874603174603,0.944358786848073,0.321113624338624
"G-protein coupled receptor 35",1,1,0.819393386243386,0.315577182539683,1,0.896903571428571,0.82097522675737,0.378692619047619,0.310040740740741,0.0664373015873016,0.0664373015873016
"ATP-sensitive inward rectifier potassium channel 1",0.0664373015873016,1,1,0.143947486772487,1,1,1,1,1,0.143947486772487,1
"Neuropeptides B/W receptor type 1",0.671016746031746,1,1,0.671016746031746,1,1,1,1,0.671016746031746,0.671016746031746,0.498279761904762
"Nuclear receptor ROR-gamma",1,0.938426884920635,1,0.465061111111111,1,1,1,1,0.938426884920635,0.365405158730159,1
"DNA topoisomerase I",0.880294246031746,0.847075595238095,1,0.166093253968254,0,1,0.880294246031746,0.083046626984127,0.972831916099773,1,1
"Farnesyl diphosphate synthase",0.976628333333333,0.907976455026455,1,0.0664373015873016,1,1,1,1,1,0.976628333333333,0.39862380952381
"Glucagon-like peptide 1 receptor",0.456756448412698,1,1,0,0.456756448412698,1,1,0.591291984126984,0.199311904761905,1,1
"Endothelin receptor ET-B",0.30727251984127,0.974413756613757,1,0.254676322751323,0.783011054421769,0.974413756613757,1,0.0664373015873016,0.584648253968254,0.692055224867725,0.254676322751323
"Steroid 5-alpha-reductase 1",0.692055224867725,1,0.939613265306122,1,1,0.692055224867725,0.692055224867725,1,0.692055224867725,0.692055224867725,0.692055224867725
"Vasopressin V2 receptor",0.0332186507936508,0.232530555555556,0.12180171957672,1,0.0664373015873016,1,1,0.656068353174603,0.656068353174603,0.656068353174603,0.232530555555556
"Somatostatin receptor 5",0.0664373015873016,1,0.559971541950113,0,0.325542777777778,1,0.325542777777778,0.645918209876543,0.645918209876543,0.459524669312169,0.232530555555556
"Histone-lysine N-methyltransferase, H3 lysine-79 specific",1,0.0332186507936508,0.92181755952381,0.520425529100529,1,1,1,0.520425529100529,1,1,1
"Bromodomain-containing protein 3",0.39862380952381,1,1,1,1,1,1,1,1,1,1
"Cysteinyl leukotriene receptor 1",0.913512896825397,0.913512896825397,1,1,0.913512896825397,1,1,0.0996559523809524,1,1,1
"Plasminogen",0.61454503968254,1,1,0.631154365079365,0.61454503968254,1,1,1,1,0.61454503968254,0.61454503968254
"Leukocyte adhesion glycoprotein LFA-1 alpha",0.415233134920635,0.797247619047619,0.348795833333333,0.797247619047619,1,0.730810317460317,0.657729285714286,0.415233134920635,0.797247619047619,0.265749206349206,0.730810317460317
"Somatostatin receptor 2",0.387550925925926,0.465061111111111,0.387550925925926,0.963340873015873,0.240835218253968,0.494588800705467,0.240835218253968,0.240835218253968,0.465061111111111,0.0332186507936508,0.657729285714286
"Muscarinic acetylcholine receptor M4",1,0.911140136054422,0.911140136054422,1,0.911140136054422,1,1,0.911140136054422,0.911140136054422,0.0996559523809524,0.747419642857143
"Inosine-5'-monophosphate dehydrogenase 1",0.786174735449735,1,1,1,1,0.786174735449735,0.786174735449735,1,1,1,1
"Receptor protein-tyrosine kinase erbB-2",0.647763690476191,1,1,1,1,1,1,0.744097777777778,0.647763690476191,0.199311904761905,0.647763690476191
"TNF-alpha",0.39862380952381,1,1,0.332186507936508,1,1,1,1,1,1,1
"Phosphodiesterase 5A",0.952267989417989,1,1,1,1,1,1,1,1,0.365405158730159,0.365405158730159
"Serotonin 2b (5-HT2b) receptor",0.315577182539683,0.43184246031746,1,0.315577182539683,1,1,1,1,1,1,0.43184246031746
"Thromboxane-A synthase",0.379641723356009,1,0.956697142857143,0.055364417989418,0.0332186507936508,0.0332186507936508,0.172736984126984,0.502432093253968,0.271285648148148,0.956697142857143,0.172736984126984
"Prostanoid EP4 receptor",0.279985770975057,0.0913512896825397,0.603975468975469,0.415233134920635,0.0913512896825397,0.465061111111111,0.603975468975469,0.0913512896825397,0.0913512896825397,0.0996559523809524,0.171629695767196
"Dopamine D5 receptor",1,1,1,1,1,1,1,1,1,1,1
"Somatostatin receptor 4",0.896903571428571,1,0.896903571428571,0.896903571428571,0.896903571428571,0.476133994708995,0.82382253968254,0.476133994708995,0.896903571428572,0.822161607142857,0.0664373015873016
"Gonadotropin-releasing hormone receptor",0.377862152777778,0.210384788359788,0.270494727891156,0.199311904761905,0.870328650793651,0.210384788359788,0.927102344877345,0.210384788359788,0.210384788359788,0.870328650793651,0.132874603174603
"4-hydroxyphenylpyruvate dioxygenase",0.678609580498866,0.678609580498866,0.678609580498866,0.678609580498866,0.597935714285714,1,0.689287003968254,0.332186507936508,0.531498412698413,1,1
"Tyrosine-protein kinase ABL",1,1,1,1,1,1,1,1,1,1,1
"Vascular endothelial growth factor receptor 1",0.0775101851851852,0.679136860670194,0.146162063492064,0.232530555555556,1,0,0.261003684807256,1,0.0166093253968254,0.132874603174603,0.635306696428571
"Tissue-type plasminogen activator",0,0.569462585034014,1,0.525961970899471,0.525961970899471,1,1,0.525961970899471,0.132874603174603,0.254676322751323,1
"Calcium sensing receptor",1,0.802784060846561,0.837848192239859,0.442915343915344,0.442915343915344,0.837848192239859,0.802784060846561,0.664373015873016,1,0.837848192239859,0.442915343915344
"Neuronal acetylcholine receptor protein alpha-4 subunit",0.0332186507936508,0.809704613095238,0.764028968253968,0.764028968253968,0.809704613095238,0.764028968253968,1,1,0.9448860670194,0.809704613095238,0.232530555555556
"Potassium channel, inwardly rectifying, subfamily J, member 11",1,1,1,1,1,1,1,1,1,1,1
"Vasopressin V1a receptor",0.166093253968254,0.539803075396825,1,1,0.539803075396825,1,0.539803075396825,1,1,0.597935714285714,1
"Glutamate carboxypeptidase II",0,0.139518333333333,0.654881972789116,1,0.139518333333333,1,1,0.139518333333333,1,0,0.249139880952381
"Serotonin 1b (5-HT1b) receptor",0.210384788359788,1,1,0.210384788359788,1,0.524854682539683,0.240835218253968,1,0.210384788359788,1,1
"Serotonin 3a (5-HT3a) receptor",1,1,1,1,1,1,1,1,1,1,1
"Aldose reductase",1,1,1,1,1,1,1,1,1,1,1
"Glutamate [NMDA] receptor subunit epsilon 2",1,1,1,1,1,1,1,1,1,1,1
"Serine/threonine-protein kinase RAF",0,0.0221457671957672,1,1,1,0.232530555555556,0.0885830687830688,0,1,0.0885830687830688,0.0249139880952381
"Aminopeptidase N",0.0442915343915344,0.0442915343915344,0.620081481481482,0.315577182539683,0.84375373015873,0.238066997354497,0.238066997354497,0,0.975420382395382,0.315577182539683,0.0996559523809524
"Cytochrome P450 11B1",0,0.0996559523809524,0.259105476190476,0.975420382395382,0.0498279761904762,0.228839594356261,0.103808283730159,0.0664373015873016,0.0996559523809524,0.055364417989418,0.0664373015873016
"Butyrylcholinesterase",1,1,1,1,1,1,1,1,1,1,1
"Alpha-2c adrenergic receptor",0.631154365079365,0.631154365079365,1,0.631154365079365,0.631154365079365,1,0.871989583333333,0.631154365079365,0.871989583333333,0.631154365079365,1
"Melatonin receptor 1A",0.841539153439153,0.780638293650794,1,0.841539153439153,0.841539153439153,1,0.841539153439153,1,1,0.780638293650794,1
"Melatonin receptor 1B",1,1,1,1,1,1,1,1,1,1,1
"Thyroid hormone receptor beta-1",0.376478042328042,1,1,0.166093253968254,1,0.76956541005291,1,1,0.76956541005291,0.76956541005291,0.365405158730159
"Cyclophilin A",0.0996559523809524,0.484992301587302,1,1,0.116265277777778,1,0.0996559523809524,1,1,0.116265277777778,1
"Thymidylate synthase",1,1,1,0.338830238095238,0.166093253968254,1,1,0.166093253968254,1,0.166093253968254,0.338830238095238
"Vascular endothelial growth factor receptor 3",0.772333630952381,1,1,0.21592123015873,1,0.607426757369614,0.0664373015873016,0.239174285714286,0.607426757369614,0.0885830687830688,0.0885830687830688
"Insulin-like growth factor I receptor",0.0166093253968254,0.0332186507936508,1,1,0.141179265873016,0.882139726631393,0.83046626984127,0.730810317460318,0.84944835600907,0,0.882139726631393
"Epoxide hydrolase 1",0.0996559523809524,0.481670436507937,1,1,1,1,0.651085555555556,0.149483928571429,1,0.166093253968254,1
"Tyrosine-protein kinase receptor FLT3",1,1,1,1,0.132874603174603,1,1,1,1,1,1
"Vitamin D receptor",0.651085555555556,1,0.948577028218695,0.332186507936508,0.859532589285714,0.357100496031746,1,0.664373015873016,0.0332186507936508,0.357100496031746,0.664373015873016
"Cytochrome P450 19A1",0.083046626984127,1,0.972831916099773,0.43184246031746,1,0.972831916099773,0.465061111111111,1,0.083046626984127,1,0.972831916099773
"Insulin receptor",0.705896329365079,0.730810317460318,0.730810317460318,1,0.332186507936508,0.730810317460318,0.730810317460318,0.332186507936508,0.354332275132275,0.730810317460318,0.730810317460318
"Serotonin 1d (5-HT1d) receptor",0.548107738095238,0.358761428571429,1,1,0.274053869047619,1,0.0664373015873016,1,1,0.0332186507936508,0.0885830687830688
"Inhibitor of nuclear factor kappa B kinase beta subunit",0.855380257936508,1,1,1,1,1,0.116265277777778,0.199311904761905,0.0332186507936508,1,1
"Prostanoid IP receptor",1,1,1,1,1,1,1,1,1,1,1
"Equilibrative nucleoside transporter 1",0.199311904761905,1,0.907976455026455,0.132874603174603,1,1,1,0.907976455026455,0.332186507936508,1,0.199311904761905
"Purinergic receptor P2Y12",1,1,1,1,1,1,1,1,1,1,1
"Retinoic acid receptor gamma",0.298967857142857,0.298967857142857,1,0.631154365079365,0.977577437641723,1,0.76956541005291,1,1,0.298967857142857,0.489975099206349
"Platelet-derived growth factor receptor alpha",1,1,1,1,1,1,1,1,1,1,1
"Retinoic acid receptor beta",1,1,1,1,1,1,1,0.166093253968254,1,1,1
"Nociceptin receptor",0.750741507936508,1,1,1,0.43184246031746,0.863684920634921,1,0.43184246031746,0.750741507936508,1,0.750741507936508
"Dihydrofolate reductase",1,0.847075595238095,1,0,0.597935714285714,1,0.597935714285714,0.607426757369614,0.597935714285714,0.597935714285714,0.597935714285714
"Epidermal growth factor receptor erbB1",0.186024444444444,0.186024444444444,0.651916021825397,0.970722795414462,1,0.651916021825397,0.186024444444444,0.186024444444444,0.651916021825397,1,0.186024444444444
"Muscarinic acetylcholine receptor M5",1,1,1,1,1,1,1,1,1,1,1
"Peptidyl-prolyl cis-trans isomerase FKBP5",1,0.996559523809524,1,0.348795833333333,0.348795833333333,0.376478042328042,1,1,1,1,0.43184246031746
"Retinoic acid receptor alpha",1,1,1,0.27682208994709,1,1,1,0.199311904761905,0.365405158730159,0.471704841269841,0.199311904761905
"Estrogen receptor alpha",0.650136451247166,0.456756448412698,1,0.0664373015873016,0.778792813051146,0.650136451247166,0.456756448412698,0.778792813051146,0.456756448412698,0.524854682539683,0.840431865079365
"Beta-2 adrenergic receptor",0,1,1,0.343259391534392,1,1,1,1,1,1,0.265749206349206
"Cyclin T1",0.780638293650794,1,1,1,1,1,0.780638293650794,0.996559523809524,1,0.996559523809524,1
"Muscarinic acetylcholine receptor M2",1,1,1,1,1,1,1,1,1,1,1
"Beta-1 adrenergic receptor",0.581326388888889,0.677660476190476,0.716573752834467,0.581326388888889,1,1,0.716573752834467,0.581326388888889,1,0.581326388888889,0.838770932539683
"Dopamine D2 receptor",0.863684920634921,0.893212610229277,0.42519873015873,0.42519873015873,0.42519873015873,0.42519873015873,0.232530555555556,1,0.476133994708995,0.880294246031746,1
"Beta-glucocerebrosidase",0.275240249433107,0.0332186507936508,1,0.265749206349206,0.275240249433107,0.885830687830688,1,0,0.885830687830688,0.0332186507936508,0.275240249433107
"Motilin receptor",0.55364417989418,1,0.780638293650794,0.116265277777778,1,1,1,0.780638293650794,0.0332186507936508,1,0.680982341269841
"MAP kinase-activated protein kinase 2",0.773520011337869,0.52319375,1,0.0332186507936508,0.52319375,0.773520011337869,1,1,1,0.558073333333333,0.0332186507936508
"Cyclooxygenase-1",1,1,1,1,1,1,1,1,1,1,1
"Norepinephrine transporter",0.0664373015873016,1,1,0,1,1,1,0.672677678571429,1,0.0166093253968254,1
"Anandamide amidohydrolase",1,1,1,0.481670436507937,0.481670436507937,1,1,0.803891349206349,0.489975099206349,1,0.489975099206349
"Serotonin 2c (5-HT2c) receptor",0,0.259105476190476,1,0.261596875,0.0996559523809524,0.257444543650794,0.261596875,1,0.269440167548501,0.257444543650794,0.261596875
"Dipeptidyl peptidase I",0.813856944444445,1,1,1,1,0.813856944444445,1,1,1,1,1
"Serotonin transporter",0.87106684303351,0.87106684303351,0.87106684303351,1,0.808320502645503,0.788942956349206,0.788942956349206,1,0.132874603174603,0.788942956349206,0.808320502645503
"Peroxisome proliferator-activated receptor alpha",1,0.730810317460317,0.730810317460317,1,1,1,1,0.730810317460317,1,0.903547301587302,0.903547301587302
"HERG",0.764028968253968,1,1,1,1,1,1,1,1,1,0.764028968253968
"Epoxide hydratase",1,0.290663194444444,0.249139880952381,0.838770932539683,0.290663194444444,0.955958950617284,1,0.0664373015873016,0.393087367724868,0.352117698412698,0.838770932539683
"Phosphodiesterase 3A",0.747419642857143,0.741883201058201,0.747419642857143,1,0,1,1,0.996559523809524,1,0.741883201058201,0.747419642857143
"C-C chemokine receptor type 1",0.868430442176871,0.868430442176871,0.926800357142857,0.232530555555556,0.868430442176871,0.926800357142857,0.926800357142857,1,0.868430442176871,0.868430442176871,0.332186507936508
"C-C chemokine receptor type 4",0.232530555555556,0.643611359126984,0.469806632653061,0.378692619047619,0.808320502645503,1,0.84375373015873,0.232530555555556,0.469806632653061,0,0.232530555555556
"Estrogen receptor beta",0.0166093253968254,0.0221457671957672,1,0.631154365079365,0.498279761904762,1,0.132874603174603,0.0166093253968254,1,0.0249139880952381,1
"Glyoxalase I",1,1,1,0.680982341269841,1,1,1,1,1,0.680982341269841,1
"Myosin light chain kinase, smooth muscle",0.0664373015873016,0.232530555555556,1,1,0.232530555555556,1,0.83046626984127,0.0885830687830688,0.0885830687830688,1,0.83046626984127
"Serine/threonine-protein kinase AKT2",1,1,1,1,1,1,1,0.166093253968254,1,1,1
"Interleukin-8 receptor B",0.653300132275132,1,1,0.531498412698413,0.61454503968254,1,1,1,0.755724305555556,1,1
"Myeloperoxidase",0,0.055364417989418,1,1,1,0.560564732142857,0.0747419642857143,0,0.479297675736961,0.0930122222222222,0.12180171957672
"Coagulation factor X",1,1,1,1,1,1,0.847075595238095,1,1,0.847075595238095,1
"Deoxycytidine kinase",0.298967857142857,0.313204421768707,1,0.312255317460317,0.365405158730159,0.298967857142857,0.313204421768707,0.232530555555556,0.312255317460317,0.740775912698413,0.380169003527337
"Muscarinic acetylcholine receptor M3",1,0.934867743764172,0.934867743764172,0.934867743764172,0.934867743764172,1,1,0.934867743764172,1,0.83046626984127,0.934867743764172
"Beta-3 adrenergic receptor",1,0.609008597883598,0.609008597883598,1,1,0.710879126984127,0.979950198412698,1,1,0.710879126984127,0.609008597883598
"Death-associated protein kinase 3",0.265749206349206,0.265749206349206,1,0.755724305555556,1,1,1,1,0.597935714285714,1,1
"Methionine aminopeptidase 1",0.290663194444444,0.934867743764172,1,0.498279761904762,0.0996559523809524,0.934867743764172,1,1,0.0498279761904762,0.0498279761904762,1
"Leukocyte elastase",0.578004523809524,0.578004523809524,1,0.711828231292517,0.0332186507936508,0.0332186507936508,0.711828231292517,0.91166741622575,0.91166741622575,1,0.578004523809524
"Beta amyloid A4 protein",1,1,1,1,1,1,1,1,0.797247619047619,0.797247619047619,0.232530555555556
"Neurokinin 1 receptor",1,1,1,0.83046626984127,0.282358531746032,1,1,1,0.83046626984127,0.719737433862434,0.282358531746032
"Neuronal acetylcholine receptor protein alpha-7 subunit",1,1,1,0.797247619047619,0,1,1,1,0.797247619047619,1,1
"Adenosine A2a receptor",1,0.458417380952381,1,0.27682208994709,1,0.27682208994709,0.27682208994709,1,0.30727251984127,1,1
"Endothelin receptor ET-A",0.365405158730159,0.455570068027211,0.616390520282187,0.883616111111111,1,0.455570068027211,0.616390520282187,0.0498279761904762,0.0332186507936508,0.455570068027211,0.132874603174603
"Beta secretase 2",0.0498279761904762,0.174397916666667,0.199311904761905,0.0498279761904762,0.664373015873016,0.199311904761905,0.539803075396825,0.279985770975057,0.979950198412698,0.0664373015873016,1
"Serine/threonine-protein kinase Chk2",0.0166093253968254,1,1,1,1,1,0.055364417989418,1,0.0166093253968254,1,1
"Cannabinoid CB2 receptor",1,0.578004523809524,0.896903571428571,0.586862830687831,0.440147123015873,0.440147123015873,0.0996559523809524,0.440147123015873,1,0.593783382936508,0.593783382936508
"3-phosphoinositide dependent protein kinase-1",0.647763690476191,1,1,1,1,1,1,1,1,0.647763690476191,1
"Phospholipase D1",1,0.537034854497355,0.39862380952381,0.39862380952381,0.889521649029982,0.602681235827664,1,0.39862380952381,0,0.889521649029982,0.39862380952381
"Phosphodiesterase 4A",0.716573752834467,0.465061111111111,0.617866904761905,0.617866904761905,1,0.642227248677249,0.617866904761905,0.617866904761905,1,1,1
"Adenosine A2b receptor",1,1,0.946731547619048,1,1,1,0.946731547619048,1,1,1,1
"Carboxypeptidase B",0.43184246031746,1,1,1,1,1,1,1,1,0.808320502645503,0.808320502645503
"Adenosine A3 receptor",0.166093253968254,0.937504144620811,0.526752891156463,0.166093253968254,0.365405158730159,0.560564732142857,1,0.365405158730159,0.365405158730159,1,0.166093253968254
"Histone deacetylase 5",1,1,1,1,1,1,1,1,1,1,1
"Liver glycogen phosphorylase",0,0.391980079365079,0.110728835978836,0.988254861111111,1,0.391980079365079,0.578953628117914,0.578953628117914,1,0.110728835978836,1
"Tyrosine-protein kinase LCK",0.855380257936508,0.855380257936508,1,0.855380257936508,1,1,1,0.991023082010582,0.930122222222222,1,0.855380257936508
"Cathepsin D",0.415233134920635,1,0.770672698412698,0.415233134920635,0.415233134920635,1,1,0.0332186507936508,1,1,1
"Melanocortin receptor 4",1,1,1,0.0996559523809524,1,1,1,1,1,1,1
"Peptide N-myristoyltransferase 1",0,0.310040740740741,0.716573752834467,0.0166093253968254,0.352117698412698,1,1,1,0.896903571428571,0.647763690476191,0.352117698412698
"Tyrosine-protein kinase SYK",1,1,1,1,1,1,1,1,1,1,1
"MAP kinase p38 alpha",0.0996559523809524,0.404160251322751,0.0498279761904762,0.0498279761904762,0.0996559523809524,1,0.9448860670194,0.42709693877551,1,0.9448860670194,0.292324126984127
"Carbonic anhydrase I",1,0.265749206349206,1,1,1,1,1,1,1,1,1
"Furin",1,1,1,0.919049338624339,0.415233134920635,1,1,1,1,1,0.415233134920635
"Tryptase beta-1",0.572098985890653,0.572098985890653,0.572098985890653,0.572098985890653,0.572098985890653,1,0.357100496031746,0.357100496031746,1,0.357100496031746,0.0332186507936508
"Glycogen synthase kinase-3 beta",1,0.83046626984127,1,0.83046626984127,1,0.83046626984127,1,1,1,1,1
"Dual specificity protein phosphatase 3",0.219243095238095,0.265749206349206,0.219243095238095,1,0.265749206349206,0.724166587301587,0.219243095238095,0.219243095238095,0.450297266313933,0.219243095238095,0.249139880952381
"c-Jun N-terminal kinase 3",1,1,1,1,1,1,1,1,1,1,1
"Histamine H3 receptor",0.0664373015873016,1,0.911140136054422,1,1,0.911140136054422,1,0.911140136054422,0.911140136054422,0.911140136054422,0.911140136054422
"Phosphodiesterase 2A",0.265749206349206,0.378692619047619,0.393878287981859,1,0.976628333333333,0.583171869488536,0.419385466269841,0.166093253968254,0.0996559523809524,0.393878287981859,0.0996559523809524
"Adenosylhomocysteinase",0.883616111111111,1,1,0.871989583333333,0.871989583333333,1,1,0.871989583333333,1,0,1
"Tyrosine-protein kinase SRC",0.919049338624339,0.326650066137566,1,0.199311904761905,0.0498279761904762,1,0.252461746031746,0.252461746031746,0.0498279761904762,0.494127430555556,0.460315589569161
"Cathepsin K",0.0332186507936508,0.188239021164021,0.916834761904762,0.768774489795918,0.916834761904762,0.768774489795918,1,0.257444543650794,0.768774489795918,0.0332186507936508,0.87614191468254
"Macrophage-stimulating protein receptor",0.0996559523809524,1,0.790603888888889,0.243603439153439,1,0.841539153439153,1,1,0.243603439153439,1,0.790603888888889
"Cystinyl aminopeptidase",1,1,1,1,1,1,1,1,0.847075595238095,0.847075595238095,1
"Focal adhesion kinase 1",1,1,1,1,0.697591666666667,1,1,0.764028968253968,1,1,0.896903571428571
"Mitogen-activated protein kinase kinase kinase 11",1,0.531498412698413,0.664373015873016,1,1,1,1,0.0332186507936508,1,1,1
"Histone deacetylase 7",1,1,1,1,0.0996559523809524,1,1,1,1,1,1
"Phosphodiesterase 11A",0.182702579365079,0.948577028218695,1,0.948577028218695,0.874757804232804,0.420769576719577,0.0664373015873016,0.684304206349206,1,0.684304206349206,0.948577028218695
"Cytochrome P450 11B2",1,1,1,0.39862380952381,1,0.39862380952381,1,1,1,1,1
"Protein-glutamine gamma-glutamyltransferase",0.0332186507936508,1,1,0.616917800453515,0.107960615079365,0.616917800453515,0.107960615079365,0.882139726631393,0.484992301587302,0.107960615079365,0.813856944444445
"Phospholipase D2",1,1,1,1,1,1,1,1,1,1,1
"Metabotropic glutamate receptor 4",1,0.332186507936508,1,0.166093253968254,0.0332186507936508,0.387550925925926,1,0.863684920634921,0.83521179138322,0.221457671957672,0.387550925925926
"C-C chemokine receptor type 5",1,0.752956084656085,0.752956084656085,1,0.597935714285714,0.752956084656085,0.752956084656085,0.752956084656085,0.752956084656085,0.752956084656085,0.752956084656085
"Fibroblast growth factor receptor 3",1,0.905208234126984,1,1,1,1,0.642227248677249,1,1,0,0.581326388888889
"Phosphodiesterase 4B",0.232530555555556,0.813856944444445,0.527346081349206,0.527346081349206,0.527346081349206,0.990519769119769,0.232530555555556,0.527346081349206,0.813856944444445,0.232530555555556,0.527346081349206
"Ileal bile acid transporter",1,1,0.597935714285714,1,0.0664373015873016,1,1,1,0.597935714285714,0.083046626984127,1
"Integrin alpha-4",0.498279761904762,1,1,0.498279761904762,1,1,1,1,1,0.764028968253968,0.764028968253968
"Sodium/hydrogen exchanger 1",0.287894973544974,0.488788718820862,0.543955406746032,0,0.0996559523809524,0.287894973544974,1,0.83711,0.287894973544974,0.679136860670194,0.254676322751323
"Acyl coenzyme A:cholesterol acyltransferase 1",1,0.797247619047619,0.797247619047619,0.797247619047619,0.298967857142857,0.873175963718821,0.873175963718821,0.797247619047619,1,1,1
"Estradiol 17-beta-dehydrogenase 2",0.166093253968254,0.83046626984127,0.760707103174603,0.760707103174603,0.760707103174603,0.760707103174603,0.398623809523809,0.760707103174603,0.760707103174603,0.398623809523809,0.760707103174603
"Vascular endothelial growth factor receptor 2",1,1,1,1,1,1,1,1,1,1,1
"Matrix metalloproteinase 13",1,1,0.863684920634921,0.697591666666667,0,0.531498412698413,1,1,1,0.531498412698413,0.531498412698413
"Tyrosine-protein kinase ZAP-70",0.520425529100529,1,0.520425529100529,0.182702579365079,0,1,0.182702579365079,0.182702579365079,0.520425529100529,0.520425529100529,0.520425529100529
"LXR-alpha",0.493534240362812,0.631154365079365,0.707557261904762,0.493534240362812,0.721750685425685,0.682827821869489,0.132874603174603,0.298967857142857,0.465061111111111,0.465061111111111,0.465061111111111
"Protein-glutamine gamma-glutamyltransferase K",1,0.332186507936508,1,0.503816203703704,0.332186507936508,1,0.503816203703704,1,0.348795833333333,0.332186507936508,0.84944835600907
"Nerve growth factor receptor Trk-A",0.265749206349206,1,0.887412528344671,1,0.887412528344671,0.887412528344671,0.348795833333333,1,0.348795833333333,0.348795833333333,1
"Coagulation factor XI",0,0,1,0.0332186507936508,0.166093253968254,1,0.456756448412698,0.384387244897959,1,0.0664373015873016,0.21592123015873
"Casein kinase I delta",1,0.793095287698413,0.478348571428571,0.837848192239859,0.282358531746032,0.282358531746032,0.478348571428571,0.793095287698413,0.478348571428571,1,0.793095287698413
"Matrix metalloproteinase 3",1,1,1,1,1,1,1,1,1,1,1
"Tyrosine-protein kinase JAK1",1,1,1,0.332186507936508,1,1,0.332186507936508,1,1,1,0.376478042328042
"Dipeptidyl peptidase IV",0.677660476190476,1,1,1,1,0.132874603174603,1,0.672677678571429,0.132874603174603,1,0.132874603174603
"Serine/threonine-protein kinase mTOR",1,1,1,1,1,1,1,1,1,1,1
"Glycogen synthase kinase-3 alpha",1,1,1,0.420769576719577,0.420769576719577,1,1,1,1,1,0.365405158730159
"Renin",0.707082709750567,0.597935714285714,1,0.597935714285714,1,1,0.597935714285714,0.707082709750567,1,0.707082709750567,0.597935714285714
"Sigma opioid receptor",0.631154365079365,0.631154365079365,0.991814002267574,1,1,1,0.923478492063492,1,0.923478492063492,0.631154365079365,0.991814002267574
"Mitogen-activated protein kinase kinase kinase 9",1,1,1,1,1,1,1,1,1,1,1
"Phosphodiesterase 4D",0.653300132275132,1,0.653300132275132,0.735555839002268,0.793095287698413,1,0.653300132275132,0.653300132275132,1,0.132874603174603,0.653300132275132
"Carbonic anhydrase III",0.644441825396825,0.644441825396825,1,0.644441825396825,0.644441825396825,1,1,1,1,1,0.644441825396825
"Hematopoietic cell protein-tyrosine phosphatase 70Z-PEP",0.578004523809524,0.489975099206349,0.489975099206349,1,0.489975099206349,1,1,1,1,0.489975099206349,1
"Phosphodiesterase 3B",0.0996559523809524,0.0442915343915344,0.631154365079365,0.631154365079365,1,1,1,0.0442915343915344,0.631154365079365,0.0332186507936508,1
"Arachidonate 15-lipoxygenase",1,1,1,1,1,1,1,1,0.415233134920635,0.132874603174603,1
"Phosphodiesterase 4C",0,0.0664373015873016,1,0.902440013227513,0.126230873015873,1,0.0913512896825397,1,1,0,1
"Telomerase reverse transcriptase",0.12456994047619,0.280513051146384,0.265749206349206,0.265749206349206,0.12456994047619,0.857645165945166,0.280513051146384,0.232530555555556,0.857645165945166,0.12456994047619,0.12456994047619
"Protein kinase C gamma",1,0.930122222222222,1,0.930122222222222,0.930122222222222,0.907976455026455,0.930122222222222,0.907976455026455,0.930122222222222,0.907976455026455,0.930122222222222
"Cathepsin S",1,1,1,0.974413756613757,0.438486190476191,0.438486190476191,1,0.438486190476191,1,0.438486190476191,0
"Sphingosine 1-phosphate receptor Edg-5",1,1,1,1,1,1,1,1,1,1,1
"Tyrosine-protein kinase ITK/TSK",0.591291984126984,0.658836574074074,0.66022068452381,0.591291984126984,0.591291984126984,0.999881388888889,0.885830687830688,0.591291984126984,0.591291984126984,1,0.66022068452381
"Dual specificity mitogen-activated protein kinase kinase 2",0.265749206349206,0.730810317460317,1,0.730810317460317,0.730810317460317,0.730810317460317,0.730810317460317,0.730810317460317,0.730810317460317,1,1
"Tyrosine-protein kinase JAK2",1,1,0.722505654761905,0.722505654761905,1,0.722505654761905,0.768774489795918,1,0.768774489795918,0.722505654761905,0.768774489795918
"Rho-associated protein kinase 2",1,1,1,1,1,1,1,1,1,0.764028968253968,1
"Cholecystokinin B receptor",0.491636031746032,0.888598908730159,0.659627494331066,0.298967857142857,0,0.448451785714286,0.083046626984127,0.987499891774892,0.91166741622575,0.659627494331066,0.987499891774892
"Protein kinase C alpha",0.82097522675737,0.589631051587302,1,0.589631051587302,1,0.514889087301587,0.82097522675737,1,0.232530555555556,0.750741507936508,1
"Protein kinase C delta",0.780638293650794,0.780638293650794,0.856302998236332,1,0.969984603174603,0.780638293650794,0.780638293650794,0.0996559523809524,0.780638293650794,0.780638293650794,0.780638293650794
"P2X purinoceptor 3",1,1,1,1,1,1,1,1,1,1,1
"Multidrug resistance-associated protein 1",0.863684920634921,0.991814002267574,0.989915793650794,0.863684920634921,1,0.991814002267574,1,0.946731547619048,1,1,0.863684920634921
"Receptor protein-tyrosine kinase erbB-4",1,0.166093253968254,1,1,0.0442915343915344,1,1,0.0332186507936508,0.0442915343915344,0.166093253968254,1
"Cyclin-dependent kinase 2",1,1,1,1,1,1,1,0.332186507936508,1,1,0.332186507936508
"Phosphodiesterase 7A",0.0996559523809524,0.978104717813051,1,0.978104717813051,0.978104717813051,0.978104717813051,0.978104717813051,0.978104717813051,1,0.978104717813051,0.978104717813051
"Matriptase",1,1,1,1,1,1,1,1,1,1,1
"Sphingosine kinase 2",0.191007242063492,0.586862830687831,1,0.149483928571429,0.232530555555556,0.726064795918367,1,0.191007242063492,1,1,0.149483928571429
"Serine/threonine-protein kinase PLK1",1,0.783960158730159,0.783960158730159,0.481670436507937,1,1,0.783960158730159,0.902440013227513,1,0.481670436507937,1
"Carbonic anhydrase VI",0.0332186507936508,0.0996559523809524,1,1,0.289476814058957,0.289476814058957,0.0332186507936508,0.0775101851851852,1,0.0996559523809524,0.465061111111111
"Protein kinase C beta",0.531498412698413,1,1,0.083046626984127,0,1,1,0.132874603174603,0.531498412698413,1,1
"Cyclin-dependent kinase 7",1,1,1,1,0.631154365079365,1,1,1,1,1,1
"Glycine transporter 2",1,1,1,1,1,1,1,1,1,1,1
"Cyclin-dependent kinase 1",1,1,1,1,1,1,1,1,1,1,1
"Excitatory amino acid transporter 1",0.906394614512472,1,1,1,1,0.906394614512472,0.906394614512472,0.906394614512472,0.906394614512472,0.906394614512472,0.906394614512472
"Plasma retinol-binding protein",0.448451785714286,0.792502097505669,0.792502097505669,0.792502097505669,0.792502097505669,1,0.265749206349206,0.851227926587302,0.792502097505669,1,1
"Poly [ADP-ribose] polymerase-1",1,1,1,1,0.930122222222222,1,1,1,1,1,1
"Thymidine phosphorylase",0.265749206349206,0.721319274376417,0.721319274376417,0.232530555555556,0.132874603174603,1,0.265749206349206,0.721319274376417,0.809704613095238,1,1
"Cyclin-dependent kinase 9",1,0.542571296296296,1,1,1,1,1,1,1,0,0.0498279761904762
"PI3-kinase p110-delta subunit",1,1,1,1,1,1,1,1,1,1,1
"DNA-dependent protein kinase",0.0332186507936508,0.0166093253968254,0.907976455026455,1,1,1,1,0.382014484126984,1,0.0166093253968254,0.907976455026455
"PI3-kinase p110-beta subunit",1,0.390319146825397,1,0.442915343915344,0.855380257936508,0.545734977324263,1,0.442915343915344,0.390319146825397,0.166093253968254,0.348795833333333
"Serotonin 7 (5-HT7) receptor",1,1,1,1,1,1,1,1,1,1,1
"Bradykinin B2 receptor",0.354332275132275,1,1,1,0.354332275132275,1,0.903547301587302,0.354332275132275,1,1,0.903547301587302
"Protein-tyrosine phosphatase 1C",0.298967857142857,1,1,0.775101851851852,1,1,0.298967857142857,1,1,1,1
"Carboxylesterase 2",1,1,1,0.498279761904762,0.498279761904762,1,1,0.265749206349206,1,0.639459027777778,1
"Estradiol 17-beta-dehydrogenase 1",0.055364417989418,1,0.572098985890653,1,0.055364417989418,0.359868716931217,0.359868716931217,0.377862152777778,0.0664373015873016,0.0332186507936508,0.377862152777778
"Histone deacetylase 8",1,1,1,1,1,1,1,1,1,1,1
"Prolyl endopeptidase",0.398623809523809,0.149483928571429,0.925376700680272,0.925376700680272,0.925376700680272,1,0.988254861111111,0.481670436507937,1,0.0332186507936508,1
"Matrix metalloproteinase 9",0.232530555555556,1,0.602681235827664,0.232530555555556,0,0.996559523809524,1,0.602681235827664,0.602681235827664,0.232530555555556,1
"CD22",0.143947486772487,0.456756448412698,1,1,0.83046626984127,1,1,1,0.143947486772487,0.143947486772487,1
"Metabotropic glutamate receptor 5",1,0.736346759259259,0.759283446712018,0.132874603174603,0.531498412698413,0.736346759259259,1,0.764028968253968,1,0.531498412698413,0.382014484126984
"Sphingosine 1-phosphate receptor Edg-6",0.971645535714286,0.996559523809524,0.996559523809524,0.996559523809524,0.232530555555556,0.996559523809524,0.874757804232804,1,0.232530555555556,0.996559523809524,1
"Rho-associated protein kinase 1",1,1,1,1,1,1,1,1,1,1,1
"Tyrosine-protein kinase HCK",0.0664373015873016,0.972400505050505,0.808320502645503,0.808320502645503,0.882667006802721,0.972400505050505,0.788942956349206,0.972400505050505,0.972400505050505,0.788942956349206,0.788942956349206
"Carbonic anhydrase XII",0.770068722943723,0.471704841269841,0.340491170634921,0.182702579365079,0.340491170634921,0.471704841269841,0.182702579365079,0.341677551020408,0.341677551020408,0.341677551020408,0.471704841269841
"Histone deacetylase 1",1,1,1,0.221457671957672,0.81717880952381,1,0.221457671957672,0.81717880952381,1,1,0.221457671957672
"Lysophosphatidic acid receptor Edg-7",0.265749206349206,0.265749206349206,0.265749206349206,0.265749206349206,0.265749206349206,0.265749206349206,0.706651298701299,0.616390520282187,0.706651298701299,0.265749206349206,0.514889087301587
"PI3-kinase p110-gamma subunit",1,1,0.971645535714286,1,0.989915793650794,0.819393386243386,0.819393386243386,1,1,0.819393386243386,1
"PI4-kinase beta subunit",1,0.448451785714286,0.671016746031746,0.671016746031746,1,0.70866455026455,1,0.265749206349206,1,1,0.671016746031746
"Cathepsin L2",1,1,1,1,1,1,1,1,1,1,1
"Urokinase-type plasminogen activator",1,1,1,1,1,1,1,1,1,1,1
"Testis-specific androgen-binding protein",0.174397916666667,0.174397916666667,0.976628333333333,0.896903571428571,0.976628333333333,0.174397916666667,0.976628333333333,0.976628333333333,0.174397916666667,0.704235396825397,1
"Caspase-6",0.893212610229277,1,1,0.893212610229277,0.893212610229277,0.893212610229277,0.893212610229277,0.893212610229277,0.893212610229277,0.232530555555556,0.893212610229277
"Cyclin-dependent kinase 4",0.0332186507936508,0.232530555555556,1,0.697591666666667,0.697591666666667,1,1,0.274053869047619,1,0.083046626984127,0.697591666666667
"Histone deacetylase 11",1,1,1,1,1,1,1,1,1,1,1
"Sodium-dependent proline transporter",0.880294246031746,0.851227926587302,0.863684920634921,0.315577182539683,0.315577182539683,0.851227926587302,0.851227926587302,0.851227926587302,0.851227926587302,1,0.851227926587302
"Matrix metalloproteinase-1",0.243603439153439,0.711828231292517,1,1,1,0.711828231292517,0.92181755952381,0.243603439153439,0.711828231292517,0.243603439153439,0.711828231292517
"Matrix metalloproteinase-2",1,1,1,1,1,1,1,1,1,1,1
"Protein-tyrosine phosphatase 1B",0.252461746031746,0.651916021825397,0.793925753968254,0.764028968253968,0.420769576719577,0.517261848072562,0.252461746031746,0,0.252461746031746,0.927102344877345,0.083046626984127
"Acetyl-CoA carboxylase 1",1,1,1,1,1,1,1,1,1,1,1
"Serotonin 6 (5-HT6) receptor",0.0332186507936508,1,0.55364417989418,0.182702579365079,1,0.787756575963719,1,1,0.55364417989418,0.55364417989418,0.55364417989418
"MAP kinase ERK1",1,1,1,1,1,1,1,1,1,0.631154365079365,1
"Cytochrome P450 2C9",0.232530555555556,0.811484183673469,0.811484183673469,1,1,0.811484183673469,0.811484183673469,0.811484183673469,1,0.0664373015873016,1
"Probable G-protein coupled receptor 88",0.573021726190476,0.664373015873016,1,0.573021726190476,0.573021726190476,0.573021726190476,0.573021726190476,0.573021726190476,0.573021726190476,1,0.573021726190476
"Cytochrome P450 3A4",1,1,0.963340873015873,0.896903571428571,0.896903571428571,0.896903571428571,1,0.282358531746032,0.896903571428571,0.420769576719577,0.166093253968254
"Pregnane X receptor",1,1,1,1,0.896903571428571,1,1,1,1,1,1
"Carboxypeptidase B2 isoform A",0.959649911816579,0.934274553571429,0.934274553571429,0.934274553571429,0.797247619047619,0.934274553571429,0.934274553571429,1,1,0.934274553571429,0.934274553571429
"Serotonin 5a (5-HT5a) receptor",0.265749206349206,0.984102529761905,0.984102529761905,0.984102529761905,1,0.870328650793651,0.870328650793651,1,0.870328650793651,1,0.870328650793651
"Estrogen-related receptor alpha",0.0664373015873016,0.391980079365079,1,1,1,0.925376700680272,0.391980079365079,0.609008597883598,0.391980079365079,0.0664373015873016,1
"Amine oxidase, copper containing",0.083046626984127,1,1,1,1,1,1,1,1,1,0
"Protein kinase C zeta",0.0166093253968254,0.110728835978836,0.996559523809524,0.527346081349206,0,0.42709693877551,0.803891349206349,0.0442915343915344,0.0863684920634921,0.0863684920634921,0.803891349206349
"Melanin-concentrating hormone receptor 1",1,1,1,1,1,1,1,1,1,1,1
"Caspase-7",0.730810317460318,1,1,0.797247619047619,0.730810317460317,0.730810317460317,1,1,0.232530555555556,1,0.581326388888889
"C-C chemokine receptor type 3",0.365405158730159,1,1,0.199311904761905,0.43184246031746,1,1,1,1,1,1
"Phospholipase A2 group IIA",0.166093253968254,0.166093253968254,1,0.166093253968254,0.654881972789116,1,1,1,0.166093253968254,0.484992301587302,0.525961970899471
"Plasminogen activator inhibitor-1",0.896903571428571,0.896903571428571,0.933813183421517,0.896903571428571,1,1,0.896903571428571,0.896903571428571,0.896903571428571,0.896903571428571,0.896903571428571
"Inhibitor of nuclear factor kappa B kinase alpha subunit",1,1,1,1,1,1,1,1,1,0.166093253968254,1
"Proteasome Macropain subunit",1,1,0.730810317460317,0.631154365079365,0.730810317460317,1,1,1,1,1,1
"Carbonic anhydrase XIV",0.996559523809524,1,1,1,1,1,1,1,1,1,1
"LDL-associated phospholipase A2",0.224225892857143,0.999881388888889,0.999881388888889,0.132874603174603,0.132874603174603,0.852612037037037,1,0.999881388888889,0.224225892857143,0.852612037037037,0.999881388888889
"Cytochrome P450 17A1",0.0166093253968254,0.481670436507936,0.627463403880071,0,0.0221457671957672,0.627463403880071,0.960019007936508,1,0.627463403880071,0.423537797619048,0.481670436507936
"Histone deacetylase 4",1,1,0.957804431216931,0.116265277777778,0.0996559523809524,1,1,1,0.345473968253968,0.12180171957672,0.182702579365079
"Inhibitor of nuclear factor kappa B kinase epsilon subunit",0,1,1,0.0775101851851852,0.958595351473923,0.0775101851851852,1,0.653300132275132,0.358761428571429,1,0.157788591269841
"Phosphodiesterase 9A",0,0.684304206349206,1,0.083046626984127,1,1,1,1,1,0.653300132275132,0.684304206349206
"Tyrosine-protein kinase TYK2",1,0.780638293650794,0.780638293650794,0.996559523809524,0,0.520425529100529,0.863684920634921,1,0.315577182539683,0.863684920634921,0.780638293650794
"Steryl-sulfatase",0.942579216269841,0.942579216269841,1,1,0.942579216269841,0.942579216269841,0.896903571428571,0.942579216269841,0.942579216269841,0.896903571428571,1
"Nitric-oxide synthase, brain",0.987068480725623,1,1,1,0.987068480725623,0.987068480725623,1,0.987068480725623,0.987068480725623,0.987068480725623,0.987068480725623
"Cholesteryl ester transfer protein",0.083046626984127,0.225886825396825,0.083046626984127,1,1,1,1,0,1,0.083046626984127,1
"Protein kinase C epsilon",0,0.0332186507936508,0.685134672619048,0.969984603174603,0.42235141723356,0.12180171957672,0.0332186507936508,0.848921075837743,0.0597935714285714,0,1
"Dual specificity mitogen-activated protein kinase kinase 1",0.935658664021164,0.757385238095238,1,1,1,0.210384788359788,0.210384788359788,1,0.249139880952381,0.210384788359788,1
"Adenosine kinase",1,1,0.716573752834467,0.0664373015873016,1,1,0.498279761904762,0.43184246031746,0.716573752834467,0.43184246031746,0.456756448412698
"Hormone sensitive lipase",0.0664373015873016,1,0.0775101851851852,0.107960615079365,1,0.901055902777778,0.901055902777778,0.186024444444444,0.901055902777778,1,0.0664373015873016
"Carbonic anhydrase IX",1,1,1,1,1,1,1,1,1,1,1
"Protein kinase C eta",0.867837251984127,1,0.867837251984127,0.604579444444444,0.321113624338624,0.321113624338624,0.604579444444444,0.867837251984127,1,0.321113624338624,1
"Cytochrome P450 2C19",1,1,1,1,1,1,1,1,1,1,1
"Quinone reductase 1)",0.686518783068783,0.686518783068783,0.686518783068783,1,1,0.332186507936508,1,0.332186507936508,0.686518783068783,0.987068480725623,1
"Casein kinase II alpha",0.382014484126984,0.6278325,0.6278325,0.445129920634921,0.445129920634921,0.509352645502645,1,0.409696693121693,0.6278325,0.6278325,0.382014484126984
"Opioid growth factor receptor-like protein 1",0.348795833333333,0.542571296296296,1,1,1,1,1,1,0.348795833333333,1,1
"Kininogen-1",0,0.30727251984127,1,0.43184246031746,0.365405158730159,0.481670436507937,0.210384788359788,0.460315589569161,0.767719929453263,0.210384788359788,0.803891349206349
"Acetyl-coenzyme A transporter 1",1,1,1,1,1,1,1,1,1,1,1
"Fibroblast growth factor receptor 1",0.730810317460317,0.852612037037037,1,1,1,1,1,1,1,0.730810317460317,1
"PI4-kinase alpha subunit",0.116265277777778,0.15502037037037,1,1,0.597935714285714,1,1,1,1,0.0332186507936508,1
"Arachidonate 12-lipoxygenase",0.788942956349206,0.788942956349206,0.916834761904762,1,0.788942956349206,0.788942956349206,0.747419642857143,0.747419642857143,0.916834761904762,0.747419642857143,0.747419642857143
"Autotaxin",0.805552281746032,0.805552281746032,1,0.910191031746032,1,1,0.805552281746032,1,1,0.805552281746032,1
"ADAM17",1,1,1,1,1,1,1,1,1,1,1
"Prostanoid EP3 receptor",0,0,1,0.157788591269841,1,1,0.27682208994709,0.95503621031746,0.754537925170068,0,0.166093253968254
"Hepatocyte growth factor receptor",0.586862830687831,0.650136451247166,0.840431865079365,0.298967857142857,1,0.650136451247166,0.650136451247166,0.772333630952381,0.365405158730159,0.778792813051146,0.650136451247166
"Carbonic anhydrase IV",0.943409682539682,1,0.232530555555556,1,0.697591666666667,1,1,0.232530555555556,0.597935714285714,1,1
"11-beta-hydroxysteroid dehydrogenase 2",0.888598908730159,1,0.888598908730159,0.888598908730159,0.888598908730159,1,0.888598908730159,0.888598908730159,1,0.888598908730159,0.888598908730159
"Histamine H4 receptor",1,1,0.188239021164021,0.455570068027211,0.188239021164021,1,1,0.332186507936508,0.188239021164021,0.325542777777778,0.207616567460317
"Beta-glucosidase",0,0.257444543650794,0.783960158730159,0.257444543650794,0.287894973544974,1,0.287894973544974,0.289476814058957,0.783960158730159,0.257444543650794,0.783960158730159
"Urotensin II receptor",0.0664373015873016,1,1,1,0.481670436507937,1,0.166093253968254,0.677660476190476,1,0.199311904761905,1
"Metabotropic glutamate receptor 1",0.915885657596372,0.915885657596372,0.915885657596372,0.915885657596372,0.0996559523809524,1,1,1,0.382014484126984,1,0.83046626984127
"Dual specificity phosphatase Cdc25A",0.0664373015873016,1,1,1,1,1,0.143947486772487,0.348795833333333,1,0.083046626984127,1
"Caspase-8",1,1,1,1,1,1,1,1,1,1,1
"Interleukin-1 receptor-associated kinase 4",1,1,1,1,1,1,1,1,1,0.0664373015873016,1
"Histone acetyltransferase p300",1,1,1,0.390319146825397,1,0.083046626984127,0.390319146825397,1,1,1,0.083046626984127
"Hydroxycarboxylic acid receptor 2",0.852612037037037,0.12180171957672,0.365405158730159,1,1,1,1,0,1,0.12180171957672,0.717522857142857
"Serine/threonine-protein kinase PLK4",1,0.936765952380952,0.874757804232804,1,1,0.481670436507937,1,0.936765952380952,1,1,0.298967857142857
"Melanocortin receptor 1",1,1,1,1,1,1,1,1,1,0.39862380952381,1
"Calcitonin gene-related peptide type 1 receptor",0.926800357142857,0.882139726631393,0.678609580498866,0.793095287698413,0.678609580498866,0.678609580498866,0.954281240981241,0.664373015873016,0.678609580498866,0.678609580498866,0.678609580498866
"T-cell protein-tyrosine phosphatase",0.637798095238095,0.637798095238095,0.637798095238095,0.637798095238095,0.637798095238095,0.637798095238095,0.637798095238095,0.597935714285714,0.637798095238095,0.637798095238095,1
"Cytosolic phospholipase A2",1,0.597935714285714,1,0.43184246031746,1,1,1,0.597935714285714,1,1,1
"Hexokinase type IV",1,1,1,1,0.979950198412698,1,1,0.979950198412698,1,1,1
"Serine/threonine-protein kinase NEK2",1,1,1,1,1,1,1,1,1,1,1
"LIM domain kinase 1",1,1,1,0.730810317460317,1,1,1,1,1,0.166093253968254,1
"Cathepsin L",1,1,1,0.0664373015873016,0.498279761904762,1,0.390319146825397,0.570253505291005,1,0,0.0885830687830688
"Protein kinase C mu",0.61454503968254,1,1,1,0.61454503968254,1,0.083046626984127,0,0.936765952380952,1,1
"Protein-tyrosine phosphatase 2C",1,1,1,0.896903571428572,1,1,1,0.896903571428572,0.896903571428572,0.896903571428572,0.896903571428572
"Matrix metalloproteinase 14",1,0.813856944444445,1,1,1,1,1,1,0.365405158730159,0.132874603174603,0.730810317460317
"Heat shock protein HSP 90-alpha",0.6754458994709,0.664373015873016,1,1,1,1,1,1,1,0.6754458994709,1
"Sodium/glucose cotransporter 2",1,1,1,1,0.465061111111111,1,1,1,1,1,1
"Calpain 1",0.631154365079365,0.98548664021164,0.98548664021164,0.373709821428571,0.373709821428571,0.716573752834467,0.631154365079365,1,1,0.265749206349206,0.373709821428571
"Sphingosine 1-phosphate receptor Edg-3",1,1,1,1,1,0.930122222222222,1,1,1,1,1
"Bone morphogenetic protein 1",1,0.83046626984127,0.83046626984127,0.83046626984127,0.83046626984127,1,1,0.83046626984127,1,0.907976455026455,1
"Glutathione S-transferase Pi",0.602088045634921,1,0.602088045634921,0.602088045634921,0.602088045634921,0.602088045634921,0.920156626984127,0.602088045634921,0.734501278659612,0.602088045634921,0.602088045634921
"Tyrosine-protein kinase Lyn",0.772333630952381,0.61454503968254,0.772333630952381,0.772333630952381,1,0.61454503968254,0.772333630952381,1,0.772333630952381,0.772333630952381,1
"Ribosomal protein S6 kinase alpha 2",0.083046626984127,1,1,0.225886825396825,0.083046626984127,0.225886825396825,0.177166137566138,1,0.564717063492063,0.884446577380952,0.683355102040816
"Carbonic anhydrase XIII",1,0.907976455026455,1,0.950883878968254,0.907976455026455,0.950883878968254,0.907976455026455,0.950883878968254,0.950883878968254,0.950883878968254,1
"Complement C1s",0.188239021164021,0.440147123015873,0.166093253968254,0.166093253968254,0.0996559523809524,1,1,0.0996559523809524,1,0.351168594104308,0.0996559523809524
"Protein kinase C theta",0,1,0.786174735449735,0.556412400793651,0.705896329365079,0.705896329365079,0.705896329365079,0.705896329365079,1,0.556412400793651,0.448451785714286
"Heparanase",0.55364417989418,0.55364417989418,0.55364417989418,1,0.55364417989418,1,1,0.55364417989418,0.55364417989418,1,0.939613265306122
"Methionine aminopeptidase 2",1,0.747419642857143,0.84375373015873,0.996559523809524,0.365405158730159,0.958595351473923,0.92458578042328,1,0.747419642857143,0.365405158730159,1
"Serine/threonine-protein kinase Aurora-C",0.0498279761904762,0.303120188492064,0.182702579365079,0.189820861678005,0.661051150793651,0.39124188712522,0.189820861678005,0,0.189820861678005,1,0.0664373015873016
"Quinone reductase 2",0.0332186507936508,1,1,0.119587142857143,1,0.151856689342404,0.0747419642857143,1,0.0747419642857143,0.143947486772487,0.0332186507936508
"MAP kinase p38 beta",0.584648253968254,1,1,0.584648253968254,0.925969890873016,0.584648253968254,0.584648253968254,0.625617923280423,0.0996559523809524,1,0.730810317460317
"Carbonic anhydrase VB",1,1,1,1,1,1,1,1,0.83046626984127,1,1
"GAR transformylase",0.963340873015873,1,1,1,1,1,1,1,1,1,1
"Proteinase-activated receptor 1",1,0.987068480725623,0.987068480725623,0.987068480725623,0.987068480725623,1,1,0.987068480725623,0.987068480725623,0.987068480725623,1
"Fructose-1,6-bisphosphatase",1,1,1,0.797247619047619,1,1,1,1,1,1,1
"Dipeptidyl peptidase II",1,1,1,0.816229705215419,0.298967857142857,1,0.816229705215419,0.816229705215419,0.780638293650794,0.816229705215419,0.816229705215419
"Peroxisome proliferator-activated receptor delta",0,0.406928472222222,0.939181854256854,0.132874603174603,0.132874603174603,0.939181854256854,0.132874603174603,0.116265277777778,0.0332186507936508,0.0166093253968254,0.939181854256854
"Serine/threonine-protein kinase 10",1,0.787756575963719,0.989177601410935,0.989177601410935,1,0.538142142857143,0.538142142857143,0.538142142857143,0.597935714285714,0.199311904761905,0.538142142857143
"Dual specificity protein kinase TTK",0.0498279761904762,1,1,1,1,0.348795833333333,0.0498279761904762,0.348795833333333,0.221457671957672,0.697591666666667,0.348795833333333
"Coagulation factor VII",0.445129920634921,0.636690806878307,1,0.249139880952381,0.445129920634921,0.445129920634921,1,0.834618601190476,0.754537925170068,0.0996559523809524,1
"PI3-kinase p110-alpha subunit",0.0996559523809524,1,1,1,0.271285648148148,0.271285648148148,0.271285648148148,0.322695464852608,1,0.271285648148148,0.271285648148148
"Tyrosine-protein kinase ABL2",1,1,1,0.950053412698413,0.950053412698413,1,1,0.950053412698413,0.950053412698413,1,0.950053412698413
"C-C chemokine receptor type 2",1,1,0.764028968253968,0.764028968253968,1,1,1,0.764028968253968,1,0.764028968253968,0.764028968253968
"Glutamate receptor ionotropic, AMPA 2",0,0.0664373015873016,0.568408024691358,0.382014484126984,0.568408024691358,0.604579444444444,0.372048888888889,0.0913512896825397,1,0,0.568408024691358
"Neuropeptide Y receptor type 2",0,0.602088045634921,1,0.0199311904761905,0.933444087301587,0.0199311904761905,0.142365646258503,0.679136860670194,0.0199311904761905,0.0199311904761905,0.0221457671957672
"HMG-CoA reductase",0.564717063492063,1,0.564717063492063,0.564717063492063,1,1,1,0.564717063492063,0.564717063492063,1,0.564717063492063
"Signal transducer and activator of transcription 3",0.803891349206349,1,1,1,0.548107738095238,1,0.43184246031746,0.548107738095238,0.548107738095238,1,1
"Interleukin-8 receptor A",1,0.348795833333333,1,1,1,0.584648253968254,1,0.398623809523809,0.564717063492064,1,0.0996559523809524
"Cyclin-dependent kinase 5",0.775101851851852,1,0.775101851851852,0.857041190476191,0.775101851851852,1,0.857041190476191,1,0.988254861111111,0.988254861111111,0.988254861111111
"MAP kinase ERK2",0.0332186507936508,1,1,0.0775101851851852,0.0332186507936508,0.518210952380952,1,1,0.635899886621315,0.514889087301587,0.620081481481481
"Cystic fibrosis transmembrane conductance regulator",1,1,1,0.199311904761905,1,1,1,1,1,1,1
"Chymase",1,1,1,1,1,1,1,1,1,1,1
"Casein kinase II alpha (prime)",1,1,1,1,0.863684920634921,1,1,1,1,0.863684920634921,1
"Cathepsin B",0.819393386243386,0.819393386243386,0.819393386243386,1,1,0.819393386243386,1,0.819393386243386,0.819393386243386,1,0.991814002267574
"Matrix metalloproteinase 7",0.678609580498866,0.354332275132275,0.0332186507936508,0.0332186507936508,1,1,1,0.354332275132275,1,0.0332186507936508,0.257444543650794
"Bombesin receptor subtype-3",1,1,0.885830687830688,1,1,0.597935714285714,0.885830687830688,0.182702579365079,0.0996559523809524,0.885830687830688,1
"LXR-beta",0.232530555555556,0.39862380952381,0.616390520282187,0.900225436507937,0.232530555555556,1,0.40811485260771,0.404160251322751,0.469213442460317,0.232530555555556,0.232530555555556
"Neurotensin receptor 1",0.813856944444445,0.813856944444445,1,0.813856944444445,0.664373015873016,0.813856944444445,0.813856944444445,0.813856944444445,0.813856944444445,0.813856944444445,0.813856944444445
"Tyrosine-protein kinase TIE-2",1,1,1,1,0.21592123015873,1,1,0.21592123015873,1,0.609008597883598,1
"Fibroblast growth factor receptor 2",0.249139880952381,1,1,0.132874603174603,0.232530555555556,1,0.972831916099773,1,0.684304206349206,0.972831916099773,0.132874603174603
"Histone deacetylase 9",1,1,1,1,1,1,1,1,1,0.930122222222222,1
"Fatty acid synthase",0.188239021164021,0.506584424603175,0.42519873015873,0.0996559523809524,0.42519873015873,1,0.506584424603175,1,0.723428395061728,0.506584424603175,0.0996559523809524
"c-Jun N-terminal kinase 2",1,1,1,0.285680396825397,0.132874603174603,0.743267311507936,0.531498412698413,0.531498412698413,0.166093253968254,0.132874603174603,0.166093253968254
"Sodium channel protein type II alpha subunit",0.409696693121693,0.415233134920635,1,0.548107738095238,0.925376700680272,1,1,1,0.548107738095238,0.249139880952381,0.132874603174603
"Monoglyceride lipase",1,0.930122222222222,0.542571296296296,0.182702579365079,0.182702579365079,0.542571296296296,0.542571296296296,0.542571296296296,1,1,0.616917800453515
"Inhibitor of apoptosis protein 3",1,1,0.684304206349206,0.684304206349206,1,1,0.631154365079365,0.813856944444444,0.684304206349206,1,0.684304206349206
"Serine/threonine-protein kinase 2",1,1,1,1,1,1,1,1,1,1,1
"Dual specificity protein kinase CLK4",0.0996559523809524,0.191007242063492,1,1,0.143947486772487,1,1,1,0.143947486772487,1,1
"MAP kinase signal-integrating kinase 2",0.531498412698413,1,1,1,1,1,0.876972380952381,0.788942956349206,0.531498412698413,0.788942956349206,1
"Proteasome component C5",1,0.332186507936508,1,1,1,1,1,1,1,0.199311904761905,1
"Tyrosine-protein kinase FRK",0,1,0.660682054673721,0.618697371031746,1,0.612172278911565,0.0110728835978836,0.612172278911565,0.332186507936508,0,0.612172278911565
"Dual specificty protein kinase CLK1",0.298967857142857,1,1,1,1,0.672677678571429,0.298967857142857,1,0.672677678571429,1,1
"Dual specificity protein kinase CLK2",0.232530555555556,1,1,0.82097522675737,1,0.82097522675737,0.82097522675737,1,0.82097522675737,0.82097522675737,0.82097522675737
"Lipoxin A4 receptor",1,1,1,1,1,1,1,1,0.332186507936508,0.415233134920635,1
"Estradiol 17-beta-dehydrogenase 3",1,1,1,1,1,1,1,1,1,1,1
"11-beta-hydroxysteroid dehydrogenase 1",0.564717063492064,0.841539153439153,0.741883201058201,0.680982341269841,0.851227926587302,1,1,0.841539153439153,0.851227926587302,1,0.841539153439153
"Ribosomal protein S6 kinase alpha 5",0.656068353174603,1,0.149483928571429,1,0.82097522675737,1,1,0.149483928571429,0.82097522675737,0.398623809523809,0.82097522675737
"ALK tyrosine kinase receptor",0.310040740740741,1,1,1,1,1,1,1,1,0.310040740740741,0.0996559523809524
"Hypoxia-inducible factor 1 alpha",0.946731547619048,1,0.946731547619048,1,1,1,1,1,1,1,1
"TGF-beta receptor type II",0.719737433862434,1,1,0.871989583333333,0.719737433862434,1,1,0.968877314814815,0.968877314814815,0.719737433862434,1
"Serine/threonine-protein kinase AKT",0,1,1,0.473365773809524,1,1,1,0.27682208994709,1,0.27682208994709,1
"Sodium channel protein type IX alpha subunit",0.279036666666667,0.141179265873016,0.141179265873016,1,1,0.83046626984127,0.83046626984127,0.141179265873016,0.841539153439153,0.841539153439153,0.141179265873016
"P-glycoprotein 1",0.697591666666667,0.520425529100529,1,0.976628333333333,1,1,1,1,1,0.0996559523809524,0.116265277777778
"Heat shock protein HSP 90-beta",1,1,1,1,1,1,1,1,0.116265277777778,0.116265277777778,1
"Calcium-activated potassium channel subunit alpha-1",0.963340873015873,0.963340873015873,1,1,0.963340873015873,1,0.963340873015873,0.481670436507937,0.963340873015873,1,0.481670436507937
"Intermediate conductance calcium-activated potassium channel protein 4",0,1,1,0.465061111111111,0.656068353174603,0.784790625,0.784790625,1,0.465061111111111,0.784790625,0.784790625
"Voltage-gated potassium channel subunit Kv1.5",1,1,1,0.863684920634921,1,1,1,1,1,1,1
"Bradykinin B1 receptor",0.82382253968254,0.6754458994709,0.730810317460317,0.6754458994709,1,1,1,0.6754458994709,0.89136712962963,1,1
"Purinergic receptor P2Y1",0.332186507936508,0.787756575963719,1,0.787756575963719,1,0.704235396825397,0.704235396825397,0.6754458994709,0.959188541666667,0,1
"Sphingosine 1-phosphate receptor Edg-1",0.888598908730159,1,1,0.949104308390023,1,1,0.888598908730159,0.888598908730159,0.949104308390023,0.888598908730159,0.949104308390023
"Purine nucleoside phosphorylase",0.0166093253968254,0.520425529100529,0.639459027777778,0.0166093253968254,0.837848192239859,0.999881388888889,0.639459027777778,1,0.481670436507937,0.520425529100529,0.12180171957672
"Serine/threonine-protein kinase GAK",0.996559523809524,1,0.996559523809524,1,0.996559523809524,1,1,1,0.996559523809524,0.764028968253968,1
"Induced myeloid leukemia cell differentiation protein Mcl-1",0.365405158730159,0.83521179138322,0.83521179138322,0.730810317460317,1,1,1,0.55364417989418,1,0.83521179138322,0.365405158730159
"Dual-specificity tyrosine-phosphorylation regulated kinase 2",0.438486190476191,0.265749206349206,1,1,0.438486190476191,1,0.438486190476191,1,0.559180621693122,0.265749206349206,0.82572074829932
"Gastric inhibitory polypeptide receptor",1,1,1,1,1,1,1,1,1,1,1
"Matrix metalloproteinase 12",0.989915793650794,0.847075595238095,0.847075595238095,0.847075595238095,0.847075595238095,0.847075595238095,1,0.989915793650794,0.847075595238095,0.847075595238095,0.847075595238095
"Sphingosine kinase 1",0.232530555555556,0.0996559523809524,0.446079024943311,1,0.249139880952381,0.249139880952381,0.70866455026455,0.232530555555556,0.976628333333333,0.232530555555556,0.70866455026455
"Phosphodiesterase 8B",0,0.0332186507936508,1,1,1,1,1,0.357100496031746,1,1,0.332186507936508
"Phosphodiesterase 10A",1,1,1,1,1,1,1,1,1,1,1
"Free fatty acid receptor 1",0.287894973544974,0.132874603174603,0.845230114638448,0.586862830687831,1,0.930122222222222,0.83046626984127,0.498279761904762,0.845230114638448,0.498279761904762,0.132874603174603
"Prostanoid DP receptor",0,0.941195105820106,1,0,1,0.959188541666667,0.959188541666667,0.418555,0.0221457671957672,1,0.0249139880952381
"Neurokinin 3 receptor",1,0.977577437641723,0.977577437641723,0.977577437641723,0.977577437641723,0.977577437641723,1,1,0.977577437641723,0.977577437641723,1
"TGF-beta receptor type I",0.365405158730159,0.387550925925926,0.631154365079365,0.240835218253968,1,0.970722795414462,1,0.240835218253968,0.240835218253968,0.240835218253968,0.441333503401361
"C-X-C chemokine receptor type 3",0.890259841269841,0.797247619047619,1,0.890259841269841,1,1,1,0.764028968253968,0.930122222222222,0.0332186507936508,1
"Vitamin K-dependent protein C",1,0.885830687830688,1,1,1,1,1,0.498279761904762,1,1,0.885830687830688
"Tyrosine-protein kinase FGR",0.558073333333333,0.0664373015873016,1,1,0.597935714285714,1,1,0.52319375,0.287894973544974,0,1
"NAD-dependent deacetylase sirtuin 3",0.41191126984127,0.41191126984127,1,1,1,0.642227248677249,0.41191126984127,0.41191126984127,0.784790625,0.784790625,0.41191126984127
"NAD-dependent deacetylase sirtuin 2",0.415233134920635,1,1,0.82572074829932,0.82572074829932,0.249139880952381,0.959188541666667,1,0,0.82572074829932,0.415233134920635
"Acyl coenzyme A:cholesterol acyltransferase 2",1,1,1,1,1,1,1,1,1,1,1
"Voltage-gated N-type calcium channel alpha-1B subunit",0.260212764550265,0.842923263888889,0.907976455026455,0.212599365079365,0.212599365079365,0.754537925170068,1,0.0996559523809524,0.166093253968254,0.212599365079365,1
"Nitric oxide synthase, inducible",0.332186507936508,0.852612037037037,1,1,1,1,0.852612037037037,1,1,1,1
"Serine/threonine-protein kinase PAK 4",0.730810317460317,0.697591666666667,0.863684920634921,0.730810317460317,0.730810317460317,1,1,0.531498412698413,0.730810317460317,0.531498412698413,1
"Ribosomal protein S6 kinase 1",0.149483928571429,0,0.975797867063492,0.803891349206349,0.975797867063492,0.323881845238095,1,0.975797867063492,1,0.210384788359788,1
"NAD-dependent deacetylase sirtuin 1",1,1,1,1,1,1,1,1,1,1,1
"Glutaminyl-peptide cyclotransferase",0.710879126984127,1,0.963340873015873,0.710879126984127,1,1,0.710879126984127,0.710879126984127,0.963340873015873,0.710879126984127,1
"Serine/threonine-protein kinase PIM2",0,1,1,1,1,1,0.606240376984127,1,0.116265277777778,1,0.606240376984127
"TRAF2- and NCK-interacting kinase",1,1,1,0.373709821428571,0.343259391534392,0.783960158730159,1,0.132874603174603,1,1,0.21592123015873
"Coagulation factor XIII",1,1,1,0.896903571428571,1,1,1,1,0.896903571428571,1,1
"5-lipoxygenase activating protein",0.664373015873016,0.631154365079365,1,0.265749206349206,1,1,0.564717063492063,0.378692619047619,0.378692619047619,0.378692619047619,0.378692619047619
"Neuropeptide Y receptor type 5",1,1,0.92181755952381,1,0.465061111111111,0.950053412698413,1,1,1,0.92181755952381,0.465061111111111
"Kinesin-like protein 1",0.243603439153439,0.948577028218695,0.606240376984127,0.948577028218695,0.82382253968254,1,0.243603439153439,0.948577028218695,1,0.948577028218695,0.243603439153439
"Matrix metalloproteinase 8",1,1,1,1,1,1,1,1,1,1,1
"C-C chemokine receptor type 8",1,1,1,0.448451785714286,0.85419387755102,0.85419387755102,0.448451785714286,1,0.764028968253968,0.697591666666667,0.85419387755102
"Tyrosine kinase non-receptor protein 2",0.456756448412698,1,0.611223174603175,1,0.456756448412698,0.714200992063492,0.456756448412698,0.456756448412698,0.778265532879819,1,1
"Serine/threonine-protein kinase PAK 1",0.575789947089947,1,1,0.575789947089947,0.387550925925926,1,0.387550925925926,0.387550925925926,0.868430442176871,0.415233134920635,1
"Tyrosine-protein kinase BRK",0.680982341269841,0.714200992063492,1,0.714200992063492,0.714200992063492,0.823084347442681,0.697591666666667,1,0.714200992063492,0.714200992063492,0.0664373015873016
"Melanocortin receptor 5",0,0.606240376984127,1,1,0.952267989417989,0.952267989417989,0.442915343915344,0.952267989417989,0.442915343915344,0.952267989417989,0.952267989417989
"Ghrelin receptor",0,0.0885830687830688,0.960320995670996,0.787282023809524,0.787282023809524,0.787282023809524,0.787282023809524,0.116265277777778,0.787282023809524,0.787282023809524,0.0498279761904762
"Phenylethanolamine N-methyltransferase",0.0498279761904762,1,1,0.989177601410935,0.27682208994709,0.925969890873016,0.714200992063492,0.0498279761904762,0.925969890873016,0.714200992063492,0.714200992063492
"Leukotriene A4 hydrolase",1,0.249139880952381,0.83046626984127,0.249139880952381,0.737454047619048,1,1,0.741883201058201,0.249139880952381,0.249139880952381,1
"Apoptosis regulator Bcl-X",1,1,1,1,1,1,1,1,1,1,1
"Serine/threonine-protein kinase Chk1",0.083046626984127,0.083046626984127,1,1,0.759283446712018,0.759283446712018,0.759283446712018,1,0.759283446712018,0.166093253968254,1
"Voltage-gated potassium channel subunit Kv1.3",1,0.531498412698413,0.989915793650794,0.531498412698413,0.989915793650794,1,1,0.989915793650794,1,1,1
"Voltage-gated T-type calcium channel alpha-1G subunit",0.249139880952381,0.737454047619048,1,1,0.310040740740741,1,1,0.737454047619048,1,0.249139880952381,1
"Melanocortin receptor 3",0.0166093253968254,0.210384788359788,0.892158049886621,0.564717063492064,1,1,0.892158049886621,1,0.892158049886621,0,0.95503621031746
"Dipeptidyl peptidase VIII",1,1,1,1,1,1,1,1,1,1,1
"Lymphocyte differentiation antigen CD38",0.963340873015873,0.963340873015873,1,0.0996559523809524,0.365405158730159,0.478348571428571,1,1,0.653300132275132,0.478348571428571,0.365405158730159
"Proteasome Macropain subunit MB1",1,1,1,1,1,1,1,1,1,1,1
"Apoptosis regulator Bcl-W",1,0.975797867063492,1,0.975797867063492,0.975797867063492,0.975797867063492,0.975797867063492,1,0.975797867063492,0.465061111111111,0.975797867063492
"Aldo-keto-reductase family 1 member C3",0.531498412698413,1,1,1,0.98548664021164,1,0.689287003968254,0.717522857142857,0.531498412698413,1,0.689287003968254
"Fibroblast activation protein alpha",0.376478042328042,1,0.910191031746032,0.910191031746032,0.910191031746032,0.910191031746032,0.910191031746032,0.910191031746032,0.910191031746032,0.376478042328042,0.376478042328042
"Indoleamine 2,3-dioxygenase",1,1,1,1,1,0.946731547619048,1,1,1,0.946731547619048,1
"Malonyl-CoA decarboxylase",0.409696693121693,0.680982341269841,0.680982341269841,0.723428395061728,0,0.680982341269841,0.680982341269841,0,0.734132182539683,1,0.680982341269841
"Isoprenylcysteine carboxyl methyltransferase",1,1,0.609008597883598,0.564717063492064,1,1,1,0.39862380952381,1,1,1
"Serine/threonine-protein kinase Aurora-A",0.177166137566138,0.888598908730159,1,0.177166137566138,1,0.358761428571429,1,0.469806632653061,0.177166137566138,0.358761428571429,0.459524669312169
"C3a anaphylatoxin chemotactic receptor",1,1,1,1,1,1,1,1,1,1,1
"Vesicular acetylcholine transporter",0,0.800569484126984,0.800569484126984,0.345473968253968,0.621663321995465,0.282358531746032,0.188239021164021,0.872744552669553,0.0332186507936508,0.621663321995465,0.69343933531746
"Geranylgeranyl pyrophosphate synthetase",0,1,1,0.0166093253968254,0.543955406746032,0.653300132275132,0.293431415343915,0.0498279761904762,0.126230873015873,0.0498279761904762,0.543955406746032
"Neuropeptide Y receptor type 1",1,0.437378902116402,0.437378902116402,0.437378902116402,0.437378902116402,0.564717063492063,1,0.437378902116402,1,0.437378902116402,1
"Carbonic anhydrase VA",0.703128108465608,0.265749206349206,1,0.544785873015873,1,0.975797867063492,0.975797867063492,0.315577182539683,0.265749206349206,0.199311904761905,1
"Endothelin-converting enzyme 1",0,0.370150680272109,0.265749206349206,0.957301118326118,0.166093253968254,0.4724430335097,0.166093253968254,0.38616681547619,0.265749206349206,0.083046626984127,0.957301118326118
"Orexin receptor 2",0.221457671957672,1,1,0.221457671957672,1,0.548107738095238,1,0.548107738095238,0.514889087301587,0.906394614512472,0.221457671957672
"Dipeptidyl peptidase IX",0.12180171957672,1,0.925376700680272,0.12180171957672,1,1,1,0.808320502645503,0.12180171957672,0.808320502645503,0.207616567460317
"Vanilloid receptor",0.84470283446712,0.84470283446712,1,1,1,0.84470283446712,1,0.84470283446712,0.84470283446712,0.84470283446712,0.84470283446712
"Caspase-1",0,0.0083046626984127,0.132874603174603,1,0.718353323412698,0.455570068027211,0.226994113756614,0,0.863684920634921,0,0.856302998236332
"Nitric-oxide synthase, endothelial",1,0.210384788359788,0.851227926587302,0.783960158730159,0.816229705215419,0.210384788359788,1,1,0.816229705215419,0.448451785714286,0.210384788359788
"Dual specificity phosphatase Cdc25B",1,1,1,1,1,1,1,1,1,1,1
"P2X purinoceptor 7",0.0221457671957672,0.0166093253968254,1,1,1,1,0.83046626984127,0.83046626984127,1,0.83046626984127,0
"Serine/threonine-protein kinase AKT3",0.390319146825397,0.418555,0.390319146825397,0.182702579365079,1,1,1,1,0.182702579365079,0.907976455026455,1
"Beta-secretase 1",1,1,1,1,0.166093253968254,1,0.896903571428571,1,1,1,0.907976455026455
"Acetyl-CoA carboxylase 2",0,0.72779044011544,0.704973589065256,0,0.0597935714285714,0.166093253968254,0.0597935714285714,0.72779044011544,0.0597935714285714,0.0996559523809524,0.166093253968254
"L-lactate dehydrogenase A chain",0.560564732142857,0.560564732142857,0.560564732142857,0.365405158730159,0.560564732142857,0.560564732142857,0.365405158730159,1,1,1,0.0664373015873016
"C-X3-C chemokine receptor 1",0.265749206349206,0.742889826839827,0.742889826839827,0.182702579365079,0.182702579365079,0.365405158730159,0.742889826839827,0.581326388888889,0.581326388888889,0.742889826839827,0.716573752834467
"Eukaryotic translation initation factor",1,0.298967857142857,0.780638293650794,1,1,1,1,0.315577182539683,1,0.780638293650794,1
"Apoptosis regulator Bcl-2",0.0083046626984127,0.0265749206349206,1,0.809704613095238,1,0.0941195105820106,0,0,0.151856689342404,0,1
"Cytochrome P450 1B1",0.39862380952381,1,1,0.979950198412698,1,1,1,1,1,1,1
"Tyrosine-protein kinase receptor UFO",0.0332186507936508,0.203464236111111,0.203464236111111,0.055364417989418,0.546262257495591,1,0.055364417989418,0.132874603174603,0.203464236111111,0.132874603174603,0.734132182539683
"Neurotrophic tyrosine kinase receptor type 2",0.481670436507937,1,0.589631051587302,1,0.589631051587302,0.797247619047619,1,1,1,0.39862380952381,1
"Mitogen-activated protein kinase kinase kinase 8",0.221457671957672,0.221457671957672,0.254676322751323,1,0.254676322751323,0.621663321995465,1,0.224225892857143,0.689287003968254,0.221457671957672,1
"Low molecular weight phosphotyrosine protein phosphatase",0.315577182539683,1,1,1,1,1,1,1,0.315577182539683,1,1
"Casein kinase I epsilon",0,1,1,1,1,0.476133994708995,0.12180171957672,0.418555,0.12180171957672,0.418555,1
"L-lactate dehydrogenase B chain",0.61454503968254,1,0.61454503968254,0.243603439153439,0.564717063492064,0.61454503968254,1,0.232530555555556,1,0.564717063492064,0.243603439153439
"S-methyl-5-thioadenosine phosphorylase",0.409696693121693,0.249139880952381,1,1,1,1,1,1,1,0.249139880952381,1
"Proto-oncogene c-JUN",0.984102529761905,0.531498412698413,0.984102529761905,1,0.770672698412698,0.531498412698413,0.531498412698413,0.984102529761905,1,0.548107738095238,1
"Sodium/glucose cotransporter 1",1,1,1,1,0.581326388888889,1,1,1,0.581326388888889,0.941195105820106,1
"Transketolase",1,1,1,0.132874603174603,0.382014484126984,1,1,1,1,1,1
"Serine/threonine-protein kinase RIPK2",0.880294246031746,1,0.85893939909297,0.440147123015873,0.132874603174603,0.953375277777778,0.440147123015873,0.953375277777778,0.757385238095238,0.440147123015873,0.819393386243386
"p53-binding protein Mdm-2",1,1,1,1,0.531498412698413,1,1,1,1,1,1
"Serine-protein kinase ATR",0.352117698412698,1,1,0.352117698412698,0.232530555555556,0.398623809523809,0.352117698412698,1,1,0.249139880952381,1
"ADAM10",1,0.89136712962963,0.89136712962963,0.89136712962963,1,1,0.89136712962963,0.89136712962963,1,0.89136712962963,1
"Endoplasmic reticulum aminopeptidase 2",1,0.85039746031746,1,1,1,0.730810317460317,0.85039746031746,1,0.85039746031746,0.85039746031746,1
"G protein-coupled receptor 44",1,0.0775101851851852,0.514889087301587,0.0775101851851852,0.275240249433107,0.767719929453263,1,0.275240249433107,0.275240249433107,0.0775101851851852,0.275240249433107
"Endothelial lipase",0,1,1,0.780638293650794,1,1,0.149483928571429,0.824929828042328,0.254676322751323,1,0.824929828042328
"Histone deacetylase 10",0.0664373015873016,0.0664373015873016,1,1,1,1,1,1,1,0.642227248677249,1
"GABA receptor alpha-5 subunit",0.448451785714286,1,1,0.89136712962963,0.448451785714286,1,1,0.448451785714286,1,0.448451785714286,0.89136712962963
"Orexin receptor 1",0.166093253968254,0.810535079365079,0.645390929705215,0.645390929705215,0.282358531746032,0.810535079365079,0.511567222222222,0.282358531746032,0.821406637806638,0.199311904761905,0.810535079365079
"Discoidin domain-containing receptor 2",0.933813183421517,0.940087817460317,0.116265277777778,0.166093253968254,0.415233134920635,0.415233134920635,0.933813183421517,0.0664373015873016,1,0.564717063492063,0.249139880952381
"Metabotropic glutamate receptor 2",0.39862380952381,1,1,0.182702579365079,0.254676322751323,1,0.282358531746032,0.182702579365079,1,1,0.98548664021164
"Cytochrome P450 26A1",1,0.913512896825397,1,0.913512896825397,0.913512896825397,0.913512896825397,1,0.265749206349206,1,0.913512896825397,1
"Serine/threonine-protein kinase B-raf",0.0664373015873016,0.221457671957672,1,0.385336349206349,0.876972380952381,0.365405158730159,0.642227248677249,0.640645408163265,0.420769576719577,0.642227248677249,0.221457671957672
"Ephrin type-B receptor 4",1,1,1,1,0.996559523809524,0.996559523809524,1,1,1,1,1
"Neuropilin-1",0.0913512896825397,0.0913512896825397,1,0.083046626984127,0.160556812169312,0.284731292517007,0,0.468382976190476,0.468382976190476,0.160556812169312,0.468382976190476
"dUTP pyrophosphatase",0.177166137566138,1,1,0.0996559523809524,0.177166137566138,1,1,1,1,0.813856944444445,1
"Serine/threonine-protein kinase ILK-1",1,1,0.944358786848073,0.39862380952381,0.85039746031746,0.89136712962963,0.996559523809524,0.39862380952381,1,0.85039746031746,0.85039746031746
"Tyrosine-protein kinase BTK",0.0996559523809524,0.877921485260771,1,0.0996559523809524,0.581326388888889,1,1,0.442915343915344,0.934274553571429,0.877921485260771,0.877921485260771
"Serine/threonine-protein kinase TNNI3K",1,1,1,1,1,1,1,1,1,1,1
"Cytochrome P450 2A6",0.458417380952381,0.83046626984127,1,0.458417380952381,0.458417380952381,1,1,0.458417380952381,0.83046626984127,0.458417380952381,0.514889087301587
"Mitogen-activated protein kinase kinase kinase 5",0.409696693121693,1,1,0,1,0.930122222222222,0.783960158730159,1,0.783960158730159,1,0.0664373015873016
"Tyrosine-protein kinase receptor TYRO3",0.0332186507936508,1,1,1,0.298967857142857,1,1,1,1,1,1
"Epithelial discoidin domain-containing receptor 1",0.606240376984127,1,1,1,1,0.930122222222222,1,0.365405158730159,1,0.606240376984127,0.606240376984127
"Proto-oncogene tyrosine-protein kinase MER",0.232530555555556,1,0.95503621031746,0.132874603174603,0.824929828042328,0.132874603174603,1,1,0.95503621031746,0.232530555555556,0.750741507936508
"Baculoviral IAP repeat-containing protein 3",0.15502037037037,0.524854682539683,0.791711177248677,0.15502037037037,1,1,1,0.166093253968254,1,0.15502037037037,1
"Poly [ADP-ribose] polymerase 2",0.40526753968254,1,1,1,1,0.40526753968254,1,0.40526753968254,0.40526753968254,1,0.40526753968254
"P-selectin",1,1,1,1,1,1,1,1,1,1,1
"ATP-binding cassette sub-family G member 2",0.177166137566138,0.318899047619048,1,1,0.625617923280423,1,1,0.177166137566138,0.318899047619048,0.0332186507936508,1
"Pituitary adenylate cyclase-activating polypeptide type I receptor",0.784790625,1,1,0.784790625,0.784790625,0.784790625,0.784790625,0.784790625,0.784790625,0.784790625,1
"Serine/threonine-protein kinase PIM3",0.730810317460317,0.730810317460317,0.199311904761905,0.39862380952381,0.0332186507936508,0.730810317460317,0.730810317460317,0.974413756613757,0.083046626984127,1,1
"G-protein coupled bile acid receptor 1",1,0.348795833333333,1,1,0.348795833333333,1,1,1,1,1,1
"Metastin receptor",0,0,0.119587142857143,0.275240249433107,0.0664373015873016,0.484992301587302,0.484992301587302,0.473365773809524,1,0.275240249433107,0.119587142857143
"Cell division cycle 7-related protein kinase",1,1,1,1,1,1,1,1,0.930122222222222,1,1
"Sodium channel protein type X alpha subunit",0.132874603174603,0.41286037414966,1,1,0.358761428571429,0.755724305555556,0.404160251322751,0.0996559523809524,0.21592123015873,0.885830687830688,0.21592123015873
"Baculoviral IAP repeat-containing protein 2",1,1,1,1,1,0.387550925925926,1,0.387550925925926,0.387550925925926,1,1
"Receptor-interacting serine/threonine-protein kinase 1",0.390319146825397,0.390319146825397,1,0.801993140589569,0.315577182539683,0.42519873015873,0.888598908730159,0.520425529100529,0.923478492063492,0.315577182539683,0.923478492063492
"Protein tyrosine kinase 2 beta",0.359868716931217,1,0.834618601190476,0.0885830687830688,0.0885830687830688,0.0885830687830688,1,0.834618601190476,0.359868716931217,1,0.191007242063492
"Perforin-1",0.39862380952381,1,1,0.39862380952381,1,1,0.772333630952381,1,1,0.741883201058201,1
"D-amino-acid oxidase",1,1,1,1,0.465061111111111,1,1,1,0.481670436507937,1,1
"Serine/threonine-protein kinase WEE1",0,0.0332186507936508,1,1,1,1,1,1,0.863684920634921,0.0332186507936508,1
"Histone acetyltransferase PCAF",0.0166093253968254,0.0110728835978836,0.153636259920635,0.584648253968254,0.0664373015873016,0.424460537918871,0.151856689342404,0,0.132874603174603,0,1
"Secreted frizzled-related protein 1",1,1,1,1,1,1,1,1,1,1,1
"Transient receptor potential cation channel subfamily V member 3",0.87614191468254,0.87614191468254,1,1,0.87614191468254,0.87614191468254,0.87614191468254,0.87614191468254,0.87614191468254,0.531498412698413,1
"Protein-arginine N-methyltransferase 1",1,1,1,1,1,1,1,0.730810317460317,1,1,1
"Nuclear factor NF-kappa-B p65 subunit",0.199311904761905,1,1,1,1,1,1,1,0.907976455026455,1,0.907976455026455
"Dual specificity tyrosine-phosphorylation-regulated kinase 1B",1,0.714200992063492,1,1,0.631154365079365,1,1,0.0332186507936508,1,1,0.199311904761905
"Acyl-CoA desaturase",1,1,1,1,1,1,1,1,1,1,1
"Proto-oncogene tyrosine-protein kinase ROS",1,1,1,1,1,1,1,1,1,0.797247619047619,1
"Lysyl-tRNA synthetase",0.808320502645503,0.718353323412698,0.689287003968254,0.718353323412698,0.689287003968254,1,1,0.689287003968254,0.718353323412698,0.718353323412698,0.0996559523809524
"DNA-(apurinic or apyrimidinic site) lyase",0.0332186507936508,0.0332186507936508,1,1,1,0.668525347222222,0.0442915343915344,0.668525347222222,0.668525347222222,0.668525347222222,0.668525347222222
"Glucose-dependent insulinotropic receptor",0.0332186507936508,1,0.232530555555556,1,0,1,0.55364417989418,0.996559523809524,0,0.232530555555556,1
"Prostaglandin E synthase",0.166093253968254,1,1,0.0332186507936508,0.786174735449735,0.651085555555556,0.85419387755102,1,1,0.52319375,0.52319375
"G protein-coupled receptor kinase 5",0.869221362433862,0.996559523809524,0.869221362433862,1,0.869221362433862,1,1,0.869221362433862,0.869221362433862,0.365405158730159,1
"Egl nine homolog 1",1,0.83046626984127,1,1,1,1,1,0.0996559523809524,1,0.83046626984127,1
"Elongation of very long chain fatty acids protein 6",0.265749206349206,0.491636031746032,0.87576443001443,0.265749206349206,0.491636031746032,0.87576443001443,0.87576443001443,0.581326388888889,0.87576443001443,0.0996559523809524,0.83521179138322
"Glucagon",0.489975099206349,0.558073333333333,0.409696693121693,0.558073333333333,0.43658798185941,0.0332186507936508,0.30727251984127,0.815366883116883,0.0996559523809524,0.15502037037037,0.378692619047619
"CREB-binding protein",0.514889087301587,0.971645535714286,0.588444671201814,0.514889087301587,0.588444671201814,0.588444671201814,0.588444671201814,1,1,1,0.588444671201814
"Mitogen-activated protein kinase kinase kinase 7",0.332186507936508,1,1,0.498279761904762,0.498279761904762,0.498279761904762,0.83046626984127,0.61454503968254,0.83046626984127,0.498279761904762,0.83046626984127
"Interferon-induced, double-stranded RNA-activated protein kinase",0.578004523809524,1,0.940087817460317,0.887412528344671,0.893212610229277,0.321113624338624,0.578004523809524,0.887412528344671,0.116265277777778,0.116265277777778,0.893212610229277
"Aldo-keto reductase family 1 member C2",0.166093253968254,0.640645408163265,0.823084347442681,0.21592123015873,0.21592123015873,1,0.418555,0.640645408163265,1,0.823084347442681,0.21592123015873
"Trace amine-associated receptor 1",0.445129920634921,0.39862380952381,1,0.39862380952381,1,0.664373015873016,0.664373015873016,0.664373015873016,0.39862380952381,0.39862380952381,0.55364417989418
"Nuclear receptor ROR-alpha",1,1,1,0.996559523809524,1,1,1,1,0.996559523809524,1,1
"Heat shock factor protein 1",0.0166093253968254,0.930122222222222,0.930122222222222,0,1,1,1,0.930122222222222,0.157788591269841,0.338830238095238,0.0775101851851852
"Hematopoietic prostaglandin D synthase",1,1,1,1,1,1,1,1,1,1,1
"Aldo-keto reductase family 1 member C1",1,0.39862380952381,1,1,1,1,1,1,1,1,1
"Bifunctional protein NCOAT",0,1,0.627002033730159,0,0.116265277777778,0.193775462962963,0.989915793650794,0.116265277777778,0.40811485260771,0.989915793650794,0.186024444444444
"LIM domain kinase 2",0.601626675485009,0.82382253968254,0.601626675485009,0.601626675485009,0.564717063492063,1,0.601626675485009,0.298967857142857,0.601626675485009,0.601626675485009,0.481670436507937
"Serine/threonine-protein kinase PLK2",0.672677678571429,1,1,0.210384788359788,0.210384788359788,0.365405158730159,1,0.672677678571429,0.672677678571429,0.378692619047619,0.210384788359788
"Neuropeptide FF receptor 1",0.808320502645503,0.741883201058201,0.984480014430015,0.984480014430015,0.984480014430015,0.772333630952381,0.984480014430015,0.741883201058201,0.808320502645503,0.984480014430015,0.741883201058201
"Neuropeptide FF receptor 2",1,1,1,1,0.199311904761905,1,1,1,1,1,1
"IgG receptor FcRn large subunit p51",0.083046626984127,1,0.809704613095238,0.697591666666667,0.809704613095238,1,1,0.0885830687830688,0.340491170634921,0.083046626984127,0.809704613095238
"Smoothened homolog",0.415233134920635,1,1,1,0.83046626984127,1,0.415233134920635,0.83046626984127,1,1,0.83046626984127
"Aldo-keto reductase family 1 member B10",1,1,1,1,1,1,1,1,1,1,1
"Serine/threonine-protein kinase 33",0.132874603174603,0.905208234126984,1,1,1,1,0.905208234126984,1,1,0.132874603174603,1
"Transient receptor potential cation channel subfamily A member 1",1,1,1,1,1,1,1,1,1,1,1
"Diacylglycerol O-acyltransferase 1",0.82097522675737,1,0.415233134920635,1,0.489975099206349,0.489975099206349,0.764028968253968,1,0.265749206349206,0.764028968253968,1
"Histone-lysine N-methyltransferase, H3 lysine-9 specific 3",1,0.974413756613757,1,0.974413756613757,0.974413756613757,1,1,1,0.974413756613757,0.597935714285714,0.974413756613757
"Lysine-specific histone demethylase 1",0.0996559523809524,1,1,1,0.465061111111111,1,1,1,1,0.465061111111111,0.83046626984127
"Alpha-synuclein",1,1,1,1,1,1,1,0.0664373015873016,1,1,1
"Tankyrase-2",1,1,1,1,1,1,1,1,1,0.0996559523809524,0.979950198412698
"Tankyrase-1",0.591291984126984,1,0.915885657596372,0.915885657596372,0.0996559523809524,1,1,0.591291984126984,0.591291984126984,0.591291984126984,1
"Mitogen-activated protein kinase kinase kinase kinase 4",1,1,1,1,1,0.863684920634921,1,0.863684920634921,0.863684920634921,0.83046626984127,1
"Lysine-specific demethylase 4C",0.896903571428571,1,0.896903571428571,0.896903571428571,1,0.896903571428571,1,0.365405158730159,0.979950198412698,0.896903571428571,0.813856944444445
