"","EGFR","Hypoxia","JAK.STAT","MAPK","NFkB","PI3K","TGFb","TNFa","Trail","VEGF","p53"
"Arginase-1",0.059,0.491,0.23,0.188,0.02,0.025,0.396,0.111,0.048,0.454,0.372
"Leucine-rich repeat serine/threonine-protein kinase 2",0.145,0.472,0.541,0.448,0.174,0.057,0.071,0.109,0.015,0.002,0.05
"Tyrosyl-DNA phosphodiesterase 1",0.035,0.456,0.213,0.029,0.077,0.238,0.487,0.469,0.517,0.389,0.269
"Transitional endoplasmic reticulum ATPase",0.061,0.213,0.045,0.005,0.286,0.072,0.453,0,0.194,0.033,0.498
"Glucokinase regulatory protein",0.018,0.212,0.138,0.037,0.246,0.384,0.389,0.023,0.484,0.255,0.349
"Pyruvate kinase isozymes M1/M2",0.01,0.052,0.072,0.022,0.404,0.122,0.367,0.084,0.319,0.229,0.01
"Transient receptor potential cation channel subfamily M member 8",0.013,0.288,0.15,0.044,0.559,0.26,0.256,0.161,0.326,0.014,0.357
"G-protein coupled receptor 55",0.368,0.376,0.278,0.344,0.121,0.043,0.191,0.111,0.154,0.005,0.026
"Endoplasmin",0.155,0.468,0.243,0.343,0.059,0.126,0.214,0.07,0.01,0.123,0.068
"Serine/threonine-protein kinase/endoribonuclease IRE1",0.174,0.125,0.417,0.441,0.297,0.411,0.373,0.035,0.007,0.077,0.227
"NADPH oxidase 4",0.206,0.111,0.38,0.129,0.41,0.29,0.474,0.13,0.077,0.408,0.334
"Ketohexokinase",0.528,0.35,0.225,0.341,0.198,0.008,0.226,0.054,0.017,0.014,0.008
"Lethal(3)malignant brain tumor-like protein 1",0,0.012,0.177,0.436,0.115,0.258,0.26,0.143,0.49,0.159,0.234
"Microtubule-associated protein tau",0.067,0.234,0.03,0.039,0.037,0.208,0.379,0.01,0.297,0.346,0.075
"15-hydroxyprostaglandin dehydrogenase [NAD+]",0.02,0.327,0.024,0.041,0.266,0.008,0.477,0.395,0.005,0.199,0.058
"G-protein coupled receptor 35",0.548,0.335,0.148,0.038,0.555,0.216,0.173,0.057,0.028,0.003,0.004
"ATP-sensitive inward rectifier potassium channel 1",0.002,0.48,0.422,0.013,0.156,0.373,0.305,0.149,0.303,0.01,0.543
"Neuropeptides B/W receptor type 1",0.101,0.461,0.372,0.085,0.46,0.192,0.316,0.356,0.071,0.097,0.015
"Nuclear receptor ROR-gamma",0.217,0.088,0.346,0.028,0.344,0.34,0.284,0.203,0.113,0.011,0.209
"DNA topoisomerase I",0.159,0.102,0.363,0.015,0,0.536,0.14,0.005,0.205,0.51,0.422
"Farnesyl diphosphate synthase",0.147,0.082,0.448,0.002,0.285,0.492,0.249,0.362,0.189,0.122,0.024
"Glucagon-like peptide 1 receptor",0.05,0.405,0.298,0,0.055,0.33,0.306,0.089,0.012,0.348,0.275
"Endothelin receptor ET-B",0.037,0.243,0.371,0.022,0.165,0.264,0.459,0.002,0.088,0.125,0.023
"Steroid 5-alpha-reductase 1",0.113,0.477,0.198,0.617,0.36,0.092,0.075,0.356,0.033,0.125,0.083
"Vasopressin V2 receptor",0.001,0.035,0.011,0.316,0.004,0.402,0.337,0.137,0.14,0.158,0.034
"Somatostatin receptor 5",0.004,0.372,0.118,0,0.043,0.524,0.049,0.169,0.175,0.083,0.021
"Histone-lysine N-methyltransferase, H3 lysine-79 specific",0.471,0.001,0.111,0.046,0.341,0.182,0.283,0.047,0.253,0.288,0.365
"Bromodomain-containing protein 3",0.012,0.3,0.219,0.43,0.197,0.297,0.41,0.494,0.415,0.233,0.285
"Cysteinyl leukotriene receptor 1",0.11,0.103,0.275,0.244,0.059,0.404,0.287,0.003,0.363,0.414,0.406
"Plasminogen",0.045,0.446,0.495,0.095,0.056,0.392,0.233,0.377,0.334,0.074,0.045
"Leukocyte adhesion glycoprotein LFA-1 alpha",0.05,0.229,0.021,0.221,0.525,0.145,0.099,0.048,0.24,0.008,0.154
"Somatostatin receptor 2",0.068,0.099,0.07,0.319,0.023,0.134,0.028,0.029,0.112,0.001,0.198
"Muscarinic acetylcholine receptor M4",0.435,0.192,0.13,0.457,0.12,0.358,0.307,0.153,0.187,0.003,0.045
"Inosine-5'-monophosphate dehydrogenase 1",0.071,0.218,0.317,0.143,0.213,0.056,0.066,0.291,0.234,0.295,0.429
"Receptor protein-tyrosine kinase erbB-2",0.078,0.411,0.332,0.32,0.245,0.507,0.358,0.112,0.052,0.006,0.062
"TNF-alpha",0.024,0.454,0.352,0.01,0.142,0.461,0.461,0.275,0.233,0.166,0.13
"Phosphodiesterase 5A",0.086,0.381,0.33,0.277,0.415,0.541,0.298,0.592,0.179,0.011,0.022
"Serotonin 2b (5-HT2b) receptor",0.019,0.044,0.39,0.018,0.444,0.272,0.217,0.173,0.316,0.321,0.052
"Thromboxane-A synthase",0.08,0.492,0.288,0.005,0.001,0.002,0.026,0.121,0.049,0.277,0.026
"Prostanoid EP4 receptor",0.059,0.011,0.2,0.1,0.01,0.126,0.189,0.008,0.008,0.015,0.031
"Dopamine D5 receptor",0.458,0.319,0.393,0.207,0.034,0.391,0.488,0.399,0.154,0.316,0.176
"Somatostatin receptor 4",0.229,0.355,0.162,0.243,0.211,0.043,0.124,0.035,0.27,0.099,0.002
"Gonadotropin-releasing hormone receptor",0.091,0.028,0.057,0.012,0.262,0.033,0.307,0.028,0.038,0.246,0.004
"4-hydroxyphenylpyruvate dioxygenase",0.143,0.121,0.13,0.105,0.054,0.405,0.166,0.01,0.032,0.289,0.44
"Tyrosine-protein kinase ABL",0.224,0.233,0.448,0.037,0.337,0.494,0.47,0.462,0.398,0.298,0.101
"Vascular endothelial growth factor receptor 1",0.007,0.184,0.022,0.042,0.611,0,0.055,0.321,0.001,0.016,0.153
"Tissue-type plasminogen activator",0,0.12,0.308,0.073,0.095,0.366,0.422,0.095,0.008,0.023,0.341
"Calcium sensing receptor",0.349,0.145,0.185,0.027,0.02,0.227,0.142,0.08,0.317,0.208,0.04
"Neuronal acetylcholine receptor protein alpha-4 subunit",0.001,0.176,0.112,0.097,0.195,0.115,0.33,0.454,0.256,0.175,0.014
"Potassium channel, inwardly rectifying, subfamily J, member 11",0.042,0.229,0.399,0.077,0.154,0.435,0.406,0.208,0.292,0.211,0.136
"Vasopressin V1a receptor",0.005,0.053,0.456,0.316,0.062,0.483,0.065,0.36,0.524,0.09,0.509
"Glutamate carboxypeptidase II",0,0.016,0.138,0.489,0.017,0.374,0.349,0.021,0.281,0,0.045
"Serotonin 1b (5-HT1b) receptor",0.017,0.244,0.538,0.007,0.313,0.079,0.029,0.214,0.019,0.403,0.238
"Serotonin 3a (5-HT3a) receptor",0.197,0.352,0.372,0.397,0.305,0.206,0.293,0.278,0.194,0.138,0.213
"Aldose reductase",0.231,0.321,0.467,0.326,0.391,0.435,0.09,0.1,0.458,0.451,0.493
"Glutamate [NMDA] receptor subunit epsilon 2",0.457,0.429,0.424,0.255,0.383,0.353,0.509,0.508,0.29,0.086,0.288
"Serine/threonine-protein kinase RAF",0,0.002,0.557,0.275,0.32,0.049,0.016,0,0.463,0.014,0.003
"Aminopeptidase N",0.003,0.004,0.168,0.076,0.254,0.037,0.043,0,0.323,0.067,0.012
"Cytochrome P450 11B1",0,0.021,0.078,0.323,0.003,0.062,0.025,0.01,0.021,0.005,0.008
"Butyrylcholinesterase",0.143,0.509,0.389,0.146,0.2,0.411,0.324,0.098,0.379,0.17,0.2
"Alpha-2c adrenergic receptor",0.102,0.099,0.376,0.093,0.039,0.469,0.206,0.059,0.21,0.114,0.439
"Melatonin receptor 1A",0.147,0.044,0.36,0.11,0.144,0.376,0.152,0.233,0.469,0.047,0.402
"Melatonin receptor 1B",0.485,0.424,0.53,0.546,0.277,0.37,0.099,0.205,0.324,0.448,0.438
"Thyroid hormone receptor beta-1",0.034,0.502,0.245,0.005,0.282,0.135,0.46,0.401,0.139,0.126,0.022
"Cyclophilin A",0.006,0.073,0.453,0.491,0.014,0.346,0.005,0.434,0.237,0.014,0.307
"Thymidylate synthase",0.515,0.298,0.46,0.044,0.013,0.23,0.332,0.01,0.267,0.015,0.051
"Vascular endothelial growth factor receptor 3",0.186,0.377,0.272,0.026,0.444,0.128,0.002,0.036,0.113,0.006,0.008
"Insulin-like growth factor I receptor",0.001,0.003,0.42,0.38,0.017,0.216,0.15,0.11,0.179,0,0.239
"Epoxide hydrolase 1",0.003,0.058,0.354,0.209,0.55,0.407,0.098,0.009,0.461,0.015,0.467
"Tyrosine-protein kinase receptor FLT3",0.083,0.094,0.432,0.291,0.004,0.604,0.239,0.172,0.175,0.283,0.247
"Vitamin D receptor",0.098,0.308,0.257,0.02,0.207,0.037,0.383,0.14,0.001,0.043,0.134
"Cytochrome P450 19A1",0.005,0.507,0.156,0.039,0.439,0.19,0.056,0.465,0.003,0.292,0.205
"Insulin receptor",0.085,0.135,0.22,0.467,0.012,0.206,0.17,0.02,0.032,0.204,0.115
"Serotonin 1d (5-HT1d) receptor",0.099,0.054,0.427,0.273,0.033,0.326,0.004,0.427,0.473,0.001,0.008
"Inhibitor of nuclear factor kappa B kinase beta subunit",0.103,0.288,0.345,0.336,0.223,0.38,0.007,0.018,0.001,0.215,0.164
"Prostanoid IP receptor",0.223,0.296,0.177,0.321,0.483,0.268,0.267,0.176,0.122,0.126,0.485
"Equilibrative nucleoside transporter 1",0.018,0.381,0.164,0.004,0.342,0.508,0.274,0.159,0.04,0.485,0.014
"Purinergic receptor P2Y12",0.572,0.307,0.534,0.327,0.252,0.315,0.141,0.476,0.074,0.311,0.341
"Retinoic acid receptor gamma",0.027,0.021,0.478,0.095,0.206,0.347,0.139,0.469,0.439,0.024,0.059
"Platelet-derived growth factor receptor alpha",0.573,0.155,0.397,0.355,0.317,0.372,0.493,0.305,0.119,0.346,0.345
"Retinoic acid receptor beta",0.542,0.428,0.401,0.072,0.106,0.318,0.13,0.005,0.455,0.202,0.406
"Nociceptin receptor",0.07,0.494,0.292,0.246,0.026,0.156,0.288,0.014,0.113,0.538,0.113
"Dihydrofolate reductase",0.419,0.204,0.367,0,0.077,0.39,0.067,0.128,0.104,0.067,0.108
"Epidermal growth factor receptor erbB1",0.015,0.028,0.157,0.263,0.357,0.157,0.017,0.023,0.137,0.497,0.012
"Muscarinic acetylcholine receptor M5",0.417,0.46,0.484,0.127,0.483,0.212,0.348,0.122,0.155,0.177,0.454
"Peptidyl-prolyl cis-trans isomerase FKBP5",0.47,0.15,0.432,0.021,0.011,0.034,0.312,0.317,0.476,0.386,0.052
"Retinoic acid receptor alpha",0.257,0.243,0.281,0.025,0.244,0.365,0.38,0.011,0.044,0.071,0.012
"Estrogen receptor alpha",0.13,0.049,0.472,0.002,0.211,0.137,0.031,0.2,0.055,0.079,0.253
"Beta-2 adrenergic receptor",0,0.32,0.418,0.031,0.268,0.185,0.184,0.526,0.347,0.236,0.016
"Cyclin T1",0.047,0.373,0.171,0.356,0.382,0.518,0.027,0.12,0.352,0.118,0.211
"Muscarinic acetylcholine receptor M2",0.034,0.421,0.214,0.415,0.224,0.273,0.225,0.068,0.414,0.235,0.439
"Beta-1 adrenergic receptor",0.05,0.102,0.151,0.056,0.509,0.399,0.149,0.047,0.457,0.07,0.202
"Dopamine D2 receptor",0.182,0.242,0.052,0.041,0.036,0.064,0.007,0.517,0.086,0.212,0.384
"Beta-glucocerebrosidase",0.056,0.003,0.309,0.032,0.047,0.24,0.36,0,0.219,0.002,0.058
"Motilin receptor",0.05,0.29,0.141,0.007,0.38,0.449,0.337,0.141,0.001,0.333,0.082
"MAP kinase-activated protein kinase 2",0.161,0.062,0.439,0.002,0.063,0.163,0.346,0.412,0.422,0.084,0.002
"Cyclooxygenase-1",0.134,0.065,0.503,0.401,0.325,0.484,0.152,0.133,0.152,0.215,0.457
"Norepinephrine transporter",0.006,0.284,0.155,0,0.456,0.278,0.198,0.081,0.326,0.001,0.355
"Anandamide amidohydrolase",0.51,0.211,0.367,0.016,0.029,0.273,0.384,0.121,0.054,0.391,0.059
"Serotonin 2c (5-HT2c) receptor",0,0.039,0.357,0.05,0.006,0.03,0.063,0.302,0.073,0.031,0.063
"Dipeptidyl peptidase I",0.049,0.287,0.229,0.152,0.115,0.036,0.285,0.413,0.351,0.307,0.413
"Serotonin transporter",0.217,0.229,0.236,0.316,0.146,0.092,0.095,0.415,0.004,0.082,0.124
"Peroxisome proliferator-activated receptor alpha",0.37,0.033,0.066,0.182,0.307,0.376,0.378,0.059,0.211,0.136,0.127
"HERG",0.046,0.165,0.273,0.473,0.483,0.505,0.381,0.137,0.224,0.375,0.035
"Epoxide hydratase",0.509,0.035,0.015,0.202,0.031,0.259,0.498,0.002,0.071,0.053,0.197
"Phosphodiesterase 3A",0.094,0.046,0.135,0.389,0,0.427,0.449,0.21,0.349,0.067,0.135
"C-C chemokine receptor type 1",0.108,0.179,0.279,0.007,0.183,0.279,0.276,0.422,0.111,0.161,0.02
"C-C chemokine receptor type 4",0.022,0.155,0.099,0.057,0.219,0.422,0.254,0.028,0.086,0,0.015
"Estrogen receptor beta",0.001,0.002,0.27,0.133,0.09,0.335,0.02,0.001,0.476,0.003,0.371
"Glyoxalase I",0.281,0.421,0.29,0.037,0.33,0.171,0.15,0.261,0.115,0.041,0.503
"Myosin light chain kinase, smooth muscle",0.002,0.035,0.39,0.336,0.03,0.451,0.17,0.008,0.008,0.324,0.175
"Serine/threonine-protein kinase AKT2",0.3,0.166,0.184,0.482,0.366,0.425,0.267,0.005,0.266,0.189,0.488
"Interleukin-8 receptor B",0.059,0.481,0.311,0.016,0.037,0.643,0.234,0.459,0.091,0.567,0.298
"Myeloperoxidase",0,0.005,0.429,0.484,0.324,0.135,0.009,0,0.101,0.014,0.022
"Coagulation factor X",0.109,0.149,0.299,0.519,0.21,0.248,0.041,0.273,0.353,0.051,0.233
"Deoxycytidine kinase",0.025,0.066,0.459,0.043,0.088,0.027,0.062,0.007,0.047,0.223,0.103
"Muscarinic acetylcholine receptor M3",0.342,0.193,0.124,0.182,0.197,0.454,0.425,0.158,0.372,0.025,0.133
"Beta-3 adrenergic receptor",0.216,0.034,0.055,0.315,0.336,0.107,0.177,0.357,0.269,0.088,0.049
"Death-associated protein kinase 3",0.015,0.016,0.276,0.091,0.156,0.242,0.356,0.3,0.054,0.424,0.47
"Methionine aminopeptidase 1",0.035,0.19,0.394,0.075,0.009,0.197,0.39,0.394,0.003,0.002,0.473
"Leukocyte elastase",0.054,0.071,0.461,0.15,0.001,0.002,0.135,0.247,0.236,0.394,0.087
"Beta amyloid A4 protein",0.158,0.29,0.415,0.422,0.356,0.296,0.299,0.282,0.072,0.058,0.007
"Neurokinin 1 receptor",0.273,0.313,0.225,0.103,0.013,0.362,0.544,0.234,0.125,0.065,0.017
"Neuronal acetylcholine receptor protein alpha-7 subunit",0.156,0.332,0.416,0.068,0,0.3,0.271,0.144,0.072,0.314,0.356
"Adenosine A2a receptor",0.335,0.069,0.346,0.023,0.415,0.011,0.025,0.421,0.037,0.241,0.373
"Endothelin receptor ET-A",0.044,0.086,0.167,0.266,0.343,0.085,0.162,0.003,0.001,0.096,0.012
"Beta secretase 2",0.003,0.021,0.031,0.003,0.18,0.036,0.13,0.059,0.295,0.006,0.354
"Serine/threonine-protein kinase Chk2",0.001,0.525,0.259,0.131,0.399,0.356,0.005,0.195,0.001,0.275,0.389
"Cannabinoid CB2 receptor",0.456,0.087,0.243,0.106,0.029,0.048,0.003,0.053,0.327,0.143,0.128
"3-phosphoinositide dependent protein kinase-1",0.039,0.351,0.3,0.432,0.179,0.518,0.164,0.322,0.147,0.033,0.276
"Phospholipase D1",0.351,0.097,0.06,0.057,0.223,0.127,0.482,0.046,0,0.241,0.05
"Phosphodiesterase 4A",0.151,0.014,0.08,0.059,0.432,0.116,0.093,0.047,0.434,0.444,0.447
"Adenosine A2b receptor",0.139,0.162,0.057,0.384,0.357,0.439,0.048,0.353,0.197,0.242,0.121
"Carboxypeptidase B",0.013,0.499,0.399,0.429,0.172,0.208,0.415,0.209,0.235,0.065,0.073
"Adenosine A3 receptor",0.011,0.254,0.111,0.015,0.066,0.135,0.445,0.044,0.062,0.412,0.006
"Histone deacetylase 5",0.247,0.326,0.331,0.344,0.355,0.188,0.281,0.246,0.178,0.341,0.483
"Liver glycogen phosphorylase",0,0.059,0.01,0.238,0.581,0.055,0.122,0.119,0.429,0.008,0.272
"Tyrosine-protein kinase LCK",0.035,0.071,0.345,0.085,0.212,0.278,0.523,0.179,0.14,0.396,0.103
"Cathepsin D",0.033,0.412,0.116,0.05,0.045,0.247,0.221,0.001,0.339,0.503,0.194
"Melanocortin receptor 4",0.368,0.212,0.278,0.003,0.293,0.348,0.11,0.219,0.364,0.322,0.094
"Peptide N-myristoyltransferase 1",0,0.028,0.151,0.001,0.053,0.298,0.448,0.381,0.216,0.117,0.05
"Tyrosine-protein kinase SYK",0.441,0.371,0.467,0.36,0.408,0.298,0.496,0.227,0.062,0.394,0.38
"MAP kinase p38 alpha",0.012,0.073,0.002,0.003,0.01,0.464,0.256,0.09,0.415,0.248,0.044
"Carbonic anhydrase I",0.272,0.008,0.068,0.372,0.19,0.122,0.335,0.225,0.479,0.304,0.285
"Furin",0.29,0.273,0.45,0.083,0.015,0.226,0.176,0.307,0.133,0.371,0.025
"Tryptase beta-1",0.155,0.132,0.089,0.117,0.154,0.487,0.04,0.043,0.341,0.026,0.001
"Glycogen synthase kinase-3 beta",0.285,0.028,0.32,0.075,0.231,0.055,0.122,0.386,0.395,0.392,0.251
"Dual specificity protein phosphatase 3",0.029,0.064,0.019,0.391,0.063,0.218,0.01,0.026,0.122,0.033,0.045
"c-Jun N-terminal kinase 3",0.166,0.279,0.436,0.051,0.266,0.429,0.456,0.297,0.297,0.387,0.257
"Histamine H3 receptor",0.002,0.318,0.192,0.491,0.261,0.179,0.306,0.062,0.146,0.131,0.145
"Phosphodiesterase 2A",0.032,0.057,0.083,0.432,0.294,0.158,0.101,0.015,0.004,0.073,0.006
"Adenosylhomocysteinase",0.133,0.398,0.494,0.105,0.097,0.314,0.357,0.093,0.331,0,0.477
"Tyrosine-protein kinase SRC",0.249,0.059,0.361,0.018,0.003,0.374,0.038,0.036,0.002,0.119,0.097
"Cathepsin K",0.001,0.017,0.275,0.145,0.276,0.132,0.341,0.031,0.162,0.002,0.211
"Macrophage-stimulating protein receptor",0.003,0.234,0.101,0.022,0.281,0.152,0.43,0.424,0.017,0.278,0.119
"Cystinyl aminopeptidase",0.445,0.226,0.195,0.299,0.224,0.317,0.41,0.102,0.027,0.051,0.179
"Focal adhesion kinase 1",0.146,0.408,0.373,0.443,0.021,0.212,0.359,0.046,0.525,0.553,0.081
"Mitogen-activated protein kinase kinase kinase 11",0.462,0.032,0.06,0.363,0.256,0.387,0.171,0.001,0.23,0.35,0.488
"Histone deacetylase 7",0.439,0.446,0.099,0.206,0.003,0.139,0.392,0.329,0.443,0.347,0.475
"Phosphodiesterase 11A",0.011,0.213,0.363,0.239,0.158,0.038,0.002,0.097,0.356,0.103,0.257
"Cytochrome P450 11B2",0.277,0.175,0.191,0.024,0.231,0.017,0.459,0.176,0.106,0.309,0.503
"Protein-glutamine gamma-glutamyltransferase",0.001,0.428,0.483,0.113,0.012,0.13,0.013,0.239,0.073,0.008,0.196
"Phospholipase D2",0.433,0.268,0.2,0.378,0.073,0.416,0.166,0.295,0.064,0.356,0.271
"Metabotropic glutamate receptor 4",0.432,0.04,0.467,0.01,0.001,0.063,0.401,0.208,0.176,0.02,0.07
"C-C chemokine receptor type 5",0.342,0.204,0.187,0.46,0.018,0.17,0.185,0.065,0.113,0.105,0.148
"Fibroblast growth factor receptor 3",0.197,0.109,0.361,0.426,0.433,0.355,0.058,0.533,0.155,0,0.035
"Phosphodiesterase 4B",0.021,0.223,0.127,0.065,0.094,0.328,0.012,0.126,0.245,0.019,0.115
"Ileal bile acid transporter",0.246,0.468,0.072,0.212,0.002,0.543,0.357,0.312,0.07,0.005,0.29
"Integrin alpha-4",0.021,0.355,0.399,0.03,0.293,0.339,0.373,0.358,0.26,0.092,0.087
"Sodium/hydrogen exchanger 1",0.052,0.103,0.131,0,0.006,0.052,0.432,0.252,0.046,0.184,0.023
"Acyl coenzyme A:cholesterol acyltransferase 1",0.302,0.096,0.11,0.12,0.009,0.181,0.184,0.088,0.469,0.453,0.437
"Estradiol 17-beta-dehydrogenase 2",0.005,0.275,0.142,0.229,0.214,0.165,0.036,0.152,0.198,0.024,0.11
"Vascular endothelial growth factor receptor 2",0.126,0.055,0.188,0.504,0.422,0.5,0.458,0.063,0.264,0.242,0.154
"Matrix metalloproteinase 13",0.523,0.397,0.156,0.105,0,0.054,0.334,0.315,0.227,0.035,0.064
"Tyrosine-protein kinase ZAP-70",0.141,0.323,0.128,0.011,0,0.386,0.018,0.022,0.109,0.123,0.108
"LXR-alpha",0.104,0.152,0.213,0.104,0.239,0.185,0.004,0.018,0.057,0.045,0.07
"Protein-glutamine gamma-glutamyltransferase K",0.458,0.027,0.436,0.084,0.03,0.542,0.091,0.542,0.042,0.023,0.179
"Nerve growth factor receptor Trk-A",0.008,0.404,0.174,0.421,0.152,0.187,0.042,0.267,0.032,0.023,0.302
"Coagulation factor XI",0,0,0.3,0.003,0.025,0.371,0.11,0.081,0.385,0.008,0.039
"Casein kinase I delta",0.421,0.169,0.071,0.227,0.012,0.017,0.054,0.148,0.072,0.503,0.191
"Matrix metalloproteinase 3",0.3,0.521,0.063,0.424,0.224,0.163,0.401,0.035,0.143,0.441,0.425
"Tyrosine-protein kinase JAK1",0.528,0.236,0.244,0.02,0.423,0.359,0.016,0.308,0.484,0.346,0.034
"Dipeptidyl peptidase IV",0.102,0.234,0.297,0.359,0.242,0.012,0.183,0.081,0.008,0.323,0.007
"Serine/threonine-protein kinase mTOR",0.284,0.35,0.368,0.292,0.24,0.174,0.278,0.138,0.039,0.352,0.096
"Glycogen synthase kinase-3 alpha",0.284,0.459,0.273,0.038,0.027,0.34,0.192,0.495,0.31,0.239,0.011
"Renin",0.108,0.072,0.297,0.067,0.499,0.398,0.069,0.14,0.295,0.149,0.063
"Sigma opioid receptor",0.032,0.045,0.209,0.255,0.421,0.387,0.139,0.486,0.117,0.057,0.192
"Mitogen-activated protein kinase kinase kinase 9",0.223,0.542,0.265,0.428,0.345,0.125,0.582,0.442,0.581,0.051,0.175
"Phosphodiesterase 4D",0.112,0.338,0.118,0.155,0.191,0.324,0.04,0.111,0.465,0.004,0.074
"Carbonic anhydrase III",0.04,0.09,0.324,0.079,0.097,0.55,0.216,0.5,0.417,0.4,0.028
"Hematopoietic cell protein-tyrosine phosphatase 70Z-PEP",0.087,0.055,0.041,0.45,0.056,0.268,0.369,0.366,0.209,0.059,0.359
"Phosphodiesterase 3B",0.012,0.003,0.133,0.12,0.275,0.446,0.305,0.004,0.114,0.001,0.381
"Arachidonate 15-lipoxygenase",0.195,0.187,0.435,0.42,0.455,0.152,0.234,0.198,0.025,0.004,0.484
"Phosphodiesterase 4C",0,0.006,0.471,0.163,0.019,0.279,0.011,0.512,0.462,0,0.345
"Telomerase reverse transcriptase",0.005,0.072,0.056,0.054,0.015,0.284,0.076,0.035,0.282,0.011,0.014
"Protein kinase C gamma",0.435,0.196,0.368,0.245,0.241,0.049,0.127,0.077,0.204,0.082,0.252
"Cathepsin S",0.361,0.407,0.378,0.176,0.041,0.066,0.319,0.033,0.411,0.057,0
"Sphingosine 1-phosphate receptor Edg-5",0.366,0.449,0.508,0.035,0.37,0.138,0.184,0.158,0.1,0.373,0.48
"Tyrosine-protein kinase ITK/TSK",0.055,0.119,0.159,0.073,0.064,0.301,0.24,0.05,0.089,0.511,0.146
"Dual specificity mitogen-activated protein kinase kinase 2",0.008,0.142,0.467,0.156,0.076,0.136,0.067,0.176,0.132,0.279,0.401
"Tyrosine-protein kinase JAK2",0.284,0.354,0.087,0.082,0.371,0.061,0.157,0.411,0.126,0.06,0.162
"Rho-associated protein kinase 2",0.269,0.482,0.403,0.266,0.309,0.288,0.353,0.27,0.224,0.023,0.078
"Cholecystokinin B receptor",0.074,0.214,0.122,0.027,0,0.054,0.005,0.327,0.247,0.139,0.306
"Protein kinase C alpha",0.171,0.06,0.475,0.071,0.327,0.031,0.173,0.252,0.007,0.113,0.493
"Protein kinase C delta",0.168,0.081,0.232,0.336,0.292,0.186,0.163,0.003,0.112,0.088,0.188
"P2X purinoceptor 3",0.054,0.316,0.313,0.204,0.199,0.483,0.217,0.226,0.215,0.279,0.437
"Multidrug resistance-associated protein 1",0.047,0.197,0.149,0.061,0.343,0.209,0.435,0.114,0.243,0.418,0.078
"Receptor protein-tyrosine kinase erbB-4",0.256,0.024,0.457,0.341,0.004,0.532,0.251,0.001,0.004,0.025,0.211
"Cyclin-dependent kinase 2",0.129,0.173,0.358,0.473,0.151,0.489,0.413,0.015,0.376,0.403,0.02
"Phosphodiesterase 7A",0.003,0.213,0.349,0.104,0.234,0.265,0.094,0.226,0.495,0.232,0.25
"Matriptase",0.183,0.151,0.26,0.225,0.063,0.361,0.164,0.095,0.274,0.109,0.375
"Sphingosine kinase 2",0.018,0.106,0.355,0.007,0.035,0.153,0.255,0.023,0.417,0.388,0.009
"Serine/threonine-protein kinase PLK1",0.277,0.116,0.117,0.029,0.432,0.444,0.118,0.163,0.437,0.017,0.347
"Carbonic anhydrase VI",0.002,0.013,0.495,0.328,0.058,0.061,0.002,0.007,0.296,0.015,0.112
"Protein kinase C beta",0.079,0.465,0.341,0.005,0,0.4,0.228,0.012,0.08,0.374,0.207
"Cyclin-dependent kinase 7",0.327,0.452,0.394,0.292,0.019,0.464,0.076,0.175,0.287,0.131,0.484
"Glycine transporter 2",0.392,0.461,0.166,0.158,0.419,0.39,0.284,0.282,0.366,0.382,0.416
"Cyclin-dependent kinase 1",0.384,0.05,0.215,0.427,0.105,0.178,0.457,0.358,0.175,0.16,0.188
"Excitatory amino acid transporter 1",0.152,0.327,0.342,0.329,0.504,0.191,0.169,0.076,0.16,0.032,0.185
"Plasma retinol-binding protein",0.027,0.146,0.167,0.146,0.109,0.389,0.008,0.205,0.095,0.572,0.329
"Poly [ADP-ribose] polymerase-1",0.176,0.083,0.485,0.467,0.028,0.303,0.456,0.477,0.301,0.297,0.433
"Thymidine phosphorylase",0.032,0.121,0.137,0.014,0.004,0.399,0.026,0.152,0.195,0.508,0.445
"Cyclin-dependent kinase 9",0.348,0.049,0.405,0.173,0.245,0.383,0.373,0.345,0.198,0,0.003
"PI3-kinase p110-delta subunit",0.54,0.417,0.52,0.411,0.103,0.324,0.332,0.263,0.052,0.439,0.418
"DNA-dependent protein kinase",0.003,0.001,0.16,0.4,0.495,0.409,0.333,0.046,0.239,0.001,0.164
"PI3-kinase p110-beta subunit",0.382,0.036,0.296,0.078,0.206,0.115,0.311,0.08,0.047,0.005,0.021
"Serotonin 7 (5-HT7) receptor",0.423,0.3,0.09,0.196,0.206,0.336,0.153,0.236,0.188,0.346,0.09
"Bradykinin B2 receptor",0.016,0.328,0.355,0.303,0.032,0.289,0.133,0.029,0.334,0.388,0.136
"Protein-tyrosine phosphatase 1C",0.017,0.201,0.238,0.07,0.312,0.414,0.018,0.49,0.408,0.363,0.414
"Carboxylesterase 2",0.227,0.244,0.275,0.034,0.045,0.242,0.443,0.008,0.39,0.077,0.167
"Estradiol 17-beta-dehydrogenase 1",0.004,0.349,0.155,0.331,0.005,0.063,0.065,0.087,0.008,0.001,0.091
"Histone deacetylase 8",0.244,0.225,0.472,0.371,0.42,0.323,0.347,0.269,0.46,0.268,0.235
"Prolyl endopeptidase",0.036,0.009,0.195,0.148,0.188,0.469,0.238,0.058,0.439,0.001,0.481
"Matrix metalloproteinase 9",0.017,0.307,0.108,0.025,0,0.24,0.411,0.127,0.122,0.028,0.507
"CD22",0.013,0.055,0.421,0.441,0.125,0.41,0.205,0.42,0.009,0.008,0.358
"Metabotropic glutamate receptor 5",0.571,0.122,0.16,0.004,0.055,0.133,0.305,0.184,0.35,0.064,0.023
"Sphingosine 1-phosphate receptor Edg-6",0.117,0.27,0.262,0.181,0.014,0.245,0.079,0.469,0.012,0.251,0.322
"Rho-associated protein kinase 1",0.196,0.294,0.249,0.22,0.329,0.336,0.364,0.136,0.04,0.185,0.356
"Tyrosine-protein kinase HCK",0.002,0.303,0.146,0.131,0.186,0.322,0.095,0.267,0.287,0.075,0.05
"Carbonic anhydrase XII",0.255,0.13,0.035,0.008,0.041,0.124,0.011,0.062,0.063,0.072,0.142
"Histone deacetylase 1",0.453,0.336,0.265,0.019,0.123,0.422,0.009,0.103,0.261,0.225,0.02
"Lysophosphatidic acid receptor Edg-7",0.028,0.052,0.052,0.033,0.021,0.056,0.234,0.167,0.234,0.012,0.124
"PI3-kinase p110-gamma subunit",0.3,0.452,0.117,0.339,0.149,0.054,0.074,0.569,0.365,0.066,0.263
"PI4-kinase beta subunit",0.31,0.027,0.101,0.089,0.296,0.128,0.3,0.008,0.276,0.43,0.087
"Cathepsin L2",0.244,0.107,0.054,0.085,0.279,0.14,0.188,0.522,0.443,0.362,0.168
"Urokinase-type plasminogen activator",0.287,0.43,0.307,0.391,0.498,0.136,0.308,0.088,0.398,0.053,0.189
"Testis-specific androgen-binding protein",0.021,0.011,0.261,0.162,0.294,0.021,0.29,0.241,0.016,0.106,0.435
"Caspase-6",0.224,0.542,0.433,0.159,0.174,0.242,0.156,0.129,0.12,0.007,0.221
"Cyclin-dependent kinase 4",0.001,0.021,0.606,0.147,0.146,0.432,0.463,0.033,0.28,0.005,0.13
"Histone deacetylase 11",0.193,0.462,0.316,0.052,0.078,0.43,0.219,0.573,0.311,0.233,0.227
"Sodium-dependent proline transporter",0.265,0.161,0.234,0.019,0.019,0.205,0.138,0.114,0.191,0.446,0.177
"Matrix metalloproteinase-1",0.016,0.141,0.454,0.378,0.486,0.125,0.222,0.022,0.15,0.019,0.121
"Matrix metalloproteinase-2",0.282,0.176,0.412,0.498,0.241,0.209,0.484,0.074,0.17,0.131,0.433
"Protein-tyrosine phosphatase 1B",0.023,0.157,0.239,0.207,0.076,0.109,0.038,0,0.035,0.307,0.005
"Acetyl-CoA carboxylase 1",0.422,0.154,0.399,0.24,0.525,0.404,0.258,0.083,0.287,0.105,0.065
"Serotonin 6 (5-HT6) receptor",0.001,0.414,0.1,0.011,0.243,0.166,0.286,0.439,0.094,0.068,0.074
"MAP kinase ERK1",0.382,0.085,0.491,0.354,0.403,0.367,0.242,0.213,0.285,0.019,0.109
"Cytochrome P450 2C9",0.014,0.104,0.152,0.417,0.275,0.171,0.132,0.159,0.311,0.002,0.377
"Probable G-protein coupled receptor 88",0.095,0.18,0.428,0.063,0.124,0.081,0.138,0.05,0.06,0.432,0.104
"Cytochrome P450 3A4",0.367,0.625,0.232,0.141,0.141,0.189,0.378,0.017,0.181,0.038,0.005
"Pregnane X receptor",0.071,0.28,0.136,0.169,0.027,0.281,0.442,0.443,0.263,0.471,0.336
"Carboxypeptidase B2 isoform A",0.26,0.078,0.138,0.225,0.024,0.175,0.218,0.414,0.363,0.149,0.199
"Serotonin 5a (5-HT5a) receptor",0.008,0.211,0.216,0.237,0.435,0.131,0.118,0.349,0.063,0.363,0.094
"Estrogen-related receptor alpha",0.004,0.054,0.301,0.451,0.35,0.195,0.059,0.11,0.048,0.004,0.341
"Amine oxidase, copper containing",0.005,0.137,0.109,0.353,0.359,0.174,0.488,0.382,0.526,0.491,0
"Protein kinase C zeta",0.001,0.02,0.33,0.127,0,0.09,0.231,0.004,0.013,0.012,0.242
"Melanin-concentrating hormone receptor 1",0.53,0.449,0.294,0.089,0.128,0.44,0.185,0.272,0.192,0.41,0.071
"Caspase-7",0.11,0.433,0.279,0.144,0.066,0.088,0.411,0.457,0.007,0.385,0.035
"C-C chemokine receptor type 3",0.022,0.174,0.535,0.006,0.039,0.176,0.327,0.22,0.194,0.293,0.264
"Phospholipase A2 group IIA",0.019,0.009,0.36,0.02,0.138,0.403,0.494,0.281,0.017,0.073,0.095
"Plasminogen activator inhibitor-1",0.121,0.208,0.253,0.115,0.387,0.384,0.181,0.199,0.216,0.138,0.119
"Inhibitor of nuclear factor kappa B kinase alpha subunit",0.35,0.106,0.446,0.223,0.466,0.38,0.335,0.376,0.183,0.005,0.498
"Proteasome Macropain subunit",0.357,0.218,0.058,0.019,0.066,0.413,0.329,0.25,0.237,0.383,0.276
"Carbonic anhydrase XIV",0.03,0.513,0.207,0.402,0.103,0.278,0.425,0.508,0.19,0.253,0.421
"LDL-associated phospholipase A2",0.027,0.225,0.241,0.004,0.008,0.154,0.538,0.283,0.022,0.15,0.301
"Cytochrome P450 17A1",0.001,0.087,0.17,0,0.002,0.134,0.289,0.527,0.164,0.051,0.082
"Histone deacetylase 4",0.236,0.452,0.173,0.007,0.003,0.27,0.276,0.37,0.052,0.011,0.022
"Inhibitor of nuclear factor kappa B kinase epsilon subunit",0,0.322,0.421,0.007,0.202,0.007,0.4,0.118,0.054,0.451,0.019
"Phosphodiesterase 9A",0,0.103,0.46,0.005,0.2,0.497,0.44,0.519,0.452,0.059,0.091
"Tyrosine-protein kinase TYK2",0.305,0.141,0.094,0.27,0,0.047,0.208,0.481,0.019,0.182,0.133
"Steryl-sulfatase",0.183,0.174,0.407,0.455,0.14,0.101,0.033,0.227,0.211,0.054,0.394
"Nitric-oxide synthase, brain",0.054,0.461,0.318,0.45,0.154,0.178,0.291,0.122,0.115,0.208,0.195
"Cholesteryl ester transfer protein",0.009,0.034,0.01,0.307,0.247,0.331,0.345,0,0.351,0.008,0.437
"Protein kinase C epsilon",0,0.003,0.165,0.292,0.089,0.022,0.004,0.23,0.009,0,0.38
"Dual specificity mitogen-activated protein kinase kinase 1",0.169,0.114,0.354,0.372,0.379,0.007,0.018,0.466,0.03,0.019,0.475
"Adenosine kinase",0.42,0.448,0.135,0.002,0.474,0.316,0.075,0.027,0.151,0.039,0.055
"Hormone sensitive lipase",0.002,0.521,0.007,0.013,0.513,0.165,0.203,0.028,0.217,0.275,0.004
"Carbonic anhydrase IX",0.385,0.557,0.221,0.111,0.238,0.426,0.308,0.295,0.362,0.033,0.075
"Protein kinase C eta",0.157,0.357,0.196,0.086,0.028,0.022,0.091,0.209,0.341,0.029,0.435
"Cytochrome P450 2C19",0.339,0.204,0.378,0.311,0.48,0.31,0.204,0.036,0.345,0.198,0.345
"Quinone reductase 1)",0.124,0.111,0.079,0.467,0.403,0.015,0.291,0.02,0.108,0.208,0.381
"Casein kinase II alpha",0.023,0.136,0.163,0.067,0.055,0.092,0.434,0.037,0.189,0.186,0.017
"Opioid growth factor receptor-like protein 1",0.017,0.049,0.457,0.249,0.418,0.305,0.135,0.314,0.021,0.387,0.272
"Kininogen-1",0,0.037,0.364,0.078,0.055,0.116,0.019,0.097,0.208,0.016,0.242
"Acetyl-coenzyme A transporter 1",0.187,0.22,0.217,0.07,0.348,0.457,0.211,0.356,0.387,0.422,0.218
"Fibroblast growth factor receptor 1",0.032,0.077,0.294,0.507,0.369,0.199,0.431,0.419,0.227,0.044,0.337
"PI4-kinase alpha subunit",0.007,0.014,0.322,0.508,0.072,0.448,0.167,0.378,0.223,0.001,0.276
"Arachidonate 12-lipoxygenase",0.148,0.167,0.253,0.358,0.164,0.19,0.075,0.048,0.276,0.05,0.09
"Autotaxin",0.097,0.085,0.367,0.137,0.525,0.212,0.052,0.316,0.314,0.042,0.227
"ADAM17",0.107,0.289,0.364,0.159,0.08,0.418,0.371,0.396,0.114,0.436,0.278
"Prostanoid EP3 receptor",0,0,0.501,0.019,0.443,0.31,0.05,0.23,0.159,0,0.025
"Hepatocyte growth factor receptor",0.053,0.106,0.253,0.009,0.367,0.131,0.137,0.186,0.022,0.211,0.101
"Carbonic anhydrase IV",0.142,0.352,0.011,0.477,0.084,0.195,0.475,0.014,0.054,0.508,0.411
"11-beta-hydroxysteroid dehydrogenase 2",0.189,0.454,0.114,0.214,0.211,0.395,0.213,0.044,0.33,0.149,0.126
"Histamine H4 receptor",0.445,0.278,0.012,0.096,0.013,0.416,0.324,0.06,0.017,0.049,0.025
"Beta-glucosidase",0,0.031,0.236,0.024,0.052,0.38,0.051,0.061,0.227,0.017,0.189
"Urotensin II receptor",0.002,0.185,0.295,0.305,0.058,0.373,0.01,0.102,0.351,0.018,0.43
"Metabotropic glutamate receptor 1",0.168,0.121,0.182,0.193,0.003,0.327,0.423,0.258,0.023,0.45,0.075
"Dual specificity phosphatase Cdc25A",0.002,0.194,0.467,0.246,0.443,0.318,0.013,0.042,0.373,0.005,0.366
"Caspase-8",0.183,0.272,0.105,0.205,0.079,0.331,0.195,0.05,0.381,0.283,0.455
"Interleukin-1 receptor-associated kinase 4",0.248,0.373,0.399,0.165,0.438,0.156,0.255,0.267,0.205,0.002,0.124
"Histone acetyltransferase p300",0.341,0.229,0.376,0.036,0.164,0.003,0.047,0.258,0.47,0.266,0.005
"Hydroxycarboxylic acid receptor 2",0.154,0.011,0.044,0.218,0.253,0.436,0.384,0,0.28,0.009,0.108
"Serine/threonine-protein kinase PLK4",0.307,0.141,0.079,0.421,0.355,0.029,0.571,0.114,0.361,0.586,0.009
"Melanocortin receptor 1",0.168,0.184,0.071,0.299,0.363,0.104,0.436,0.132,0.255,0.012,0.317
"Calcitonin gene-related peptide type 1 receptor",0.279,0.239,0.086,0.191,0.132,0.132,0.316,0.02,0.105,0.143,0.08
"T-cell protein-tyrosine phosphatase",0.144,0.062,0.119,0.158,0.078,0.192,0.184,0.018,0.181,0.084,0.361
"Cytosolic phospholipase A2",0.298,0.054,0.289,0.013,0.146,0.48,0.266,0.042,0.188,0.303,0.205
"Hexokinase type IV",0.231,0.128,0.391,0.44,0.059,0.158,0.195,0.052,0.44,0.406,0.258
"Serine/threonine-protein kinase NEK2",0.422,0.124,0.162,0.161,0.032,0.445,0.419,0.145,0.421,0.47,0.493
"LIM domain kinase 1",0.428,0.317,0.23,0.044,0.259,0.157,0.456,0.214,0.104,0.005,0.454
"Cathepsin L",0.459,0.359,0.284,0.004,0.075,0.504,0.047,0.103,0.253,0,0.008
"Protein kinase C mu",0.072,0.293,0.214,0.263,0.074,0.393,0.005,0,0.141,0.459,0.296
"Protein-tyrosine phosphatase 2C",0.437,0.399,0.318,0.135,0.4,0.37,0.208,0.077,0.135,0.128,0.055
"Matrix metalloproteinase 14",0.168,0.098,0.316,0.208,0.353,0.303,0.22,0.278,0.022,0.004,0.066
"Heat shock protein HSP 90-alpha",0.045,0.02,0.268,0.318,0.207,0.454,0.186,0.289,0.273,0.061,0.291
"Sodium/glucose cotransporter 2",0.081,0.116,0.578,0.214,0.014,0.225,0.498,0.294,0.274,0.152,0.249
"Calpain 1",0.104,0.25,0.267,0.045,0.031,0.151,0.114,0.506,0.345,0.008,0.045
"Sphingosine 1-phosphate receptor Edg-3",0.169,0.372,0.478,0.49,0.278,0.028,0.209,0.324,0.174,0.363,0.45
"Bone morphogenetic protein 1",0.444,0.104,0.125,0.108,0.12,0.418,0.233,0.105,0.314,0.164,0.382
"Glutathione S-transferase Pi",0.07,0.349,0.13,0.145,0.092,0.103,0.277,0.129,0.199,0.101,0.115
"Tyrosine-protein kinase Lyn",0.09,0.037,0.149,0.165,0.514,0.026,0.186,0.444,0.173,0.147,0.29
"Ribosomal protein S6 kinase alpha 2",0.005,0.431,0.339,0.033,0.005,0.034,0.016,0.452,0.102,0.213,0.144
"Carbonic anhydrase XIII",0.427,0.057,0.424,0.222,0.062,0.149,0.082,0.174,0.164,0.229,0.474
"Complement C1s",0.034,0.106,0.024,0.025,0.009,0.306,0.448,0.007,0.344,0.074,0.005
"Protein kinase C theta",0,0.318,0.213,0.061,0.119,0.17,0.146,0.151,0.397,0.067,0.027
"Heparanase",0.1,0.043,0.05,0.242,0.099,0.306,0.477,0.045,0.077,0.487,0.198
"Methionine aminopeptidase 2",0.41,0.072,0.127,0.24,0.02,0.202,0.167,0.444,0.09,0.022,0.454
"Serine/threonine-protein kinase Aurora-C",0.003,0.073,0.022,0.039,0.199,0.106,0.029,0,0.04,0.363,0.006
"Quinone reductase 2",0.001,0.494,0.351,0.018,0.425,0.032,0.007,0.249,0.009,0.026,0.002
"MAP kinase p38 beta",0.088,0.38,0.502,0.044,0.223,0.07,0.08,0.113,0.003,0.355,0.154
"Carbonic anhydrase VB",0.114,0.252,0.34,0.206,0.169,0.5,0.282,0.418,0.025,0.218,0.394
"GAR transformylase",0.029,0.371,0.367,0.081,0.394,0.521,0.256,0.355,0.127,0.287,0.158
"Proteinase-activated receptor 1",0.424,0.202,0.193,0.07,0.131,0.251,0.48,0.045,0.135,0.208,0.334
"Fructose-1,6-bisphosphatase",0.109,0.223,0.413,0.024,0.17,0.41,0.2,0.349,0.123,0.28,0.36
"Dipeptidyl peptidase II",0.363,0.423,0.501,0.17,0.009,0.355,0.168,0.172,0.047,0.172,0.105
"Peroxisome proliferator-activated receptor delta",0,0.098,0.311,0.028,0.026,0.284,0.024,0.014,0.003,0.001,0.3
"Serine/threonine-protein kinase 10",0.503,0.166,0.268,0.253,0.399,0.067,0.053,0.053,0.108,0.006,0.081
"Dual specificity protein kinase TTK",0.003,0.525,0.389,0.578,0.476,0.061,0.003,0.063,0.02,0.147,0.058
"Coagulation factor VII",0.058,0.115,0.336,0.015,0.067,0.065,0.361,0.201,0.159,0.003,0.307
"PI3-kinase p110-alpha subunit",0.003,0.415,0.334,0.356,0.031,0.041,0.027,0.068,0.342,0.049,0.039
"Tyrosine-protein kinase ABL2",0.362,0.345,0.389,0.118,0.124,0.513,0.513,0.096,0.143,0.449,0.047
"C-C chemokine receptor type 2",0.46,0.478,0.063,0.094,0.394,0.202,0.466,0.082,0.434,0.027,0.115
"Glutamate receptor ionotropic, AMPA 2",0,0.006,0.147,0.069,0.126,0.182,0.056,0.011,0.413,0,0.154
"Neuropeptide Y receptor type 2",0,0.145,0.393,0.003,0.281,0.003,0.03,0.184,0.002,0.002,0.004
"HMG-CoA reductase",0.044,0.283,0.049,0.086,0.509,0.237,0.449,0.102,0.064,0.372,0.077
"Signal transducer and activator of transcription 3",0.121,0.35,0.231,0.356,0.039,0.417,0.013,0.055,0.066,0.238,0.478
"Interleukin-8 receptor A",0.241,0.021,0.507,0.46,0.292,0.088,0.342,0.036,0.068,0.435,0.003
"Cyclin-dependent kinase 5",0.054,0.433,0.07,0.117,0.059,0.346,0.129,0.376,0.238,0.215,0.206
"MAP kinase ERK2",0.001,0.405,0.6,0.007,0.002,0.078,0.265,0.393,0.134,0.062,0.112
"Cystic fibrosis transmembrane conductance regulator",0.451,0.458,0.11,0.006,0.099,0.215,0.376,0.366,0.267,0.343,0.483
"Chymase",0.285,0.033,0.406,0.193,0.173,0.136,0.257,0.531,0.211,0.163,0.358
"Casein kinase II alpha (prime)",0.3,0.252,0.497,0.24,0.034,0.334,0.327,0.238,0.342,0.052,0.402
"Cathepsin B",0.146,0.078,0.079,0.306,0.419,0.131,0.391,0.072,0.148,0.339,0.209
"Matrix metalloproteinase 7",0.143,0.062,0.002,0.003,0.474,0.41,0.312,0.064,0.521,0.002,0.031
"Bombesin receptor subtype-3",0.416,0.482,0.158,0.256,0.329,0.054,0.122,0.011,0.003,0.16,0.486
"LXR-beta",0.022,0.06,0.167,0.271,0.028,0.458,0.086,0.073,0.113,0.011,0.027
"Neurotensin receptor 1",0.124,0.245,0.344,0.091,0.02,0.183,0.128,0.113,0.223,0.217,0.173
"Tyrosine-protein kinase TIE-2",0.28,0.201,0.196,0.346,0.013,0.448,0.376,0.01,0.206,0.055,0.468
"Fibroblast growth factor receptor 2",0.03,0.282,0.362,0.008,0.021,0.369,0.205,0.455,0.103,0.19,0.008
"Histone deacetylase 9",0.18,0.483,0.419,0.146,0.062,0.384,0.411,0.312,0.179,0.028,0.189
"Fatty acid synthase",0.017,0.122,0.064,0.004,0.064,0.416,0.114,0.373,0.196,0.103,0.006
"c-Jun N-terminal kinase 2",0.519,0.459,0.316,0.043,0.006,0.179,0.107,0.112,0.017,0.008,0.02
"Sodium channel protein type II alpha subunit",0.037,0.05,0.42,0.099,0.195,0.392,0.507,0.413,0.089,0.015,0.004
"Monoglyceride lipase",0.293,0.224,0.087,0.006,0.011,0.065,0.098,0.096,0.602,0.518,0.13
"Inhibitor of apoptosis protein 3",0.226,0.403,0.055,0.103,0.417,0.284,0.019,0.147,0.077,0.254,0.101
"Serine/threonine-protein kinase 2",0.284,0.255,0.093,0.219,0.467,0.186,0.403,0.442,0.16,0.156,0.213
"Dual specificity protein kinase CLK4",0.003,0.023,0.307,0.307,0.01,0.447,0.288,0.159,0.013,0.283,0.245
"MAP kinase signal-integrating kinase 2",0.016,0.378,0.418,0.251,0.272,0.403,0.132,0.095,0.032,0.076,0.374
"Proteasome component C5",0.516,0.02,0.176,0.142,0.459,0.237,0.336,0.42,0.432,0.006,0.224
"Tyrosine-protein kinase FRK",0,0.39,0.179,0.149,0.34,0.125,0.001,0.094,0.04,0,0.129
"Dual specificty protein kinase CLK1",0.018,0.17,0.286,0.433,0.386,0.081,0.011,0.35,0.069,0.269,0.351
"Dual specificity protein kinase CLK2",0.007,0.406,0.332,0.162,0.351,0.126,0.152,0.404,0.136,0.173,0.059
"Lipoxin A4 receptor",0.366,0.393,0.136,0.233,0.428,0.503,0.393,0.243,0.01,0.025,0.394
"Estradiol 17-beta-dehydrogenase 3",0.413,0.35,0.498,0.181,0.327,0.552,0.367,0.409,0.252,0.381,0.186
"11-beta-hydroxysteroid dehydrogenase 1",0.017,0.152,0.067,0.041,0.186,0.408,0.485,0.114,0.205,0.355,0.136
"Ribosomal protein S6 kinase alpha 5",0.079,0.445,0.009,0.309,0.173,0.322,0.502,0.009,0.141,0.036,0.168
"ALK tyrosine kinase receptor",0.028,0.191,0.398,0.191,0.301,0.2,0.342,0.484,0.349,0.022,0.003
"Hypoxia-inducible factor 1 alpha",0.057,0.272,0.051,0.48,0.459,0.322,0.364,0.274,0.413,0.129,0.244
"TGF-beta receptor type II",0.046,0.339,0.244,0.105,0.065,0.385,0.432,0.175,0.149,0.03,0.403
"Serine/threonine-protein kinase AKT",0,0.297,0.187,0.057,0.381,0.253,0.181,0.025,0.341,0.023,0.316
"Sodium channel protein type IX alpha subunit",0.042,0.012,0.015,0.433,0.35,0.175,0.153,0.011,0.227,0.228,0.017
"P-glycoprotein 1",0.084,0.047,0.372,0.147,0.379,0.527,0.534,0.461,0.303,0.003,0.007
"Heat shock protein HSP 90-beta",0.175,0.316,0.214,0.54,0.116,0.352,0.447,0.367,0.006,0.007,0.251
"Calcium-activated potassium channel subunit alpha-1",0.116,0.182,0.4,0.422,0.203,0.325,0.192,0.028,0.126,0.492,0.029
"Intermediate conductance calcium-activated potassium channel protein 4",0,0.531,0.379,0.042,0.079,0.166,0.153,0.4,0.036,0.189,0.155
"Voltage-gated potassium channel subunit Kv1.5",0.521,0.518,0.277,0.026,0.147,0.345,0.426,0.265,0.31,0.066,0.242
"Bradykinin B1 receptor",0.124,0.055,0.088,0.061,0.232,0.274,0.306,0.039,0.161,0.29,0.437
"Purinergic receptor P2Y1",0.02,0.166,0.372,0.159,0.442,0.106,0.104,0.061,0.231,0,0.304
"Sphingosine 1-phosphate receptor Edg-1",0.064,0.27,0.495,0.143,0.31,0.446,0.107,0.085,0.186,0.037,0.2
"Purine nucleoside phosphorylase",0.001,0.092,0.154,0.001,0.227,0.301,0.135,0.45,0.058,0.094,0.011
"Serine/threonine-protein kinase GAK",0.149,0.346,0.13,0.325,0.144,0.339,0.431,0.313,0.15,0.023,0.252
"Induced myeloid leukemia cell differentiation protein Mcl-1",0.022,0.176,0.154,0.088,0.403,0.321,0.45,0.05,0.38,0.159,0.011
"Dual-specificity tyrosine-phosphorylation regulated kinase 2",0.066,0.016,0.462,0.368,0.055,0.249,0.041,0.36,0.101,0.014,0.174
"Gastric inhibitory polypeptide receptor",0.113,0.434,0.435,0.551,0.555,0.286,0.068,0.091,0.162,0.378,0.474
"Matrix metalloproteinase 12",0.298,0.172,0.204,0.146,0.057,0.188,0.399,0.277,0.203,0.157,0.081
"Sphingosine kinase 1",0.027,0.003,0.094,0.426,0.045,0.044,0.192,0.028,0.294,0.019,0.182
"Phosphodiesterase 8B",0,0.002,0.314,0.347,0.515,0.547,0.228,0.043,0.342,0.188,0.03
"Phosphodiesterase 10A",0.268,0.459,0.495,0.555,0.455,0.515,0.299,0.35,0.041,0.442,0.221
"Free fatty acid receptor 1",0.026,0.008,0.224,0.106,0.45,0.28,0.175,0.062,0.229,0.075,0.007
"Prostanoid DP receptor",0,0.17,0.35,0,0.409,0.224,0.231,0.063,0.002,0.494,0.003
"Neurokinin 3 receptor",0.413,0.035,0.093,0.127,0.206,0.173,0.474,0.328,0.092,0.195,0.391
"TGF-beta receptor type I",0.055,0.07,0.152,0.013,0.339,0.263,0.476,0.029,0.026,0.027,0.093
"C-X-C chemokine receptor type 3",0.122,0.072,0.28,0.134,0.29,0.397,0.542,0.046,0.168,0.001,0.43
"Vitamin K-dependent protein C",0.178,0.074,0.484,0.192,0.129,0.391,0.323,0.015,0.342,0.41,0.08
"Tyrosine-protein kinase FGR",0.084,0.004,0.211,0.358,0.108,0.43,0.516,0.063,0.026,0,0.481
"NAD-dependent deacetylase sirtuin 3",0.022,0.028,0.459,0.293,0.403,0.116,0.062,0.057,0.189,0.178,0.055
"NAD-dependent deacetylase sirtuin 2",0.05,0.447,0.341,0.163,0.152,0.015,0.231,0.358,0,0.174,0.048
"Acyl coenzyme A:cholesterol acyltransferase 2",0.431,0.297,0.146,0.078,0.304,0.502,0.148,0.45,0.071,0.496,0.259
"Voltage-gated N-type calcium channel alpha-1B subunit",0.047,0.203,0.246,0.032,0.03,0.159,0.394,0.003,0.01,0.021,0.378
"Nitric oxide synthase, inducible",0.01,0.077,0.345,0.496,0.42,0.311,0.052,0.297,0.412,0.148,0.484
"Serine/threonine-protein kinase PAK 4",0.131,0.063,0.208,0.133,0.109,0.276,0.359,0.032,0.154,0.019,0.475
"Ribosomal protein S6 kinase 1",0.009,0,0.234,0.121,0.235,0.039,0.271,0.216,0.33,0.019,0.389
"NAD-dependent deacetylase sirtuin 1",0.333,0.25,0.221,0.135,0.32,0.424,0.409,0.382,0.274,0.377,0.191
"Glutaminyl-peptide cyclotransferase",0.089,0.319,0.203,0.107,0.438,0.485,0.078,0.03,0.19,0.069,0.387
"Serine/threonine-protein kinase PIM2",0,0.492,0.4,0.181,0.261,0.228,0.073,0.385,0.007,0.152,0.068
"TRAF2- and NCK-interacting kinase",0.316,0.224,0.364,0.045,0.031,0.118,0.237,0.004,0.403,0.344,0.013
"Coagulation factor XIII",0.384,0.486,0.458,0.048,0.347,0.326,0.173,0.244,0.054,0.243,0.363
"5-lipoxygenase activating protein",0.16,0.133,0.368,0.008,0.478,0.322,0.102,0.053,0.057,0.03,0.047
"Neuropeptide Y receptor type 5",0.398,0.232,0.09,0.438,0.028,0.143,0.315,0.516,0.376,0.111,0.026
"Kinesin-like protein 1",0.019,0.187,0.073,0.225,0.124,0.356,0.008,0.244,0.304,0.257,0.022
"Matrix metalloproteinase 8",0.417,0.279,0.448,0.405,0.392,0.241,0.135,0.345,0.152,0.346,0.346
"C-C chemokine receptor type 8",0.382,0.443,0.519,0.027,0.152,0.172,0.017,0.453,0.092,0.063,0.18
"Tyrosine kinase non-receptor protein 2",0.029,0.284,0.092,0.423,0.014,0.129,0.055,0.046,0.164,0.409,0.4
"Serine/threonine-protein kinase PAK 1",0.104,0.277,0.468,0.099,0.019,0.507,0.035,0.026,0.183,0.05,0.517
"Tyrosine-protein kinase BRK",0.041,0.135,0.332,0.122,0.091,0.223,0.063,0.316,0.172,0.167,0.002
"Melanocortin receptor 5",0,0.073,0.509,0.368,0.145,0.245,0.04,0.189,0.031,0.227,0.258
"Ghrelin receptor",0,0.008,0.318,0.234,0.169,0.21,0.154,0.014,0.177,0.237,0.003
"Phenylethanolamine N-methyltransferase",0.003,0.355,0.471,0.268,0.025,0.198,0.097,0.002,0.223,0.129,0.118
"Leukotriene A4 hydrolase",0.455,0.024,0.175,0.009,0.111,0.277,0.285,0.134,0.018,0.03,0.383
"Apoptosis regulator Bcl-X",0.242,0.266,0.439,0.235,0.498,0.109,0.492,0.283,0.394,0.112,0.111
"Serine/threonine-protein kinase Chk1",0.005,0.005,0.264,0.381,0.135,0.16,0.145,0.549,0.097,0.015,0.575
"Voltage-gated potassium channel subunit Kv1.3",0.327,0.029,0.105,0.032,0.149,0.457,0.209,0.149,0.236,0.488,0.257
"Voltage-gated T-type calcium channel alpha-1G subunit",0.011,0.111,0.298,0.3,0.028,0.277,0.324,0.097,0.46,0.015,0.496
"Melanocortin receptor 3",0.001,0.019,0.14,0.068,0.363,0.472,0.188,0.281,0.176,0,0.23
"Dipeptidyl peptidase VIII",0.443,0.38,0.098,0.336,0.051,0.124,0.314,0.086,0.276,0.341,0.408
"Lymphocyte differentiation antigen CD38",0.209,0.232,0.344,0.003,0.024,0.062,0.303,0.347,0.118,0.072,0.033
"Proteasome Macropain subunit MB1",0.187,0.52,0.171,0.462,0.319,0.191,0.238,0.224,0.16,0.225,0.478
"Apoptosis regulator Bcl-W",0.431,0.155,0.295,0.223,0.16,0.175,0.235,0.378,0.203,0.014,0.1
"Aldo-keto-reductase family 1 member C3",0.022,0.331,0.41,0.378,0.178,0.232,0.083,0.108,0.032,0.464,0.082
"Fibroblast activation protein alpha",0.029,0.371,0.274,0.128,0.222,0.257,0.253,0.253,0.144,0.025,0.034
"Indoleamine 2,3-dioxygenase",0.596,0.342,0.258,0.223,0.226,0.057,0.277,0.224,0.213,0.033,0.146
"Malonyl-CoA decarboxylase",0.037,0.122,0.137,0.196,0,0.138,0.164,0,0.221,0.425,0.157
"Isoprenylcysteine carboxyl methyltransferase",0.434,0.217,0.055,0.034,0.234,0.297,0.331,0.012,0.384,0.471,0.289
"Serine/threonine-protein kinase Aurora-A",0.007,0.214,0.365,0.011,0.302,0.052,0.37,0.099,0.016,0.054,0.083
"C3a anaphylatoxin chemotactic receptor",0.118,0.038,0.261,0.182,0.191,0.5,0.423,0.166,0.263,0.317,0.541
"Vesicular acetylcholine transporter",0,0.241,0.228,0.052,0.131,0.034,0.017,0.289,0.002,0.12,0.167
"Geranylgeranyl pyrophosphate synthetase",0,0.371,0.373,0.001,0.124,0.177,0.053,0.006,0.019,0.006,0.131
"Neuropeptide Y receptor type 1",0.424,0.075,0.032,0.068,0.079,0.119,0.492,0.034,0.264,0.064,0.449
"Carbonic anhydrase VA",0.127,0.023,0.495,0.082,0.298,0.235,0.208,0.038,0.024,0.006,0.451
"Endothelin-converting enzyme 1",0,0.078,0.045,0.317,0.02,0.128,0.019,0.093,0.048,0.005,0.303
"Orexin receptor 2",0.017,0.332,0.428,0.02,0.247,0.099,0.339,0.098,0.062,0.191,0.007
"Dipeptidyl peptidase IX",0.011,0.367,0.195,0.011,0.406,0.271,0.433,0.127,0.01,0.146,0.025
"Vanilloid receptor",0.134,0.176,0.332,0.371,0.302,0.178,0.444,0.095,0.108,0.165,0.047
"Caspase-1",0,0.001,0.02,0.382,0.173,0.096,0.041,0,0.26,0,0.232
"Nitric-oxide synthase, endothelial",0.526,0.018,0.205,0.118,0.172,0.019,0.413,0.411,0.153,0.054,0.015
"Dual specificity phosphatase Cdc25B",0.172,0.221,0.153,0.147,0.303,0.314,0.37,0.279,0.274,0.422,0.507
"P2X purinoceptor 7",0.002,0.001,0.578,0.212,0.241,0.295,0.133,0.15,0.373,0.111,0
"Serine/threonine-protein kinase AKT3",0.045,0.063,0.047,0.006,0.44,0.509,0.256,0.312,0.011,0.164,0.249
"Beta-secretase 1",0.437,0.237,0.333,0.473,0.005,0.176,0.054,0.191,0.412,0.145,0.082
"Acetyl-CoA carboxylase 2",0,0.237,0.191,0,0.009,0.04,0.006,0.241,0.008,0.018,0.037
"L-lactate dehydrogenase A chain",0.098,0.104,0.084,0.022,0.135,0.122,0.033,0.273,0.378,0.358,0.002
"C-X3-C chemokine receptor 1",0.024,0.191,0.214,0.011,0.011,0.044,0.243,0.105,0.091,0.246,0.151
"Eukaryotic translation initation factor",0.429,0.009,0.083,0.208,0.402,0.449,0.246,0.019,0.335,0.094,0.304
"Apoptosis regulator Bcl-2",0.001,0.004,0.516,0.195,0.344,0.017,0,0,0.032,0,0.354
"Cytochrome P450 1B1",0.012,0.36,0.371,0.059,0.211,0.415,0.35,0.355,0.205,0.2,0.16
"Tyrosine-protein kinase receptor UFO",0.001,0.047,0.038,0.004,0.148,0.406,0.005,0.017,0.049,0.02,0.221
"Neurotrophic tyrosine kinase receptor type 2",0.029,0.335,0.056,0.474,0.071,0.12,0.359,0.46,0.261,0.012,0.246
"Mitogen-activated protein kinase kinase kinase 8",0.018,0.018,0.046,0.377,0.04,0.131,0.298,0.027,0.166,0.02,0.396
"Low molecular weight phosphotyrosine protein phosphatase",0.01,0.165,0.423,0.372,0.139,0.382,0.279,0.276,0.019,0.205,0.347
"Casein kinase I epsilon",0,0.32,0.38,0.26,0.446,0.086,0.011,0.063,0.011,0.055,0.25
"L-lactate dehydrogenase B chain",0.12,0.33,0.143,0.015,0.078,0.148,0.32,0.007,0.503,0.085,0.022
"S-methyl-5-thioadenosine phosphorylase",0.037,0.015,0.221,0.279,0.376,0.452,0.358,0.453,0.122,0.009,0.215
"Proto-oncogene c-JUN",0.237,0.04,0.227,0.315,0.116,0.039,0.048,0.198,0.305,0.066,0.421
"Sodium/glucose cotransporter 1",0.292,0.476,0.166,0.238,0.035,0.354,0.427,0.388,0.021,0.085,0.285
"Transketolase",0.187,0.121,0.478,0.004,0.023,0.249,0.488,0.234,0.389,0.208,0.104
"Serine/threonine-protein kinase RIPK2",0.212,0.569,0.181,0.029,0.004,0.287,0.045,0.276,0.114,0.053,0.148
"p53-binding protein Mdm-2",0.391,0.413,0.247,0.287,0.016,0.382,0.453,0.378,0.075,0.185,0.374
"Serine-protein kinase ATR",0.034,0.308,0.222,0.053,0.007,0.072,0.048,0.364,0.366,0.015,0.4
"ADAM10",0.381,0.161,0.088,0.151,0.47,0.471,0.121,0.032,0.419,0.093,0.332
"Endoplasmic reticulum aminopeptidase 2",0.239,0.106,0.499,0.294,0.348,0.022,0.103,0.349,0.104,0.128,0.223
"G protein-coupled receptor 44",0.307,0.007,0.124,0.004,0.052,0.208,0.359,0.058,0.044,0.005,0.051
"Endothelial lipase",0,0.446,0.473,0.094,0.468,0.304,0.009,0.128,0.023,0.401,0.149
"Histone deacetylase 10",0.004,0.002,0.372,0.348,0.22,0.137,0.266,0.202,0.396,0.058,0.522
"GABA receptor alpha-5 subunit",0.046,0.308,0.416,0.161,0.054,0.458,0.551,0.023,0.486,0.039,0.142
"Orexin receptor 1",0.005,0.237,0.136,0.125,0.034,0.244,0.077,0.031,0.272,0.012,0.21
"Discoidin domain-containing receptor 2",0.25,0.283,0.007,0.015,0.075,0.073,0.253,0.002,0.362,0.119,0.03
"Metabotropic glutamate receptor 2",0.06,0.285,0.217,0.011,0.023,0.3,0.034,0.011,0.433,0.419,0.178
"Cytochrome P450 26A1",0.23,0.13,0.321,0.093,0.067,0.158,0.364,0.008,0.263,0.165,0.499
"Serine/threonine-protein kinase B-raf",0.002,0.02,0.44,0.058,0.264,0.044,0.174,0.135,0.076,0.16,0.014
"Ephrin type-B receptor 4",0.42,0.093,0.366,0.157,0.048,0.06,0.376,0.439,0.371,0.125,0.314
"Neuropilin-1",0.011,0.011,0.365,0.005,0.029,0.06,0,0.136,0.141,0.029,0.139
"dUTP pyrophosphatase",0.016,0.169,0.373,0.003,0.013,0.43,0.191,0.273,0.447,0.098,0.337
"Serine/threonine-protein kinase ILK-1",0.401,0.329,0.199,0.024,0.128,0.161,0.24,0.013,0.452,0.127,0.102
"Tyrosine-protein kinase BTK",0.006,0.173,0.52,0.004,0.07,0.362,0.287,0.04,0.225,0.185,0.165
"Serine/threonine-protein kinase TNNI3K",0.157,0.217,0.36,0.323,0.223,0.17,0.106,0.525,0.266,0.295,0.395
"Cytochrome P450 2A6",0.053,0.182,0.29,0.026,0.062,0.366,0.374,0.035,0.2,0.069,0.093
"Mitogen-activated protein kinase kinase kinase 5",0.037,0.236,0.339,0,0.412,0.168,0.118,0.249,0.118,0.415,0.004
"Tyrosine-protein kinase receptor TYRO3",0.001,0.454,0.321,0.178,0.018,0.144,0.399,0.447,0.336,0.349,0.272
"Epithelial discoidin domain-containing receptor 1",0.071,0.255,0.398,0.43,0.22,0.14,0.393,0.011,0.347,0.073,0.057
"Proto-oncogene tyrosine-protein kinase MER",0.024,0.382,0.23,0.007,0.149,0.008,0.402,0.441,0.203,0.028,0.113
"Baculoviral IAP repeat-containing protein 3",0.014,0.079,0.143,0.011,0.343,0.318,0.212,0.02,0.382,0.009,0.268
"Poly [ADP-ribose] polymerase 2",0.061,0.249,0.257,0.435,0.409,0.049,0.39,0.061,0.019,0.472,0.045
"P-selectin",0.457,0.342,0.451,0.336,0.033,0.155,0.206,0.173,0.107,0.392,0.212
"ATP-binding cassette sub-family G member 2",0.014,0.048,0.323,0.305,0.113,0.268,0.357,0.016,0.043,0.001,0.477
"Pituitary adenylate cyclase-activating polypeptide type I receptor",0.118,0.304,0.452,0.178,0.066,0.079,0.189,0.089,0.144,0.151,0.364
"Serine/threonine-protein kinase PIM3",0.156,0.176,0.018,0.048,0.001,0.139,0.137,0.264,0.005,0.308,0.371
"G-protein coupled bile acid receptor 1",0.415,0.016,0.128,0.16,0.021,0.281,0.359,0.124,0.416,0.191,0.4
"Metastin receptor",0,0,0.015,0.058,0.006,0.146,0.132,0.114,0.496,0.053,0.018
"Cell division cycle 7-related protein kinase",0.315,0.444,0.291,0.351,0.404,0.407,0.518,0.349,0.028,0.13,0.212
"Sodium channel protein type X alpha subunit",0.008,0.087,0.393,0.462,0.054,0.182,0.073,0.003,0.021,0.24,0.026
"Baculoviral IAP repeat-containing protein 2",0.432,0.133,0.23,0.367,0.338,0.018,0.296,0.035,0.024,0.316,0.291
"Receptor-interacting serine/threonine-protein kinase 1",0.047,0.044,0.387,0.169,0.019,0.064,0.214,0.094,0.267,0.01,0.278
"Protein tyrosine kinase 2 beta",0.065,0.292,0.201,0.004,0.007,0.008,0.306,0.193,0.062,0.356,0.023
"Perforin-1",0.024,0.32,0.196,0.017,0.286,0.154,0.093,0.234,0.378,0.067,0.418
"D-amino-acid oxidase",0.173,0.48,0.449,0.22,0.014,0.407,0.199,0.296,0.029,0.225,0.456
"Serine/threonine-protein kinase WEE1",0,0.003,0.196,0.407,0.474,0.209,0.471,0.327,0.104,0.003,0.46
"Histone acetyltransferase PCAF",0.002,0.001,0.037,0.176,0.01,0.115,0.032,0,0.024,0,0.529
"Secreted frizzled-related protein 1",0.085,0.495,0.16,0.338,0.454,0.318,0.223,0.25,0.354,0.313,0.178
"Transient receptor potential cation channel subfamily V member 3",0.176,0.202,0.381,0.312,0.141,0.073,0.211,0.1,0.205,0.016,0.327
"Protein-arginine N-methyltransferase 1",0.092,0.221,0.116,0.48,0.298,0.401,0.43,0.022,0.343,0.174,0.295
"Nuclear factor NF-kappa-B p65 subunit",0.006,0.124,0.443,0.187,0.286,0.189,0.497,0.238,0.082,0.313,0.061
"Dual specificity tyrosine-phosphorylation-regulated kinase 1B",0.414,0.086,0.472,0.481,0.057,0.462,0.295,0.001,0.471,0.181,0.012
"Acyl-CoA desaturase",0.409,0.311,0.335,0.326,0.514,0.404,0.285,0.304,0.417,0.448,0.205
"Proto-oncogene tyrosine-protein kinase ROS",0.351,0.206,0.342,0.368,0.192,0.218,0.394,0.354,0.168,0.024,0.385
"Lysyl-tRNA synthetase",0.219,0.173,0.059,0.159,0.064,0.486,0.5,0.083,0.13,0.172,0.003
"DNA-(apurinic or apyrimidinic site) lyase",0.002,0.001,0.428,0.337,0.42,0.092,0.004,0.161,0.153,0.105,0.124
"Glucose-dependent insulinotropic receptor",0.003,0.327,0.028,0.339,0,0.575,0.1,0.21,0,0.035,0.35
"Prostaglandin E synthase",0.01,0.514,0.376,0.001,0.142,0.098,0.18,0.306,0.292,0.063,0.058
"G protein-coupled receptor kinase 5",0.141,0.21,0.157,0.343,0.134,0.248,0.468,0.121,0.082,0.011,0.429
"Egl nine homolog 1",0.164,0.075,0.155,0.316,0.301,0.202,0.49,0.003,0.366,0.06,0.419
"Elongation of very long chain fatty acids protein 6",0.024,0.074,0.259,0.017,0.066,0.29,0.272,0.105,0.22,0.003,0.176
"Glucagon",0.118,0.168,0.074,0.166,0.092,0.001,0.037,0.27,0.006,0.014,0.057
"CREB-binding protein",0.027,0.234,0.113,0.031,0.092,0.097,0.112,0.403,0.464,0.335,0.124
"Mitogen-activated protein kinase kinase kinase 7",0.01,0.323,0.435,0.042,0.049,0.075,0.21,0.111,0.225,0.061,0.208
"Interferon-induced, double-stranded RNA-activated protein kinase",0.082,0.405,0.283,0.175,0.228,0.029,0.087,0.187,0.005,0.007,0.242
"Aldo-keto reductase family 1 member C2",0.005,0.134,0.204,0.019,0.026,0.438,0.063,0.135,0.498,0.223,0.023
"Trace amine-associated receptor 1",0.067,0.044,0.467,0.037,0.472,0.173,0.18,0.17,0.041,0.048,0.1
"Nuclear receptor ROR-alpha",0.206,0.185,0.331,0.048,0.322,0.129,0.423,0.488,0.06,0.408,0.091
"Heat shock factor protein 1",0.001,0.184,0.218,0,0.271,0.459,0.311,0.224,0.019,0.051,0.007
"Hematopoietic prostaglandin D synthase",0.324,0.227,0.08,0.241,0.332,0.486,0.168,0.041,0.459,0.493,0.182
"Aldo-keto reductase family 1 member C1",0.424,0.012,0.407,0.291,0.191,0.224,0.238,0.172,0.104,0.164,0.381
"Bifunctional protein NCOAT",0,0.519,0.151,0,0.014,0.035,0.298,0.012,0.086,0.283,0.028
"LIM domain kinase 2",0.126,0.248,0.137,0.097,0.051,0.354,0.163,0.009,0.148,0.074,0.029
"Serine/threonine-protein kinase PLK2",0.162,0.385,0.381,0.018,0.007,0.044,0.381,0.151,0.141,0.057,0.019
"Neuropeptide FF receptor 1",0.146,0.049,0.257,0.321,0.326,0.093,0.251,0.05,0.144,0.289,0.067
"Neuropeptide FF receptor 2",0.473,0.081,0.396,0.551,0.006,0.205,0.43,0.239,0.431,0.155,0.383
"IgG receptor FcRn large subunit p51",0.005,0.354,0.149,0.105,0.195,0.547,0.33,0.008,0.041,0.003,0.193
"Smoothened homolog",0.017,0.387,0.309,0.432,0.116,0.212,0.025,0.111,0.202,0.435,0.125
"Aldo-keto reductase family 1 member B10",0.134,0.381,0.394,0.123,0.263,0.191,0.413,0.203,0.145,0.472,0.188
"Serine/threonine-protein kinase 33",0.004,0.093,0.414,0.161,0.36,0.491,0.109,0.5,0.482,0.008,0.201
"Transient receptor potential cation channel subfamily A member 1",0.338,0.276,0.316,0.397,0.347,0.171,0.45,0.35,0.435,0.474,0.291
"Diacylglycerol O-acyltransferase 1",0.173,0.453,0.025,0.298,0.059,0.045,0.127,0.255,0.008,0.138,0.367
"Histone-lysine N-methyltransferase, H3 lysine-9 specific 3",0.375,0.12,0.309,0.176,0.107,0.232,0.4,0.31,0.174,0.018,0.126
"Lysine-specific histone demethylase 1",0.003,0.271,0.346,0.165,0.042,0.45,0.407,0.255,0.463,0.038,0.1
"Alpha-synuclein",0.194,0.457,0.249,0.314,0.249,0.487,0.414,0.002,0.132,0.327,0.252
"Tankyrase-2",0.347,0.459,0.432,0.449,0.263,0.379,0.112,0.425,0.318,0.003,0.059
"Tankyrase-1",0.073,0.419,0.193,0.179,0.003,0.314,0.394,0.083,0.089,0.037,0.308
"Mitogen-activated protein kinase kinase kinase kinase 4",0.273,0.233,0.508,0.352,0.267,0.085,0.208,0.081,0.104,0.025,0.164
"Lysine-specific demethylase 4C",0.132,0.362,0.189,0.118,0.438,0.169,0.429,0.011,0.236,0.147,0.049
