"","EGFR","Hypoxia","JAK.STAT","MAPK","NFkB","PI3K","TGFb","TNFa","Trail","VEGF","p53"
"Arginase-1",0.418,0.046,0.432,0.115,0.448,0.393,0.267,0.167,0.248,0.514,0.331
"Leucine-rich repeat serine/threonine-protein kinase 2",0.187,0.058,0.403,0.481,0.223,0.493,0.393,0.049,0.088,0.07,0.325
"Tyrosyl-DNA phosphodiesterase 1",0.495,0.137,0.244,0.224,0.406,0.281,0.52,0.187,0.29,0.173,0.323
"Transitional endoplasmic reticulum ATPase",0.405,0.141,0.155,0.435,0.067,0.386,0.337,0.075,0.272,0.17,0.133
"Glucokinase regulatory protein",0.296,0.083,0.142,0.43,0.088,0.01,0.02,0.163,0.069,0.172,0.207
"Pyruvate kinase isozymes M1/M2",0.132,0.054,0.36,0.363,0.089,0.036,0.083,0.232,0.165,0.387,0.334
"Transient receptor potential cation channel subfamily M member 8",0.332,0.316,0.43,0.479,0.053,0.377,0.486,0.139,0.038,0.249,0.112
"G-protein coupled receptor 55",0.516,0.327,0.387,0.333,0.147,0.141,0.235,0.045,0.449,0.191,0.357
"Endoplasmin",0.408,0.25,0.33,0.313,0.15,0.439,0.308,0.243,0.423,0.229,0.464
"Serine/threonine-protein kinase/endoribonuclease IRE1",0.48,0.022,0.108,0.115,0.098,0.044,0.119,0.041,0.134,0.012,0.349
"NADPH oxidase 4",0.333,0.2,0.276,0.129,0.01,0.257,0.157,0.012,0.197,0.435,0.042
"Ketohexokinase",0.356,0.225,0.355,0.241,0.324,0.292,0.093,0.072,0.44,0.522,0.049
"Lethal(3)malignant brain tumor-like protein 1",0.461,0.117,0.276,0.439,0.36,0.256,0.255,0.13,0.16,0.08,0.287
"Microtubule-associated protein tau",0.487,0.009,0.457,0.234,0.272,0.146,0.179,0.08,0.46,0.034,0.271
"15-hydroxyprostaglandin dehydrogenase [NAD+]",0.321,0.077,0.108,0.261,0.162,0.312,0.23,0.031,0.369,0.403,0.166
"G-protein coupled receptor 35",0.394,0.28,0.118,0.127,0.434,0.023,0.028,0.071,0.018,0.029,0.3
"ATP-sensitive inward rectifier potassium channel 1",0.125,0.025,0.174,0.12,0.28,0.331,0.193,0.011,0.01,0.185,0.291
"Neuropeptides B/W receptor type 1",0.397,0.037,0.44,0.47,0.402,0.087,0.153,0.173,0.379,0.322,0.28
"Nuclear receptor ROR-gamma",0.485,0.43,0.48,0.22,0.369,0.191,0.526,0.221,0.243,0.109,0.44
"DNA topoisomerase I",0.318,0.534,0.232,0.495,0.3,0.46,0.323,0.232,0.14,0.124,0.288
"Farnesyl diphosphate synthase",0.189,0.132,0.337,0.091,0.188,0.337,0.25,0.13,0.061,0.204,0.227
"Glucagon-like peptide 1 receptor",0.403,0.112,0.21,0.267,0.17,0.373,0.174,0.094,0.219,0.254,0.332
"Endothelin receptor ET-B",0.449,0.12,0.306,0.333,0.126,0.114,0.374,0.204,0.299,0.371,0.471
"Steroid 5-alpha-reductase 1",0.466,0.306,0.173,0.272,0.259,0.417,0.346,0.173,0.446,0.444,0.141
"Vasopressin V2 receptor",0.463,0.111,0.553,0.338,0.149,0.557,0.316,0.3,0.282,0.053,0.507
"Somatostatin receptor 5",0.348,0.377,0.509,0.406,0.39,0.166,0.118,0.094,0.097,0.428,0.442
"Histone-lysine N-methyltransferase, H3 lysine-79 specific",0.391,0.107,0.252,0.231,0.08,0.119,0.061,0.066,0.32,0.402,0.424
"Bromodomain-containing protein 3",0.525,0.101,0.164,0.343,0.023,0.029,0.089,0.236,0.379,0.273,0.102
"Cysteinyl leukotriene receptor 1",0.335,0.443,0.398,0.174,0.242,0.028,0.246,0.26,0.233,0.227,0.272
"Plasminogen",0.461,0.374,0.131,0.117,0.489,0.062,0.103,0.135,0.063,0.378,0.318
"Leukocyte adhesion glycoprotein LFA-1 alpha",0.438,0.259,0.288,0.452,0.345,0.399,0.488,0.209,0.264,0.187,0.146
"Somatostatin receptor 2",0.36,0.106,0.264,0.245,0.31,0.135,0.24,0.155,0.347,0.211,0.434
"Muscarinic acetylcholine receptor M4",0.245,0.012,0.461,0.378,0.185,0.118,0.269,0.101,0.117,0.014,0.161
"Inosine-5'-monophosphate dehydrogenase 1",0.473,0.061,0.451,0.255,0.127,0.304,0.202,0.13,0.094,0.233,0.437
"Receptor protein-tyrosine kinase erbB-2",0.394,0.318,0.319,0.39,0.116,0.156,0.118,0.277,0.35,0.452,0.236
"TNF-alpha",0.064,0.317,0.266,0.223,0.487,0.099,0.259,0.149,0.193,0.114,0.223
"Phosphodiesterase 5A",0.429,0.15,0.334,0.151,0.471,0.322,0.245,0.219,0.393,0.094,0.363
"Serotonin 2b (5-HT2b) receptor",0.127,0.338,0.187,0.271,0.154,0.233,0.18,0.371,0.53,0.487,0.215
"Thromboxane-A synthase",0.235,0.343,0.415,0.116,0.194,0.447,0.356,0.047,0.49,0.401,0.278
"Prostanoid EP4 receptor",0.255,0.123,0.483,0.341,0.39,0.131,0.096,0.199,0.225,0.011,0.397
"Dopamine D5 receptor",0.461,0.1,0.275,0.172,0.407,0.183,0.468,0.109,0.197,0.236,0.208
"Somatostatin receptor 4",0.324,0.061,0.297,0.273,0.389,0.327,0.395,0.183,0.062,0.343,0.431
"Gonadotropin-releasing hormone receptor",0.226,0.145,0.48,0.334,0.287,0.281,0.362,0.421,0.132,0.32,0.344
"4-hydroxyphenylpyruvate dioxygenase",0.546,0.463,0.058,0.466,0.408,0.216,0.38,0.225,0.114,0.405,0.226
"Tyrosine-protein kinase ABL",0.469,0.02,0.182,0.292,0.287,0.175,0.109,0.518,0.491,0.331,0.551
"Vascular endothelial growth factor receptor 1",0.219,0.331,0.415,0.378,0.083,0.171,0.364,0.199,0.5,0.457,0.473
"Tissue-type plasminogen activator",0.348,0.117,0.396,0.364,0.451,0.323,0.325,0.39,0.21,0.242,0.099
"Calcium sensing receptor",0.464,0.185,0.022,0.376,0.061,0.441,0.422,0.027,0.477,0.421,0.04
"Neuronal acetylcholine receptor protein alpha-4 subunit",0.131,0.358,0.098,0.456,0.382,0.182,0.403,0.046,0.324,0.122,0.049
"Potassium channel, inwardly rectifying, subfamily J, member 11",0.385,0.414,0.309,0.142,0.381,0.309,0.391,0.095,0.105,0.418,0.422
"Vasopressin V1a receptor",0.257,0.242,0.465,0.346,0.306,0.42,0.326,0.462,0.163,0.14,0.154
"Glutamate carboxypeptidase II",0.425,0.47,0.456,0.408,0.346,0.438,0.34,0.493,0.353,0.367,0.491
"Serotonin 1b (5-HT1b) receptor",0.295,0.142,0.434,0.242,0.249,0.337,0.528,0.204,0.569,0.042,0.424
"Serotonin 3a (5-HT3a) receptor",0.467,0.304,0.33,0.534,0.176,0.271,0.409,0.206,0.435,0.04,0.302
"Aldose reductase",0.361,0.425,0.272,0.139,0.268,0.06,0.048,0.296,0.153,0.046,0.418
"Glutamate [NMDA] receptor subunit epsilon 2",0.293,0.482,0.298,0.48,0.325,0.154,0.217,0.449,0.056,0.475,0.334
"Serine/threonine-protein kinase RAF",0.283,0.238,0.238,0.149,0.372,0.013,0.068,0.398,0.085,0.32,0.432
"Aminopeptidase N",0.121,0.398,0.249,0.355,0.495,0.364,0.514,0.176,0.277,0.107,0.561
"Cytochrome P450 11B1",0.396,0.169,0.114,0.4,0.012,0.06,0.116,0.068,0.473,0.271,0.121
"Butyrylcholinesterase",0.353,0.398,0.434,0.233,0.17,0.215,0.108,0.276,0.204,0.151,0.129
"Alpha-2c adrenergic receptor",0.216,0.443,0.452,0.209,0.161,0.031,0.057,0.406,0.057,0.245,0.207
"Melatonin receptor 1A",0.393,0.48,0.464,0.095,0.36,0.105,0.082,0.258,0.191,0.082,0.083
"Melatonin receptor 1B",0.149,0.234,0.242,0.539,0.019,0.14,0.207,0.108,0.055,0.018,0.065
"Thyroid hormone receptor beta-1",0.191,0.242,0.251,0.234,0.425,0.115,0.079,0.118,0.11,0.376,0.252
"Cyclophilin A",0.427,0.405,0.301,0.513,0.031,0.096,0.242,0.211,0.303,0.236,0.337
"Thymidylate synthase",0.47,0.265,0.396,0.326,0.47,0.406,0.055,0.427,0.202,0.159,0.062
"Vascular endothelial growth factor receptor 3",0.419,0.182,0.331,0.38,0.413,0.074,0.187,0.414,0.174,0.053,0.501
"Insulin-like growth factor I receptor",0.235,0.251,0.097,0.132,0.023,0.015,0.081,0.006,0.341,0.156,0.101
"Epoxide hydrolase 1",0.229,0.184,0.081,0.209,0.32,0.165,0.215,0.119,0.151,0.511,0.277
"Tyrosine-protein kinase receptor FLT3",0.415,0.086,0.432,0.414,0.297,0.051,0.088,0.122,0.285,0.422,0.158
"Vitamin D receptor",0.18,0.156,0.514,0.461,0.19,0.398,0.399,0.393,0.311,0.429,0.18
"Cytochrome P450 19A1",0.295,0.46,0.19,0.494,0.356,0.185,0.416,0.288,0.244,0.369,0.241
"Insulin receptor",0.27,0.451,0.41,0.37,0.292,0.105,0.29,0.331,0.383,0.26,0.324
"Serotonin 1d (5-HT1d) receptor",0.115,0.11,0.363,0.296,0.257,0.022,0.09,0.211,0.3,0.016,0.494
"Inhibitor of nuclear factor kappa B kinase beta subunit",0.512,0.326,0.403,0.432,0.154,0.225,0.236,0.257,0.382,0.482,0.451
"Prostanoid IP receptor",0.268,0.405,0.452,0.237,0.078,0.346,0.438,0.109,0.123,0.416,0.14
"Equilibrative nucleoside transporter 1",0.491,0.479,0.369,0.302,0.052,0.397,0.239,0.464,0.02,0.155,0.121
"Purinergic receptor P2Y12",0.134,0.48,0.324,0.169,0.33,0.178,0.436,0.473,0.417,0.025,0.146
"Retinoic acid receptor gamma",0.332,0.02,0.086,0.059,0.011,0.001,0.011,0.056,0.133,0.287,0.058
"Platelet-derived growth factor receptor alpha",0.159,0.026,0.091,0.107,0.021,0.061,0.031,0.02,0.238,0.389,0.09
"Retinoic acid receptor beta",0.515,0.484,0.203,0.46,0.172,0.247,0.121,0.294,0.029,0.379,0.425
"Nociceptin receptor",0.17,0.217,0.466,0.465,0.046,0.114,0.143,0.276,0.008,0.164,0.095
"Dihydrofolate reductase",0.267,0.188,0.293,0.363,0.24,0.005,0.004,0.166,0.019,0.083,0.331
"Epidermal growth factor receptor erbB1",0.37,0.264,0.112,0.149,0.042,0.046,0.092,0.009,0.286,0.378,0.018
"Muscarinic acetylcholine receptor M5",0.126,0.253,0.123,0.528,0.409,0.018,0.274,0.266,0.512,0.122,0.287
"Peptidyl-prolyl cis-trans isomerase FKBP5",0.516,0.096,0.444,0.295,0.205,0.099,0.077,0.252,0.155,0.236,0.077
"Retinoic acid receptor alpha",0.425,0.078,0.448,0.409,0.068,0.285,0.471,0.098,0.072,0.125,0.354
"Estrogen receptor alpha",0.462,0.253,0.142,0.407,0.022,0.193,0.348,0.065,0.063,0.466,0.12
"Beta-2 adrenergic receptor",0.445,0.242,0.429,0.209,0.41,0.244,0.38,0.25,0.363,0.377,0.155
"Cyclin T1",0.251,0.077,0.253,0.108,0.36,0.168,0.353,0.12,0.069,0.286,0.392
"Muscarinic acetylcholine receptor M2",0.331,0.089,0.048,0.188,0.105,0.036,0.086,0.098,0.186,0.4,0.444
"Beta-1 adrenergic receptor",0.489,0.131,0.209,0.308,0.208,0.273,0.423,0.146,0.396,0.137,0.336
"Dopamine D2 receptor",0.459,0.383,0.372,0.447,0.446,0.211,0.237,0.354,0.212,0.432,0.452
"Beta-glucocerebrosidase",0.317,0.073,0.064,0.216,0.221,0.016,0.149,0.015,0.053,0.109,0.22
"Motilin receptor",0.324,0.184,0.189,0.115,0.531,0.032,0.113,0.143,0.131,0.125,0.258
"MAP kinase-activated protein kinase 2",0.336,0.43,0.165,0.395,0.35,0.015,0.217,0.52,0.218,0.233,0.071
"Cyclooxygenase-1",0.485,0.227,0.306,0.249,0.374,0.396,0.45,0.466,0.46,0.318,0.452
"Norepinephrine transporter",0.431,0.368,0.108,0.161,0.129,0.141,0.069,0.008,0.235,0.431,0.128
"Anandamide amidohydrolase",0.263,0.123,0.336,0.103,0.087,0.485,0.486,0.032,0.228,0.504,0.081
"Serotonin 2c (5-HT2c) receptor",0.459,0.129,0.463,0.336,0.119,0.392,0.362,0.296,0.106,0.3,0.522
"Dipeptidyl peptidase I",0.397,0.375,0.476,0.177,0.062,0.157,0.127,0.354,0.035,0.292,0.182
"Serotonin transporter",0.322,0.518,0.478,0.269,0.241,0.05,0.021,0.318,0.109,0.393,0.243
"Peroxisome proliferator-activated receptor alpha",0.375,0.166,0.231,0.106,0.42,0.12,0.147,0.082,0.038,0.444,0.402
"HERG",0.45,0.383,0.218,0.095,0.082,0.061,0.092,0.011,0.176,0.016,0.198
"Epoxide hydratase",0.46,0.111,0.38,0.315,0.181,0.216,0.246,0.193,0.163,0.048,0.232
"Phosphodiesterase 3A",0.251,0.516,0.408,0.153,0.289,0.062,0.304,0.165,0.183,0.426,0.225
"C-C chemokine receptor type 1",0.272,0.157,0.109,0.5,0.085,0.447,0.312,0.142,0.366,0.157,0.089
"C-C chemokine receptor type 4",0.131,0.206,0.236,0.105,0.211,0.314,0.424,0.036,0.249,0.109,0.015
"Estrogen receptor beta",0.345,0.231,0.204,0.163,0.015,0.129,0.188,0.342,0.086,0.4,0.037
"Glyoxalase I",0.311,0.184,0.454,0.321,0.187,0.258,0.126,0.394,0.488,0.28,0.095
"Myosin light chain kinase, smooth muscle",0.439,0.304,0.245,0.32,0.102,0.097,0.358,0.272,0.062,0.394,0.201
"Serine/threonine-protein kinase AKT2",0.378,0.017,0.187,0.356,0.087,0.023,0.105,0.265,0.233,0.377,0.429
"Interleukin-8 receptor B",0.46,0.16,0.347,0.432,0.419,0.05,0.158,0.19,0.088,0.327,0.179
"Myeloperoxidase",0.304,0.233,0.472,0.125,0.224,0.419,0.355,0.275,0.268,0.132,0.582
"Coagulation factor X",0.418,0.24,0.088,0.507,0.18,0.392,0.365,0.383,0.553,0.43,0.247
"Deoxycytidine kinase",0.193,0.342,0.098,0.413,0.213,0.239,0.181,0.265,0.027,0.121,0.381
"Muscarinic acetylcholine receptor M3",0.424,0.221,0.32,0.562,0.057,0.005,0.021,0.231,0.008,0.01,0.166
"Beta-3 adrenergic receptor",0.395,0.346,0.457,0.443,0.141,0.115,0.077,0.237,0.021,0.163,0.23
"Death-associated protein kinase 3",0.307,0.093,0.111,0.276,0.011,0.436,0.134,0.005,0.374,0.031,0.029
"Methionine aminopeptidase 1",0.283,0.21,0.494,0.278,0.172,0.29,0.42,0.304,0.183,0.343,0.32
"Leukocyte elastase",0.361,0.257,0.272,0.497,0.031,0.017,0.077,0.354,0.024,0.257,0.301
"Beta amyloid A4 protein",0.149,0.276,0.312,0.073,0.208,0.427,0.551,0.072,0.462,0.238,0.349
"Neurokinin 1 receptor",0.451,0.384,0.313,0.354,0.404,0.018,0.062,0.099,0.027,0.399,0.467
"Neuronal acetylcholine receptor protein alpha-7 subunit",0.162,0.236,0.208,0.021,0.132,0.067,0.241,0.007,0.394,0.467,0.073
"Adenosine A2a receptor",0.342,0.265,0.154,0.042,0.079,0.014,0.017,0,0.012,0.269,0.083
"Endothelin receptor ET-A",0.407,0.382,0.206,0.238,0.259,0.147,0.07,0.083,0.124,0.326,0.458
"Beta secretase 2",0.365,0.092,0.243,0.185,0.334,0.376,0.379,0.09,0.251,0.2,0.195
"Serine/threonine-protein kinase Chk2",0.254,0.089,0.331,0.058,0.311,0.316,0.44,0.129,0.288,0.3,0.356
"Cannabinoid CB2 receptor",0.384,0.142,0.247,0.474,0.054,0.225,0.26,0.125,0.059,0.058,0.023
"3-phosphoinositide dependent protein kinase-1",0.392,0.3,0.021,0.424,0.159,0.024,0.091,0.063,0.203,0.45,0.101
"Phospholipase D1",0.237,0.02,0.494,0.189,0.195,0.185,0.405,0.199,0.419,0.271,0.354
"Phosphodiesterase 4A",0.478,0.022,0.426,0.51,0.463,0.486,0.471,0.343,0.283,0.368,0.445
"Adenosine A2b receptor",0.203,0.044,0.467,0.256,0.344,0.518,0.45,0.076,0.156,0.1,0.247
"Carboxypeptidase B",0.286,0.211,0.308,0.121,0.309,0.446,0.281,0.071,0.437,0.147,0.442
"Adenosine A3 receptor",0.281,0.184,0.187,0.322,0.525,0.172,0.533,0.156,0.203,0.218,0.444
"Histone deacetylase 5",0.52,0.133,0.164,0.258,0.085,0.45,0.418,0.037,0.422,0.483,0.282
"Liver glycogen phosphorylase",0.199,0.059,0.3,0.363,0.35,0.459,0.326,0.419,0.406,0.209,0.307
"Tyrosine-protein kinase LCK",0.426,0.148,0.097,0.448,0.434,0.018,0.12,0.404,0.066,0.095,0.381
"Cathepsin D",0.386,0.221,0.527,0.2,0.217,0.259,0.106,0.274,0.209,0.053,0.094
"Melanocortin receptor 4",0.308,0.235,0.297,0.439,0.367,0.461,0.264,0.354,0.406,0.145,0.437
"Peptide N-myristoyltransferase 1",0.34,0.379,0.413,0.396,0.162,0.165,0.259,0.097,0.487,0.08,0.415
"Tyrosine-protein kinase SYK",0.154,0.353,0.41,0.413,0.387,0.24,0.273,0.481,0.525,0.477,0.192
"MAP kinase p38 alpha",0.379,0.122,0.284,0.22,0.502,0.369,0.34,0.118,0.479,0.286,0.088
"Carbonic anhydrase I",0.033,0.488,0.256,0.221,0.228,0.302,0.13,0.042,0.036,0.188,0.413
"Furin",0.463,0.149,0.196,0.208,0.291,0.433,0.238,0.173,0.445,0.486,0.134
"Tryptase beta-1",0.427,0.011,0.495,0.294,0.422,0.245,0.204,0.365,0.25,0.401,0.302
"Glycogen synthase kinase-3 beta",0.084,0.241,0.21,0.168,0.231,0.234,0.417,0.081,0.129,0.534,0.153
"Dual specificity protein phosphatase 3",0.249,0.018,0.366,0.539,0.189,0.516,0.531,0.496,0.406,0.562,0.328
"c-Jun N-terminal kinase 3",0.411,0.504,0.398,0.334,0.25,0.209,0.266,0.494,0.258,0.119,0.311
"Histamine H3 receptor",0.368,0.284,0.341,0.487,0.167,0.289,0.414,0.494,0.274,0.325,0.387
"Phosphodiesterase 2A",0.49,0.059,0.326,0.188,0.265,0.248,0.496,0.102,0.181,0.544,0.198
"Adenosylhomocysteinase",0.261,0.133,0.412,0.489,0.212,0.394,0.357,0.417,0.077,0.109,0.247
"Tyrosine-protein kinase SRC",0.209,0.061,0.175,0.265,0.334,0.427,0.27,0.129,0.425,0.001,0.388
"Cathepsin K",0.334,0.159,0.085,0.425,0.099,0.085,0.246,0.156,0.264,0.228,0.065
"Macrophage-stimulating protein receptor",0.271,0.103,0.475,0.227,0.08,0.062,0.115,0.539,0.439,0.254,0.529
"Cystinyl aminopeptidase",0.459,0.036,0.108,0.354,0.029,0.175,0.306,0.189,0.374,0.157,0.1
"Focal adhesion kinase 1",0.501,0.342,0.388,0.471,0.347,0.222,0.48,0.36,0.449,0.099,0.128
"Mitogen-activated protein kinase kinase kinase 11",0.187,0.332,0.358,0.265,0.034,0.424,0.217,0.418,0.049,0.148,0.378
"Histone deacetylase 7",0.206,0.439,0.432,0.294,0.102,0.059,0.111,0.399,0.012,0.354,0.432
"Phosphodiesterase 11A",0.248,0.2,0.404,0.333,0.243,0.31,0.163,0.382,0.36,0.245,0.243
"Cytochrome P450 11B2",0.358,0.282,0.157,0.092,0.346,0.072,0.153,0.398,0.355,0.063,0.123
"Protein-glutamine gamma-glutamyltransferase",0.495,0.035,0.094,0.22,0.282,0.037,0.087,0.471,0.059,0.41,0.322
"Phospholipase D2",0.266,0.116,0.417,0.283,0.03,0.065,0.151,0.273,0.233,0.126,0.246
"Metabotropic glutamate receptor 4",0.259,0.107,0.362,0.192,0.153,0.199,0.161,0.222,0.448,0.457,0.091
"C-C chemokine receptor type 5",0.414,0.155,0.327,0.192,0.191,0.312,0.303,0.404,0.292,0.487,0.168
"Fibroblast growth factor receptor 3",0.425,0.47,0.185,0.138,0.365,0.167,0.274,0.239,0.102,0.11,0.317
"Phosphodiesterase 4B",0.33,0.129,0.328,0.489,0.052,0.274,0.33,0.26,0.083,0.331,0.241
"Ileal bile acid transporter",0.483,0.384,0.311,0.485,0.535,0.163,0.165,0.492,0.204,0.351,0.359
"Integrin alpha-4",0.423,0.215,0.204,0.475,0.139,0.031,0.051,0.129,0.128,0.237,0.129
"Sodium/hydrogen exchanger 1",0.293,0.439,0.188,0.362,0.409,0.481,0.383,0.407,0.429,0.146,0.517
"Acyl coenzyme A:cholesterol acyltransferase 1",0.456,0.012,0.09,0.275,0.021,0.027,0.029,0.436,0.239,0.132,0.286
"Estradiol 17-beta-dehydrogenase 2",0.192,0.514,0.114,0.386,0.35,0.359,0.14,0.173,0.019,0.406,0.436
"Vascular endothelial growth factor receptor 2",0.371,0.068,0.242,0.397,0.322,0.061,0.097,0.339,0.119,0.425,0.545
"Matrix metalloproteinase 13",0.331,0.351,0.375,0.089,0.265,0.129,0.17,0.294,0.452,0.034,0.242
"Tyrosine-protein kinase ZAP-70",0.401,0.357,0.39,0.477,0.217,0.446,0.485,0.379,0.202,0.329,0.232
"LXR-alpha",0.107,0.133,0.161,0.436,0.279,0.017,0.102,0.329,0.043,0.198,0.48
"Protein-glutamine gamma-glutamyltransferase K",0.359,0.066,0.487,0.161,0.162,0.05,0.18,0.454,0.075,0.48,0.263
"Nerve growth factor receptor Trk-A",0.132,0.211,0.427,0.301,0.339,0.473,0.475,0.038,0.141,0.053,0.146
"Coagulation factor XI",0.327,0.056,0.246,0.172,0.177,0.371,0.486,0.036,0.246,0.1,0.29
"Casein kinase I delta",0.276,0.376,0.422,0.239,0.478,0.205,0.111,0.425,0.368,0.319,0.273
"Matrix metalloproteinase 3",0.419,0.337,0.222,0.125,0.067,0.385,0.524,0.078,0.017,0.376,0.253
"Tyrosine-protein kinase JAK1",0.224,0.507,0.391,0.429,0.014,0.218,0.337,0.221,0.046,0.377,0.425
"Dipeptidyl peptidase IV",0.46,0.445,0.486,0.249,0.282,0.146,0.149,0.172,0.267,0.339,0.461
"Serine/threonine-protein kinase mTOR",0.199,0.239,0.095,0.143,0.402,0.054,0.296,0.021,0.04,0.403,0.308
"Glycogen synthase kinase-3 alpha",0.143,0.064,0.128,0.16,0.243,0.013,0.046,0.194,0.316,0.117,0.143
"Renin",0.33,0.015,0.4,0.127,0.048,0.34,0.258,0.008,0.153,0.291,0.25
"Sigma opioid receptor",0.325,0.125,0.337,0.288,0.268,0.034,0.058,0.084,0.166,0.4,0.38
"Mitogen-activated protein kinase kinase kinase 9",0.28,0.016,0.333,0.289,0.2,0.153,0.278,0.023,0.076,0.376,0.094
"Phosphodiesterase 4D",0.262,0.308,0.115,0.297,0.411,0.468,0.275,0.165,0.267,0.14,0.137
"Carbonic anhydrase III",0.11,0.04,0.379,0.466,0.414,0.297,0.133,0.203,0.068,0.457,0.453
"Hematopoietic cell protein-tyrosine phosphatase 70Z-PEP",0.414,0.016,0.062,0.548,0.042,0.006,0.009,0.028,0.128,0.047,0.297
"Phosphodiesterase 3B",0.152,0.41,0.388,0.197,0.068,0.142,0.104,0.247,0.061,0.275,0.08
"Arachidonate 15-lipoxygenase",0.108,0.125,0.231,0.065,0.462,0.163,0.355,0.074,0.106,0.305,0.408
"Phosphodiesterase 4C",0.442,0.135,0.241,0.181,0.286,0.348,0.112,0.453,0.347,0.194,0.162
"Telomerase reverse transcriptase",0.276,0.183,0.419,0.171,0.113,0.131,0.221,0.131,0.1,0.404,0.063
"Protein kinase C gamma",0.207,0.162,0.022,0.456,0.19,0.014,0.07,0.06,0.034,0.368,0.073
"Cathepsin S",0.424,0.051,0.253,0.338,0.25,0.178,0.304,0.141,0.209,0.041,0.409
"Sphingosine 1-phosphate receptor Edg-5",0.196,0.548,0.265,0.178,0.082,0.117,0.226,0.109,0.181,0.353,0.271
"Tyrosine-protein kinase ITK/TSK",0.529,0.072,0.422,0.317,0.415,0.222,0.329,0.123,0.123,0.203,0.452
"Dual specificity mitogen-activated protein kinase kinase 2",0.088,0.167,0.155,0.292,0.46,0.158,0.152,0.044,0.024,0.069,0.043
"Tyrosine-protein kinase JAK2",0.404,0.4,0.091,0.199,0.325,0.111,0.38,0.204,0.205,0.234,0.192
"Rho-associated protein kinase 2",0.215,0.021,0.319,0.285,0.256,0.232,0.5,0.296,0.285,0.395,0.103
"Cholecystokinin B receptor",0.126,0.28,0.051,0.206,0.052,0.033,0.169,0.088,0.319,0.501,0.421
"Protein kinase C alpha",0.466,0.031,0.078,0.505,0.046,0.018,0.025,0.146,0.187,0.175,0.186
"Protein kinase C delta",0.436,0.205,0.489,0.383,0.012,0.274,0.14,0.102,0.051,0.237,0.091
"P2X purinoceptor 3",0.415,0.024,0.43,0.189,0.084,0.196,0.399,0.5,0.12,0.458,0.352
"Multidrug resistance-associated protein 1",0.453,0.353,0.374,0.372,0.417,0.5,0.415,0.048,0.173,0.154,0.44
"Receptor protein-tyrosine kinase erbB-4",0.163,0.037,0.346,0.149,0.425,0.053,0.054,0.242,0.336,0.169,0.479
"Cyclin-dependent kinase 2",0.242,0.055,0.399,0.151,0.316,0.19,0.248,0.04,0.25,0.107,0.225
"Phosphodiesterase 7A",0.522,0.564,0.115,0.243,0.372,0.26,0.375,0.435,0.071,0.419,0.458
"Matriptase",0.182,0.099,0.395,0.043,0.15,0.397,0.354,0.111,0.21,0.319,0.223
"Sphingosine kinase 2",0.526,0.411,0.307,0.26,0.234,0.334,0.395,0.269,0.359,0.155,0.325
"Serine/threonine-protein kinase PLK1",0.404,0.426,0.274,0.35,0.35,0.407,0.194,0.221,0.482,0.21,0.367
"Carbonic anhydrase VI",0.43,0.315,0.444,0.432,0.261,0.377,0.336,0.293,0.159,0.122,0.178
"Protein kinase C beta",0.352,0.312,0.163,0.516,0.232,0.342,0.213,0.106,0.257,0.031,0.092
"Cyclin-dependent kinase 7",0.436,0.183,0.5,0.521,0.4,0.038,0.061,0.149,0.029,0.197,0.296
"Glycine transporter 2",0.402,0.358,0.29,0.331,0.181,0.354,0.512,0.46,0.301,0.38,0.32
"Cyclin-dependent kinase 1",0.266,0.477,0.065,0.435,0.016,0.322,0.191,0.199,0.061,0.186,0.034
"Excitatory amino acid transporter 1",0.359,0.514,0.362,0.316,0.093,0.232,0.495,0.223,0.163,0.259,0.18
"Plasma retinol-binding protein",0.406,0.164,0.121,0.323,0.21,0.061,0.137,0.125,0.014,0.347,0.469
"Poly [ADP-ribose] polymerase-1",0.409,0.143,0.085,0.347,0.264,0.035,0.226,0.173,0.041,0.104,0.361
"Thymidine phosphorylase",0.331,0.485,0.157,0.327,0.107,0.018,0.058,0.009,0.075,0.49,0.193
"Cyclin-dependent kinase 9",0.512,0.431,0.073,0.312,0.377,0.009,0.024,0.056,0.015,0.153,0.162
"PI3-kinase p110-delta subunit",0.452,0.375,0.531,0.284,0.438,0.505,0.354,0.429,0.362,0.315,0.527
"DNA-dependent protein kinase",0.279,0.432,0.21,0.318,0.121,0.123,0.374,0.142,0.3,0.139,0.41
"PI3-kinase p110-beta subunit",0.365,0.245,0.334,0.459,0.312,0.407,0.49,0.422,0.431,0.252,0.098
"Serotonin 7 (5-HT7) receptor",0.312,0.183,0.139,0.464,0.496,0.132,0.315,0.443,0.386,0.38,0.079
"Bradykinin B2 receptor",0.274,0.55,0.395,0.274,0.529,0.126,0.302,0.206,0.331,0.52,0.327
"Protein-tyrosine phosphatase 1C",0.311,0.068,0.352,0.452,0.064,0.408,0.3,0.159,0.069,0.124,0.207
"Carboxylesterase 2",0.052,0.087,0.475,0.331,0.157,0.068,0.02,0.174,0.353,0.156,0.293
"Estradiol 17-beta-dehydrogenase 1",0.365,0.142,0.11,0.225,0.145,0.087,0.075,0.195,0.023,0.182,0.177
"Histone deacetylase 8",0.478,0.252,0.419,0.112,0.192,0.253,0.172,0.314,0.103,0.134,0.264
"Prolyl endopeptidase",0.124,0.445,0.101,0.213,0.057,0.222,0.348,0.4,0.417,0.125,0.368
"Matrix metalloproteinase 9",0.404,0.379,0.549,0.564,0.506,0.402,0.311,0.198,0.492,0.339,0.45
"CD22",0.208,0.556,0.43,0.42,0.451,0.442,0.198,0.385,0.356,0.159,0.095
"Metabotropic glutamate receptor 5",0.291,0.09,0.252,0.228,0.279,0.217,0.418,0.28,0.11,0.436,0.281
"Sphingosine 1-phosphate receptor Edg-6",0.156,0.119,0.124,0.297,0.068,0.313,0.381,0.4,0.026,0.163,0.413
"Rho-associated protein kinase 1",0.116,0.048,0.179,0.441,0.265,0.469,0.326,0.447,0.065,0.044,0.442
"Tyrosine-protein kinase HCK",0.473,0.216,0.131,0.301,0.074,0.033,0.172,0.181,0.325,0.234,0.299
"Carbonic anhydrase XII",0.431,0.252,0.292,0.348,0.217,0.562,0.524,0.24,0.477,0.083,0.217
"Histone deacetylase 1",0.365,0.009,0.39,0.509,0.08,0.117,0.338,0.368,0.443,0.106,0.382
"Lysophosphatidic acid receptor Edg-7",0.077,0.42,0.311,0.52,0.098,0.36,0.253,0.054,0.312,0.455,0.313
"PI3-kinase p110-gamma subunit",0.471,0.424,0.213,0.311,0.513,0.107,0.211,0.264,0.268,0.529,0.401
"PI4-kinase beta subunit",0.489,0.198,0.222,0.264,0.026,0.223,0.156,0.33,0.45,0.243,0.366
"Cathepsin L2",0.438,0.349,0.057,0.154,0.199,0.348,0.406,0.012,0.468,0.068,0.043
"Urokinase-type plasminogen activator",0.302,0.147,0.392,0.056,0.293,0.304,0.293,0.078,0.09,0.279,0.442
"Testis-specific androgen-binding protein",0.286,0.261,0.369,0.216,0.335,0.3,0.425,0.479,0.471,0.276,0.336
"Caspase-6",0.504,0.349,0.328,0.438,0.129,0.353,0.084,0.085,0.165,0.071,0.069
"Cyclin-dependent kinase 4",0.131,0.09,0.115,0.391,0.398,0.047,0.04,0.14,0.036,0.28,0.27
"Histone deacetylase 11",0.318,0.037,0.155,0.172,0.194,0.007,0.04,0.009,0.026,0.053,0.161
"Sodium-dependent proline transporter",0.092,0.43,0.191,0.347,0.251,0.092,0.497,0.463,0.097,0.411,0.49
"Matrix metalloproteinase-1",0.269,0.089,0.365,0.181,0.149,0.198,0.326,0.04,0.103,0.395,0.394
"Matrix metalloproteinase-2",0.37,0.365,0.45,0.296,0.477,0.196,0.378,0.382,0.173,0.039,0.246
"Protein-tyrosine phosphatase 1B",0.357,0.179,0.332,0.236,0.311,0.084,0.204,0.151,0.3,0.183,0.071
"Acetyl-CoA carboxylase 1",0.396,0.389,0.435,0.446,0.06,0.281,0.165,0.258,0.232,0.34,0.279
"Serotonin 6 (5-HT6) receptor",0.354,0.079,0.117,0.299,0.066,0.168,0.414,0.031,0.396,0.018,0.103
"MAP kinase ERK1",0.475,0.307,0.395,0.301,0.23,0.49,0.437,0.23,0.474,0.125,0.362
"Cytochrome P450 2C9",0.205,0.135,0.497,0.048,0.503,0.213,0.399,0.08,0.327,0.331,0.351
"Probable G-protein coupled receptor 88",0.359,0.006,0.094,0.209,0.162,0.016,0.023,0.403,0.037,0.067,0.477
"Cytochrome P450 3A4",0.105,0.344,0.555,0.127,0.323,0.025,0.057,0.173,0.419,0.342,0.039
"Pregnane X receptor",0.421,0.297,0.127,0.377,0.268,0.089,0.047,0.12,0.008,0.366,0.305
"Carboxypeptidase B2 isoform A",0.419,0.493,0.259,0.163,0.363,0.005,0.1,0.103,0.202,0.24,0.09
"Serotonin 5a (5-HT5a) receptor",0.249,0.502,0.462,0.355,0.238,0.192,0.492,0.124,0.42,0.215,0.028
"Estrogen-related receptor alpha",0.47,0.225,0.529,0.108,0.385,0.081,0.074,0.066,0.062,0.503,0.285
"Amine oxidase, copper containing",0.344,0.04,0.122,0.109,0.293,0.01,0.043,0.112,0.158,0.083,0.306
"Protein kinase C zeta",0.277,0.149,0.418,0.203,0.359,0.164,0.141,0.142,0.173,0.218,0.451
"Melanin-concentrating hormone receptor 1",0.337,0.326,0.382,0.304,0.237,0.05,0.064,0.381,0.029,0.546,0.079
"Caspase-7",0.4,0.373,0.574,0.302,0.316,0.207,0.113,0.374,0.078,0.086,0.294
"C-C chemokine receptor type 3",0.302,0.414,0.112,0.415,0.331,0.455,0.125,0.437,0.276,0.378,0.135
"Phospholipase A2 group IIA",0.442,0.372,0.34,0.409,0.063,0.392,0.458,0.101,0.06,0.174,0.153
"Plasminogen activator inhibitor-1",0.411,0.369,0.25,0.251,0.346,0.225,0.14,0.17,0.145,0.34,0.412
"Inhibitor of nuclear factor kappa B kinase alpha subunit",0.133,0.306,0.381,0.385,0.039,0.284,0.393,0.524,0.012,0.307,0.3
"Proteasome Macropain subunit",0.364,0.364,0.098,0.24,0.165,0.233,0.371,0.127,0.505,0.276,0.218
"Carbonic anhydrase XIV",0.321,0.354,0.209,0.276,0.479,0.145,0.127,0.236,0.127,0.426,0.406
"LDL-associated phospholipase A2",0.105,0.024,0.035,0.287,0.058,0.167,0.105,0.046,0.425,0.01,0.456
"Cytochrome P450 17A1",0.19,0.468,0.314,0.262,0.329,0.314,0.337,0.317,0.379,0.163,0.206
"Histone deacetylase 4",0.179,0.224,0.064,0.06,0.464,0.025,0.008,0.028,0.002,0.246,0.325
"Inhibitor of nuclear factor kappa B kinase epsilon subunit",0.271,0.378,0.388,0.463,0.39,0.105,0.394,0.26,0.472,0.189,0.269
"Phosphodiesterase 9A",0.252,0.263,0.274,0.251,0.254,0.262,0.363,0.22,0.176,0.04,0.421
"Tyrosine-protein kinase TYK2",0.421,0.109,0.447,0.171,0.037,0.05,0.073,0.269,0.035,0.181,0.257
"Steryl-sulfatase",0.343,0.147,0.452,0.516,0.381,0.453,0.395,0.372,0.366,0.355,0.245
"Nitric-oxide synthase, brain",0.45,0.209,0.447,0.18,0.124,0.011,0.022,0.068,0.002,0.288,0.38
"Cholesteryl ester transfer protein",0.193,0.344,0.178,0.431,0.175,0.185,0.197,0.071,0.196,0.269,0.195
"Protein kinase C epsilon",0.278,0.071,0.439,0.433,0.148,0.355,0.372,0.22,0.293,0.202,0.261
"Dual specificity mitogen-activated protein kinase kinase 1",0.245,0.283,0.346,0.445,0.066,0.524,0.299,0.022,0.316,0.389,0.229
"Adenosine kinase",0.243,0.452,0.311,0.389,0.331,0.042,0.203,0.353,0.098,0.115,0.362
"Hormone sensitive lipase",0.042,0.051,0.316,0.411,0.036,0.071,0.19,0.025,0.069,0.441,0.01
"Carbonic anhydrase IX",0.443,0.07,0.368,0.343,0.085,0.531,0.407,0.173,0.065,0.358,0.066
"Protein kinase C eta",0.377,0.177,0.367,0.179,0.184,0.068,0.07,0.311,0.046,0.517,0.432
"Cytochrome P450 2C19",0.458,0.023,0.085,0.239,0.228,0.02,0.066,0.451,0.13,0.294,0.178
"Quinone reductase 1)",0.383,0.298,0.331,0.122,0.392,0.167,0.192,0.361,0.179,0.082,0.189
"Casein kinase II alpha",0.268,0.416,0.49,0.382,0.463,0.38,0.318,0.349,0.49,0.192,0.363
"Opioid growth factor receptor-like protein 1",0.271,0.431,0.107,0.393,0.33,0.049,0.078,0.232,0.056,0.179,0.112
"Kininogen-1",0.394,0.159,0.391,0.21,0.36,0.284,0.198,0.16,0.29,0.422,0.264
"Acetyl-coenzyme A transporter 1",0.385,0.153,0.46,0.075,0.309,0.47,0.49,0.036,0.219,0.436,0.45
"Fibroblast growth factor receptor 1",0.198,0.298,0.509,0.125,0.246,0.102,0.113,0.032,0.19,0.078,0.073
"PI4-kinase alpha subunit",0.088,0.134,0.428,0.445,0.115,0.263,0.53,0.42,0.095,0.507,0.375
"Arachidonate 12-lipoxygenase",0.382,0.228,0.191,0.374,0.262,0.065,0.176,0.163,0.445,0.237,0.21
"Autotaxin",0.268,0.498,0.411,0.1,0.377,0.03,0.143,0.151,0.03,0.246,0.526
"ADAM17",0.081,0.099,0.024,0.249,0.018,0.364,0.233,0.34,0.008,0.105,0.192
"Prostanoid EP3 receptor",0.426,0.07,0.237,0.495,0.146,0.105,0.098,0.212,0.202,0.299,0.113
"Hepatocyte growth factor receptor",0.172,0.357,0.1,0.147,0.09,0.329,0.341,0.417,0.16,0.393,0.449
"Carbonic anhydrase IV",0.456,0.459,0.294,0.326,0.019,0.123,0.132,0.057,0.295,0.14,0.17
"11-beta-hydroxysteroid dehydrogenase 2",0.31,0.301,0.359,0.279,0.115,0.077,0.299,0.3,0.25,0.293,0.228
"Histamine H4 receptor",0.472,0.399,0.194,0.388,0.115,0.458,0.147,0.138,0.399,0.244,0.222
"Beta-glucosidase",0.333,0.071,0.507,0.31,0.041,0.431,0.24,0.418,0.036,0.33,0.092
"Urotensin II receptor",0.273,0.31,0.277,0.448,0.124,0.047,0.051,0.034,0.175,0.043,0.23
"Metabotropic glutamate receptor 1",0.381,0.054,0.41,0.544,0.077,0.359,0.441,0.301,0.408,0.2,0.141
"Dual specificity phosphatase Cdc25A",0.329,0.164,0.221,0.21,0.015,0.137,0.266,0.052,0.502,0.104,0.126
"Caspase-8",0.36,0.442,0.147,0.303,0.116,0.009,0.063,0.425,0.186,0.34,0.144
"Interleukin-1 receptor-associated kinase 4",0.048,0.107,0.385,0.274,0.038,0.102,0.208,0.039,0.398,0.292,0.365
"Histone acetyltransferase p300",0.333,0.229,0.121,0.435,0.454,0.023,0.008,0.153,0.116,0.486,0.428
"Hydroxycarboxylic acid receptor 2",0.077,0.23,0.111,0.131,0.311,0.119,0.16,0.156,0.442,0.436,0.317
"Serine/threonine-protein kinase PLK4",0.272,0.197,0.107,0.424,0.072,0.082,0.157,0.097,0.523,0.21,0.152
"Melanocortin receptor 1",0.408,0.48,0.455,0.401,0.293,0.185,0.252,0.263,0.111,0.405,0.299
"Calcitonin gene-related peptide type 1 receptor",0.395,0.305,0.419,0.258,0.1,0.208,0.463,0.363,0.193,0.096,0.149
"T-cell protein-tyrosine phosphatase",0.475,0.08,0.122,0.316,0.088,0.016,0.036,0.046,0.241,0.448,0.148
"Cytosolic phospholipase A2",0.2,0.272,0.163,0.301,0.397,0.04,0.178,0.141,0.069,0.037,0.265
"Hexokinase type IV",0.444,0.209,0.416,0.192,0.282,0.15,0.135,0.088,0.141,0.402,0.45
"Serine/threonine-protein kinase NEK2",0.275,0.204,0.122,0.335,0.119,0.037,0.046,0.331,0.065,0.299,0.239
"LIM domain kinase 1",0.442,0.062,0.454,0.256,0.378,0.218,0.167,0.422,0.081,0.03,0.096
"Cathepsin L",0.451,0.096,0.366,0.155,0.145,0.015,0.014,0.363,0.017,0.296,0.294
"Protein kinase C mu",0.495,0.262,0.401,0.409,0.061,0.213,0.377,0.273,0.33,0.148,0.234
"Protein-tyrosine phosphatase 2C",0.432,0.27,0.337,0.144,0.171,0.411,0.442,0.093,0.154,0.419,0.244
"Matrix metalloproteinase 14",0.195,0.119,0.428,0.357,0.137,0.049,0.288,0.278,0.311,0.269,0.388
"Heat shock protein HSP 90-alpha",0.461,0.27,0.177,0.193,0.12,0.035,0.131,0.379,0.025,0.461,0.212
"Sodium/glucose cotransporter 2",0.475,0.503,0.371,0.281,0.395,0.19,0.31,0.199,0.278,0.252,0.406
"Calpain 1",0.279,0.015,0.072,0.207,0.521,0.007,0.016,0.467,0.164,0.003,0.5
"Sphingosine 1-phosphate receptor Edg-3",0.501,0.043,0.268,0.525,0.395,0.01,0.064,0.526,0.09,0.152,0.396
"Bone morphogenetic protein 1",0.21,0.383,0.395,0.368,0.418,0.187,0.417,0.41,0.472,0.1,0.398
"Glutathione S-transferase Pi",0.453,0.098,0.234,0.378,0.077,0.447,0.473,0.488,0.067,0.273,0.332
"Tyrosine-protein kinase Lyn",0.292,0.234,0.388,0.131,0.19,0.274,0.396,0.28,0.433,0.327,0.396
"Ribosomal protein S6 kinase alpha 2",0.508,0.031,0.041,0.345,0.228,0.006,0.005,0.1,0.017,0.022,0.345
"Carbonic anhydrase XIII",0.445,0.144,0.148,0.39,0.148,0.096,0.134,0.263,0.165,0.276,0.26
"Complement C1s",0.226,0.362,0.4,0.352,0.018,0.032,0.097,0.168,0.011,0.447,0.483
"Protein kinase C theta",0.463,0.441,0.025,0.241,0.085,0.008,0.109,0.08,0.214,0.35,0.066
"Heparanase",0.157,0.484,0.356,0.089,0.017,0.075,0.252,0.349,0.052,0.366,0.509
"Methionine aminopeptidase 2",0.475,0.323,0.168,0.177,0.116,0.066,0.087,0.217,0.367,0.175,0.108
"Serine/threonine-protein kinase Aurora-C",0.161,0.327,0.161,0.127,0.069,0.303,0.382,0.119,0.305,0.42,0.046
"Quinone reductase 2",0.367,0.365,0.332,0.408,0.421,0.245,0.42,0.338,0.425,0.084,0.523
"MAP kinase p38 beta",0.201,0.212,0.367,0.181,0.411,0.245,0.421,0.247,0.5,0.187,0.491
"Carbonic anhydrase VB",0.455,0.33,0.41,0.051,0.27,0.073,0.361,0.224,0.424,0.177,0.416
"GAR transformylase",0.353,0.426,0.278,0.203,0.389,0.11,0.349,0.232,0.427,0.232,0.462
"Proteinase-activated receptor 1",0.304,0.01,0.347,0.473,0.029,0.46,0.195,0.498,0.102,0.338,0.406
"Fructose-1,6-bisphosphatase",0.345,0.163,0.307,0.362,0.151,0.449,0.276,0.294,0.448,0.515,0.314
"Dipeptidyl peptidase II",0.49,0.241,0.037,0.252,0.198,0.019,0.01,0.062,0.027,0.101,0.268
"Peroxisome proliferator-activated receptor delta",0.273,0.188,0.44,0.425,0.11,0.136,0.158,0.229,0.216,0.182,0.279
"Serine/threonine-protein kinase 10",0.317,0.101,0.306,0.434,0.457,0.081,0.095,0.221,0.153,0.475,0.125
"Dual specificity protein kinase TTK",0.38,0.21,0.041,0.332,0.13,0.056,0.211,0.137,0.085,0.125,0.114
"Coagulation factor VII",0.398,0.479,0.151,0.228,0.075,0.124,0.335,0.058,0.098,0.414,0.139
"PI3-kinase p110-alpha subunit",0.332,0.099,0.286,0.314,0.199,0.066,0.036,0.444,0.512,0.332,0.342
"Tyrosine-protein kinase ABL2",0.315,0.388,0.275,0.264,0.383,0.073,0.218,0.448,0.193,0.123,0.445
"C-C chemokine receptor type 2",0.395,0.08,0.293,0.361,0.127,0.341,0.468,0.103,0.251,0.008,0.202
"Glutamate receptor ionotropic, AMPA 2",0.3,0.312,0.177,0.343,0.129,0.154,0.153,0.042,0.271,0.436,0.462
"Neuropeptide Y receptor type 2",0.172,0.087,0.278,0.38,0.057,0.234,0.131,0.048,0.392,0.204,0.185
"HMG-CoA reductase",0.184,0.369,0.363,0.424,0.221,0.429,0.316,0.141,0.169,0.16,0.357
"Signal transducer and activator of transcription 3",0.075,0.09,0.237,0.463,0.451,0.305,0.322,0.495,0.209,0.286,0.188
"Interleukin-8 receptor A",0.405,0.282,0.098,0.468,0.369,0.216,0.433,0.159,0.277,0.056,0.422
"Cyclin-dependent kinase 5",0.136,0.266,0.064,0.364,0.306,0.042,0.107,0.26,0.004,0.07,0.243
"MAP kinase ERK2",0.236,0.089,0.409,0.301,0.141,0.342,0.216,0.533,0.039,0.133,0.219
"Cystic fibrosis transmembrane conductance regulator",0.484,0.057,0.371,0.118,0.463,0.41,0.436,0.204,0.425,0.408,0.39
"Chymase",0.448,0.07,0.177,0.362,0.405,0.033,0.125,0.367,0.15,0.157,0.374
"Casein kinase II alpha (prime)",0.319,0.362,0.154,0.424,0.457,0.062,0.312,0.118,0.074,0.445,0.116
"Cathepsin B",0.323,0.104,0.491,0.561,0.544,0.13,0.19,0.324,0.276,0.254,0.283
"Matrix metalloproteinase 7",0.381,0.226,0.281,0.491,0.423,0.141,0.309,0.406,0.288,0.277,0.432
"Bombesin receptor subtype-3",0.406,0.257,0.492,0.429,0.133,0.425,0.423,0.393,0.242,0.449,0.348
"LXR-beta",0.329,0.424,0.212,0.375,0.068,0.316,0.145,0.176,0.287,0.193,0.166
"Neurotensin receptor 1",0.307,0.428,0.525,0.453,0.22,0.427,0.533,0.445,0.419,0.353,0.421
"Tyrosine-protein kinase TIE-2",0.251,0.13,0.218,0.439,0.239,0.192,0.141,0.428,0.056,0.174,0.499
"Fibroblast growth factor receptor 2",0.204,0.018,0.341,0.078,0.488,0.123,0.39,0.306,0.33,0.251,0.166
"Histone deacetylase 9",0.48,0.13,0.192,0.319,0.461,0.323,0.372,0.31,0.421,0.361,0.024
"Fatty acid synthase",0.181,0.481,0.138,0.156,0.14,0.406,0.316,0.073,0.464,0.141,0.256
"c-Jun N-terminal kinase 2",0.46,0.295,0.375,0.349,0.183,0.035,0.137,0.363,0.397,0.245,0.174
"Sodium channel protein type II alpha subunit",0.377,0.224,0.209,0.349,0.26,0.454,0.4,0.307,0.148,0.132,0.201
"Monoglyceride lipase",0.452,0.12,0.217,0.306,0.109,0.062,0.059,0.389,0.222,0.066,0.278
"Inhibitor of apoptosis protein 3",0.351,0.231,0.198,0.515,0.221,0.013,0.021,0.201,0.034,0.461,0.478
"Serine/threonine-protein kinase 2",0.24,0.039,0.083,0.099,0.35,0.188,0.232,0.024,0.093,0.294,0.174
"Dual specificity protein kinase CLK4",0.47,0.116,0.319,0.052,0.383,0.49,0.332,0.008,0.056,0.258,0.177
"MAP kinase signal-integrating kinase 2",0.109,0.532,0.417,0.168,0.059,0.158,0.074,0.075,0.04,0.19,0.046
"Proteasome component C5",0.176,0.184,0.06,0.455,0.361,0.424,0.211,0.165,0.388,0.319,0.195
"Tyrosine-protein kinase FRK",0.371,0.016,0.443,0.201,0.457,0.282,0.424,0.271,0.465,0.066,0.169
"Dual specificty protein kinase CLK1",0.32,0.035,0.436,0.053,0.017,0.489,0.282,0.3,0.039,0.249,0.498
"Dual specificity protein kinase CLK2",0.421,0.1,0.448,0.328,0.12,0.238,0.402,0.21,0.077,0.146,0.15
"Lipoxin A4 receptor",0.413,0.111,0.415,0.164,0.23,0.486,0.458,0.121,0.374,0.38,0.382
"Estradiol 17-beta-dehydrogenase 3",0.195,0.321,0.196,0.23,0.381,0.056,0.23,0.435,0.148,0.458,0.22
"11-beta-hydroxysteroid dehydrogenase 1",0.307,0.281,0.286,0.482,0.236,0.338,0.366,0.56,0.433,0.023,0.14
"Ribosomal protein S6 kinase alpha 5",0.187,0.209,0.444,0.29,0.178,0.039,0.067,0.222,0.104,0.244,0.428
"ALK tyrosine kinase receptor",0.475,0.34,0.505,0.156,0.034,0.235,0.487,0.007,0.298,0.405,0.48
"Hypoxia-inducible factor 1 alpha",0.484,0.111,0.164,0.468,0.384,0.01,0.018,0.439,0.024,0.114,0.366
"TGF-beta receptor type II",0.221,0.119,0.495,0.531,0.378,0.366,0.41,0.367,0.083,0.313,0.162
"Serine/threonine-protein kinase AKT",0.485,0.118,0.25,0.427,0.264,0.395,0.277,0.332,0.197,0.074,0.233
"Sodium channel protein type IX alpha subunit",0.304,0.483,0.153,0.336,0.075,0.033,0.056,0.415,0.26,0.329,0.358
"P-glycoprotein 1",0.358,0.166,0.045,0.386,0.109,0.081,0.08,0.148,0.02,0.066,0.033
"Heat shock protein HSP 90-beta",0.333,0.186,0.363,0.5,0.375,0.488,0.297,0.181,0.33,0.303,0.535
"Calcium-activated potassium channel subunit alpha-1",0.376,0.47,0.387,0.485,0.431,0.223,0.463,0.248,0.366,0.231,0.216
"Intermediate conductance calcium-activated potassium channel protein 4",0.317,0.207,0.414,0.365,0.33,0.243,0.419,0.434,0.218,0.053,0.206
"Voltage-gated potassium channel subunit Kv1.5",0.484,0.372,0.42,0.154,0.393,0.481,0.354,0.22,0.491,0.133,0.423
"Bradykinin B1 receptor",0.338,0.433,0.3,0.369,0.074,0.162,0.281,0.338,0.106,0.044,0.399
"Purinergic receptor P2Y1",0.262,0.218,0.479,0.124,0.389,0.082,0.106,0.38,0.382,0.137,0.238
"Sphingosine 1-phosphate receptor Edg-1",0.194,0.4,0.255,0.326,0.109,0.069,0.035,0.306,0.211,0.277,0.367
"Purine nucleoside phosphorylase",0.317,0.395,0.446,0.308,0.193,0.456,0.267,0.06,0.084,0.321,0.241
"Serine/threonine-protein kinase GAK",0.334,0.041,0.342,0.25,0.186,0.208,0.129,0.205,0.262,0.43,0.305
"Induced myeloid leukemia cell differentiation protein Mcl-1",0.393,0.193,0.046,0.351,0.006,0.007,0.015,0.057,0.082,0.261,0.289
"Dual-specificity tyrosine-phosphorylation regulated kinase 2",0.196,0.181,0.281,0.338,0.389,0.394,0.508,0.113,0.029,0.195,0.234
"Gastric inhibitory polypeptide receptor",0.451,0.013,0.158,0.224,0.085,0.453,0.478,0.352,0.406,0.104,0.334
"Matrix metalloproteinase 12",0.073,0.414,0.435,0.475,0.124,0.42,0.386,0.261,0.043,0.364,0.094
"Sphingosine kinase 1",0.118,0.064,0.44,0.411,0.463,0.13,0.262,0.385,0.427,0.033,0.408
"Phosphodiesterase 8B",0.202,0.034,0.243,0.291,0.304,0.128,0.215,0.312,0.283,0.068,0.245
"Phosphodiesterase 10A",0.425,0.098,0.206,0.157,0.379,0.057,0.097,0.052,0.009,0.299,0.391
"Free fatty acid receptor 1",0.251,0.219,0.323,0.237,0.15,0.171,0.103,0.191,0.098,0.096,0.346
"Prostanoid DP receptor",0.462,0.264,0.508,0.423,0.058,0.039,0.092,0.197,0.116,0.238,0.232
"Neurokinin 3 receptor",0.261,0.257,0.36,0.178,0.233,0.034,0.054,0.462,0.062,0.469,0.392
"TGF-beta receptor type I",0.067,0.114,0.348,0.458,0.438,0.066,0.117,0.102,0.162,0.376,0.306
"C-X-C chemokine receptor type 3",0.126,0.025,0.269,0.249,0.324,0.404,0.18,0.382,0.337,0.487,0.416
"Vitamin K-dependent protein C",0.48,0.041,0.399,0.379,0.027,0.083,0.276,0.429,0.235,0.391,0.319
"Tyrosine-protein kinase FGR",0.332,0.362,0.352,0.567,0.344,0.242,0.22,0.113,0.091,0.38,0.364
"NAD-dependent deacetylase sirtuin 3",0.284,0.239,0.025,0.123,0.05,0.379,0.51,0.015,0.538,0.401,0.049
"NAD-dependent deacetylase sirtuin 2",0.322,0.069,0.319,0.244,0.24,0.201,0.19,0.244,0.461,0.376,0.131
"Acyl coenzyme A:cholesterol acyltransferase 2",0.232,0.24,0.309,0.247,0.286,0.01,0.118,0.134,0.296,0.127,0.419
"Voltage-gated N-type calcium channel alpha-1B subunit",0.388,0.221,0.352,0.243,0.228,0.236,0.426,0.161,0.142,0.008,0.161
"Nitric oxide synthase, inducible",0.248,0.508,0.154,0.415,0.077,0.153,0.215,0.147,0.158,0.334,0.125
"Serine/threonine-protein kinase PAK 4",0.234,0.008,0.415,0.178,0.095,0.087,0.039,0.152,0.26,0.138,0.399
"Ribosomal protein S6 kinase 1",0.3,0.161,0.105,0.042,0.365,0.093,0.028,0.275,0.178,0.204,0.342
"NAD-dependent deacetylase sirtuin 1",0.377,0.175,0.361,0.353,0.017,0.324,0.213,0.319,0.007,0.212,0.17
"Glutaminyl-peptide cyclotransferase",0.113,0.231,0.459,0.448,0.313,0.257,0.456,0.35,0.103,0.154,0.277
"Serine/threonine-protein kinase PIM2",0.372,0.195,0.196,0.438,0.025,0.371,0.469,0.018,0.477,0.442,0.289
"TRAF2- and NCK-interacting kinase",0.42,0.376,0.182,0.21,0.013,0.276,0.345,0.007,0.472,0.444,0.135
"Coagulation factor XIII",0.422,0.336,0.32,0.183,0.236,0.301,0.272,0.429,0.074,0.528,0.271
"5-lipoxygenase activating protein",0.356,0.282,0.36,0.156,0.159,0.268,0.262,0.184,0.248,0.165,0.415
"Neuropeptide Y receptor type 5",0.138,0.394,0.444,0.287,0.306,0.207,0.318,0.245,0.331,0.232,0.479
"Kinesin-like protein 1",0.223,0.061,0.41,0.209,0.29,0.07,0.083,0.199,0.206,0.412,0.149
"Matrix metalloproteinase 8",0.232,0.127,0.431,0.222,0.236,0.401,0.269,0.329,0.27,0.154,0.308
"C-C chemokine receptor type 8",0.448,0.433,0.514,0.188,0.224,0.371,0.169,0.309,0.245,0.311,0.085
"Tyrosine kinase non-receptor protein 2",0.504,0.041,0.458,0.412,0.127,0.324,0.343,0.481,0.407,0.122,0.44
"Serine/threonine-protein kinase PAK 1",0.251,0.446,0.329,0.433,0.296,0.098,0.115,0.312,0.082,0.279,0.482
"Tyrosine-protein kinase BRK",0.288,0.307,0.334,0.355,0.47,0.126,0.275,0.276,0.159,0.397,0.445
"Melanocortin receptor 5",0.395,0.026,0.265,0.456,0.18,0.097,0.066,0.495,0.13,0.349,0.493
"Ghrelin receptor",0.357,0.323,0.492,0.279,0.253,0.102,0.187,0.457,0.226,0.422,0.337
"Phenylethanolamine N-methyltransferase",0.083,0.291,0.161,0.217,0.479,0.048,0.199,0.203,0.128,0.451,0.336
"Leukotriene A4 hydrolase",0.431,0.033,0.345,0.118,0.456,0.151,0.365,0.097,0.297,0.321,0.376
"Apoptosis regulator Bcl-X",0.484,0.172,0.313,0.477,0.097,0.003,0.02,0.208,0.3,0.4,0.258
"Serine/threonine-protein kinase Chk1",0.454,0.426,0.421,0.442,0.402,0.03,0.181,0.26,0.312,0.151,0.194
"Voltage-gated potassium channel subunit Kv1.3",0.213,0.064,0.135,0.106,0.04,0.383,0.225,0.255,0.219,0.254,0.1
"Voltage-gated T-type calcium channel alpha-1G subunit",0.389,0.534,0.386,0.462,0.218,0.341,0.376,0.258,0.306,0.409,0.44
"Melanocortin receptor 3",0.194,0.175,0.168,0.192,0.137,0.349,0.295,0.15,0.322,0.349,0.207
"Dipeptidyl peptidase VIII",0.327,0.168,0.388,0.127,0.32,0.334,0.532,0.075,0.125,0.346,0.336
"Lymphocyte differentiation antigen CD38",0.178,0.183,0.42,0.205,0.158,0.421,0.286,0.051,0.219,0.284,0.29
"Proteasome Macropain subunit MB1",0.34,0.373,0.182,0.282,0.505,0.176,0.287,0.433,0.42,0.369,0.364
"Apoptosis regulator Bcl-W",0.288,0.425,0.141,0.504,0.2,0.108,0.382,0.243,0.224,0.448,0.107
"Aldo-keto-reductase family 1 member C3",0.377,0.276,0.213,0.2,0.088,0.105,0.092,0.024,0.079,0.13,0.375
"Fibroblast activation protein alpha",0.376,0.202,0.193,0.503,0.169,0.287,0.153,0.349,0.086,0.276,0.378
"Indoleamine 2,3-dioxygenase",0.33,0.006,0.238,0.084,0.279,0.286,0.377,0.03,0.285,0.168,0.185
"Malonyl-CoA decarboxylase",0.417,0.181,0.347,0.398,0.248,0.138,0.212,0.158,0.305,0.404,0.479
"Isoprenylcysteine carboxyl methyltransferase",0.34,0.381,0.133,0.356,0.132,0.268,0.356,0.408,0.466,0.327,0.258
"Serine/threonine-protein kinase Aurora-A",0.201,0.389,0.025,0.374,0.178,0.009,0.045,0.132,0.024,0.305,0.181
"C3a anaphylatoxin chemotactic receptor",0.481,0.131,0.304,0.097,0.316,0.068,0.294,0.097,0.138,0.164,0.398
"Vesicular acetylcholine transporter",0.33,0.079,0.254,0.549,0.219,0.454,0.417,0.361,0.132,0.577,0.262
"Geranylgeranyl pyrophosphate synthetase",0.117,0.169,0.359,0.33,0.406,0.312,0.285,0.394,0.316,0.035,0.44
"Neuropeptide Y receptor type 1",0.473,0.098,0.441,0.432,0.313,0.117,0.109,0.304,0.23,0.174,0.175
"Carbonic anhydrase VA",0.368,0.346,0.496,0.481,0.191,0.245,0.147,0.091,0.153,0.283,0.38
"Endothelin-converting enzyme 1",0.371,0.162,0.126,0.337,0.159,0.076,0.065,0.01,0.051,0.204,0.132
"Orexin receptor 2",0.162,0.21,0.416,0.294,0.111,0.255,0.458,0.053,0.443,0.417,0.05
"Dipeptidyl peptidase IX",0.463,0.268,0.402,0.454,0.211,0.049,0.175,0.422,0.139,0.172,0.233
"Vanilloid receptor",0.276,0.398,0.423,0.429,0.405,0.256,0.193,0.324,0.068,0.165,0.267
"Caspase-1",0.331,0.162,0.447,0.392,0.286,0.085,0.395,0.478,0.14,0.268,0.503
"Nitric-oxide synthase, endothelial",0.304,0.098,0.246,0.392,0.08,0.319,0.27,0.36,0.06,0.315,0.462
"Dual specificity phosphatase Cdc25B",0.282,0.257,0.24,0.439,0.466,0.382,0.397,0.351,0.373,0.453,0.505
"P2X purinoceptor 7",0.105,0.208,0.143,0.459,0.009,0.41,0.401,0.03,0.174,0.169,0.029
"Serine/threonine-protein kinase AKT3",0.235,0.443,0.426,0.43,0.427,0.403,0.221,0.436,0.149,0.421,0.343
"Beta-secretase 1",0.329,0.419,0.036,0.317,0.109,0.087,0.023,0.028,0.261,0.218,0.088
"Acetyl-CoA carboxylase 2",0.41,0.247,0.508,0.378,0.525,0.377,0.318,0.334,0.496,0.225,0.46
"L-lactate dehydrogenase A chain",0.178,0.36,0.25,0.137,0.069,0.166,0.302,0.022,0.098,0.061,0.319
"C-X3-C chemokine receptor 1",0.486,0.437,0.512,0.301,0.24,0.112,0.175,0.41,0.132,0.439,0.466
"Eukaryotic translation initation factor",0.081,0.007,0.326,0.453,0.352,0.24,0.371,0.258,0.084,0.161,0.256
"Apoptosis regulator Bcl-2",0.487,0.501,0.24,0.197,0.527,0.077,0.273,0.171,0.067,0.195,0.362
"Cytochrome P450 1B1",0.294,0.014,0.391,0.494,0.32,0.397,0.461,0.254,0.359,0.059,0.339
"Tyrosine-protein kinase receptor UFO",0.398,0.157,0.521,0.35,0.451,0.171,0.131,0.476,0.106,0.486,0.428
"Neurotrophic tyrosine kinase receptor type 2",0.488,0.463,0.195,0.413,0.477,0.47,0.306,0.055,0.066,0.165,0.227
"Mitogen-activated protein kinase kinase kinase 8",0.403,0.244,0.346,0.538,0.5,0.298,0.353,0.378,0.446,0.2,0.206
"Low molecular weight phosphotyrosine protein phosphatase",0.391,0.203,0.104,0.303,0.375,0.545,0.332,0.236,0.336,0.433,0.266
"Casein kinase I epsilon",0.336,0.151,0.341,0.143,0.105,0.114,0.124,0.264,0.01,0.052,0.109
"L-lactate dehydrogenase B chain",0.314,0.062,0.274,0.237,0.178,0.492,0.364,0.171,0.049,0.348,0.39
"S-methyl-5-thioadenosine phosphorylase",0.445,0.143,0.242,0.468,0.436,0.358,0.391,0.155,0.257,0.073,0.185
"Proto-oncogene c-JUN",0.29,0.352,0.224,0.342,0.34,0.533,0.459,0.166,0.167,0.417,0.297
"Sodium/glucose cotransporter 1",0.543,0.14,0.271,0.501,0.364,0.221,0.455,0.322,0.416,0.403,0.18
"Transketolase",0.409,0.063,0.431,0.078,0.316,0.269,0.421,0.213,0.254,0.341,0.346
"Serine/threonine-protein kinase RIPK2",0.161,0.395,0.458,0.453,0.401,0.229,0.048,0.266,0.118,0.521,0.14
"p53-binding protein Mdm-2",0.485,0.259,0.304,0.464,0.179,0.436,0.518,0.028,0.234,0.234,0.163
"Serine-protein kinase ATR",0.308,0.324,0.297,0.513,0.103,0.261,0.456,0.26,0.065,0.531,0.226
"ADAM10",0.235,0.255,0.28,0.125,0.289,0.301,0.293,0.108,0.249,0.345,0.439
"Endoplasmic reticulum aminopeptidase 2",0.357,0.044,0.319,0.216,0.096,0.165,0.45,0.026,0.004,0.19,0.422
"G protein-coupled receptor 44",0.391,0.19,0.425,0.188,0.413,0.478,0.401,0.281,0.144,0.3,0.414
"Endothelial lipase",0.215,0.118,0.195,0.322,0.07,0.194,0.384,0.26,0.053,0.184,0.324
"Histone deacetylase 10",0.227,0.196,0.087,0.077,0.15,0.046,0.205,0.13,0.464,0.107,0.145
"GABA receptor alpha-5 subunit",0.447,0.245,0.1,0.136,0.457,0.139,0.06,0.073,0.032,0.164,0.297
"Orexin receptor 1",0.325,0.317,0.354,0.488,0.214,0.215,0.355,0.361,0.188,0.172,0.133
"Discoidin domain-containing receptor 2",0.325,0.381,0.101,0.369,0.196,0.363,0.229,0.054,0.302,0.406,0.142
"Metabotropic glutamate receptor 2",0.344,0.574,0.538,0.18,0.528,0.137,0.163,0.271,0.174,0.311,0.127
"Cytochrome P450 26A1",0.443,0.394,0.14,0.29,0.213,0.213,0.198,0.064,0.174,0.369,0.401
"Serine/threonine-protein kinase B-raf",0.215,0.164,0.351,0.047,0.428,0.439,0.172,0.041,0.038,0.265,0.524
"Ephrin type-B receptor 4",0.388,0.268,0.459,0.412,0.522,0.155,0.415,0.308,0.309,0.227,0.286
"Neuropilin-1",0.193,0.25,0.125,0.123,0.028,0.066,0.147,0.036,0.149,0.275,0.147
"dUTP pyrophosphatase",0.303,0.052,0.421,0.503,0.381,0.085,0.04,0.376,0.421,0.253,0.271
"Serine/threonine-protein kinase ILK-1",0.258,0.31,0.19,0.467,0.315,0.192,0.406,0.417,0.332,0.284,0.432
"Tyrosine-protein kinase BTK",0.382,0.026,0.367,0.246,0.05,0.085,0.035,0.427,0.366,0.149,0.307
"Serine/threonine-protein kinase TNNI3K",0.106,0.063,0.083,0.431,0.344,0.055,0.088,0.371,0.479,0.136,0.278
"Cytochrome P450 2A6",0.478,0.012,0.428,0.44,0.089,0.032,0.101,0.37,0.418,0.025,0.335
"Mitogen-activated protein kinase kinase kinase 5",0.445,0.446,0.406,0.434,0.089,0.355,0.234,0.166,0.434,0.429,0.49
"Tyrosine-protein kinase receptor TYRO3",0.13,0.488,0.276,0.032,0.215,0.287,0.291,0.152,0.256,0.125,0.298
"Epithelial discoidin domain-containing receptor 1",0.429,0.348,0.384,0.095,0.411,0.212,0.24,0.078,0.111,0.176,0.363
"Proto-oncogene tyrosine-protein kinase MER",0.459,0.329,0.372,0.419,0.415,0.428,0.188,0.164,0.12,0.287,0.388
"Baculoviral IAP repeat-containing protein 3",0.148,0.063,0.322,0.079,0.239,0.426,0.098,0.007,0.446,0.14,0.036
"Poly [ADP-ribose] polymerase 2",0.452,0.147,0.223,0.388,0.391,0.357,0.397,0.111,0.453,0.283,0.231
"P-selectin",0.202,0.476,0.442,0.216,0.122,0.076,0.305,0.44,0.321,0.05,0.541
"ATP-binding cassette sub-family G member 2",0.311,0.064,0.02,0.486,0.05,0.112,0.216,0.139,0.453,0.447,0.018
"Pituitary adenylate cyclase-activating polypeptide type I receptor",0.451,0.074,0.318,0.47,0.43,0.386,0.364,0.437,0.351,0.5,0.498
"Serine/threonine-protein kinase PIM3",0.322,0.112,0.439,0.045,0.462,0.342,0.339,0.067,0.483,0.406,0.12
"G-protein coupled bile acid receptor 1",0.209,0.089,0.308,0.348,0.487,0.098,0.128,0.215,0.042,0.135,0.385
"Metastin receptor",0.428,0.479,0.033,0.381,0.474,0.005,0.009,0.057,0.022,0.147,0.104
"Cell division cycle 7-related protein kinase",0.283,0.391,0.102,0.139,0.016,0.186,0.171,0.013,0.284,0.088,0.122
"Sodium channel protein type X alpha subunit",0.459,0.092,0.503,0.274,0.114,0.443,0.46,0.298,0.269,0.33,0.452
"Baculoviral IAP repeat-containing protein 2",0.411,0.365,0.096,0.064,0.318,0.063,0.137,0.006,0.345,0.263,0.551
"Receptor-interacting serine/threonine-protein kinase 1",0.36,0.111,0.286,0.257,0.343,0.088,0.444,0.116,0.366,0.048,0.186
"Protein tyrosine kinase 2 beta",0.152,0.045,0.196,0.222,0.058,0.07,0.197,0.045,0.294,0.043,0.216
"Perforin-1",0.197,0.026,0.436,0.255,0.442,0.296,0.368,0.385,0.128,0.113,0.167
"D-amino-acid oxidase",0.288,0.456,0.337,0.247,0.023,0.225,0.106,0.37,0.012,0.339,0.275
"Serine/threonine-protein kinase WEE1",0.317,0.105,0.404,0.464,0.506,0.262,0.268,0.47,0.47,0.114,0.402
"Histone acetyltransferase PCAF",0.231,0.119,0.472,0.357,0.022,0.244,0.234,0.195,0.148,0.154,0.251
"Secreted frizzled-related protein 1",0.272,0.198,0.173,0.131,0.439,0.295,0.381,0.059,0.049,0.127,0.305
"Transient receptor potential cation channel subfamily V member 3",0.207,0.31,0.321,0.503,0.065,0.14,0.278,0.383,0.073,0.092,0.137
"Protein-arginine N-methyltransferase 1",0.351,0.047,0.158,0.233,0.291,0.449,0.331,0.024,0.355,0.131,0.197
"Nuclear factor NF-kappa-B p65 subunit",0.303,0.033,0.434,0.212,0.077,0.126,0.107,0.047,0.032,0.081,0.101
"Dual specificity tyrosine-phosphorylation-regulated kinase 1B",0.475,0.538,0.105,0.317,0.188,0.029,0.012,0.05,0.01,0.3,0.357
"Acyl-CoA desaturase",0.466,0.144,0.349,0.424,0.366,0.127,0.341,0.097,0.396,0.16,0.45
"Proto-oncogene tyrosine-protein kinase ROS",0.311,0.46,0.257,0.456,0.442,0.14,0.311,0.493,0.369,0.176,0.493
"Lysyl-tRNA synthetase",0.487,0.076,0.16,0.286,0.045,0.095,0.255,0.023,0.194,0.152,0.226
"DNA-(apurinic or apyrimidinic site) lyase",0.463,0.456,0.052,0.082,0.144,0.01,0.03,0.08,0.202,0.22,0.14
"Glucose-dependent insulinotropic receptor",0.247,0.157,0.35,0.317,0.021,0.136,0.048,0.071,0.321,0.391,0.398
"Prostaglandin E synthase",0.312,0.371,0.032,0.234,0.009,0.082,0.153,0.051,0.294,0.473,0.197
"G protein-coupled receptor kinase 5",0.507,0.144,0.473,0.496,0.461,0.354,0.459,0.147,0.353,0.067,0.524
"Egl nine homolog 1",0.444,0.049,0.42,0.141,0.314,0.188,0.197,0.367,0.16,0.046,0.498
"Elongation of very long chain fatty acids protein 6",0.401,0.092,0.197,0.413,0.223,0.123,0.26,0.392,0.125,0.402,0.258
"Glucagon",0.496,0.092,0.194,0.477,0.37,0.033,0.268,0.438,0.338,0.2,0.304
"CREB-binding protein",0.304,0.368,0.253,0.149,0.024,0.203,0.238,0.135,0.065,0.241,0.076
"Mitogen-activated protein kinase kinase kinase 7",0.464,0.192,0.514,0.393,0.231,0.129,0.21,0.363,0.331,0.479,0.369
"Interferon-induced, double-stranded RNA-activated protein kinase",0.325,0.146,0.065,0.257,0.025,0.487,0.42,0.023,0.084,0.119,0.03
"Aldo-keto reductase family 1 member C2",0.43,0.116,0.34,0.396,0.333,0.111,0.463,0.044,0.092,0.491,0.408
"Trace amine-associated receptor 1",0.402,0.057,0.134,0.378,0.478,0.066,0.096,0.38,0.024,0.276,0.46
"Nuclear receptor ROR-alpha",0.465,0.383,0.381,0.099,0.309,0.222,0.355,0.124,0.341,0.266,0.233
"Heat shock factor protein 1",0.39,0.059,0.32,0.367,0.341,0.099,0.124,0.261,0.135,0.085,0.34
"Hematopoietic prostaglandin D synthase",0.152,0.043,0.375,0.3,0.397,0.233,0.134,0.038,0.11,0.276,0.374
"Aldo-keto reductase family 1 member C1",0.478,0.069,0.352,0.369,0.324,0.47,0.384,0.168,0.29,0.062,0.391
"Bifunctional protein NCOAT",0.372,0.046,0.433,0.49,0.423,0.157,0.152,0.306,0.289,0.206,0.163
"LIM domain kinase 2",0.38,0.42,0.134,0.329,0.13,0.243,0.423,0.075,0.511,0.178,0.444
"Serine/threonine-protein kinase PLK2",0.482,0.065,0.221,0.492,0.162,0.455,0.32,0.414,0.131,0.36,0.354
"Neuropeptide FF receptor 1",0.128,0.507,0.108,0.175,0.34,0.058,0.199,0.495,0.224,0.22,0.376
"Neuropeptide FF receptor 2",0.277,0.197,0.416,0.3,0.126,0.056,0.387,0.195,0.174,0.39,0.439
"IgG receptor FcRn large subunit p51",0.388,0.355,0.458,0.449,0.035,0.099,0.191,0.24,0.103,0.152,0.365
"Smoothened homolog",0.401,0.397,0.267,0.22,0.083,0.16,0.118,0.073,0.065,0.212,0.336
"Aldo-keto reductase family 1 member B10",0.202,0.471,0.234,0.573,0.178,0.126,0.113,0.244,0.013,0.203,0.528
"Serine/threonine-protein kinase 33",0.261,0.398,0.152,0.318,0.275,0.221,0.183,0.361,0.017,0.328,0.466
"Transient receptor potential cation channel subfamily A member 1",0.416,0.272,0.165,0.101,0.475,0.29,0.244,0.077,0.023,0.112,0.256
"Diacylglycerol O-acyltransferase 1",0.493,0.02,0.102,0.196,0.025,0.242,0.24,0.038,0.26,0.327,0.255
"Histone-lysine N-methyltransferase, H3 lysine-9 specific 3",0.452,0.097,0.47,0.124,0.496,0.171,0.133,0.06,0.092,0.396,0.202
"Lysine-specific histone demethylase 1",0.344,0.063,0.147,0.338,0.284,0.445,0.318,0.325,0.262,0.25,0.335
"Alpha-synuclein",0.455,0.095,0.153,0.309,0.51,0.496,0.31,0.188,0.443,0.32,0.421
"Tankyrase-2",0.233,0.441,0.048,0.422,0.1,0.056,0.125,0.078,0.253,0.398,0.115
"Tankyrase-1",0.379,0.308,0.342,0.245,0.335,0.415,0.298,0.31,0.316,0.202,0.147
"Mitogen-activated protein kinase kinase kinase kinase 4",0.377,0.146,0.046,0.173,0.017,0.231,0.462,0.106,0.004,0.367,0.328
"Lysine-specific demethylase 4C",0.223,0.172,0.231,0.202,0.391,0.272,0.216,0.308,0.123,0.405,0.253
