"","EGFR","Hypoxia","JAK.STAT","MAPK","NFkB","PI3K","TGFb","TNFa","Trail","VEGF","p53"
"Arginase-1",1,1,1,1,1,1,1,1,1,1,1
"Leucine-rich repeat serine/threonine-protein kinase 2",1,0.730810317460317,1,1,1,1,1,0.730810317460317,0.730810317460317,0.730810317460317,1
"Tyrosyl-DNA phosphodiesterase 1",1,1,1,1,1,1,1,1,1,1,1
"Transitional endoplasmic reticulum ATPase",1,0.941195105820106,0.941195105820106,1,0.941195105820106,1,1,0.941195105820106,1,0.941195105820106,0.941195105820106
"Glucokinase regulatory protein",0.983272063492064,0.584648253968254,0.714200992063492,1,0.584648253968254,0.332186507936508,0.332186507936508,0.714200992063492,0.584648253968254,0.714200992063492,0.764028968253968
"Pyruvate kinase isozymes M1/M2",0.876972380952381,0.73911498015873,1,1,0.73911498015873,0.73911498015873,0.73911498015873,1,0.913512896825397,1,1
"Transient receptor potential cation channel subfamily M member 8",1,1,1,1,0.880294246031746,1,1,1,0.880294246031746,1,1
"G-protein coupled receptor 55",1,1,1,1,1,1,1,1,1,1,1
"Endoplasmin",1,1,1,1,1,1,1,1,1,1,1
"Serine/threonine-protein kinase/endoribonuclease IRE1",1,0.365405158730159,0.494127430555556,0.494127430555556,0.494127430555556,0.365405158730159,0.494127430555556,0.365405158730159,0.494588800705467,0.365405158730159,1
"NADPH oxidase 4",1,0.949104308390023,1,0.949104308390023,0.199311904761905,1,0.949104308390023,0.199311904761905,0.949104308390023,1,0.465061111111111
"Ketohexokinase",1,1,1,1,1,1,1,1,1,1,1
"Lethal(3)malignant brain tumor-like protein 1",1,1,1,1,1,1,1,1,1,1,1
"Microtubule-associated protein tau",1,0.298967857142857,1,1,1,1,1,0.885830687830688,1,0.564717063492064,1
"15-hydroxyprostaglandin dehydrogenase [NAD+]",1,1,1,1,1,1,1,1,1,1,1
"G-protein coupled receptor 35",1,1,0.602681235827664,0.602681235827664,1,0.240835218253968,0.240835218253968,0.471704841269841,0.240835218253968,0.240835218253968,1
"ATP-sensitive inward rectifier potassium channel 1",0.801399950396825,0.27682208994709,0.801399950396825,0.801399950396825,0.966662738095238,0.999579401154401,0.801399950396825,0.182702579365079,0.182702579365079,0.801399950396825,0.966662738095238
"Neuropeptides B/W receptor type 1",1,1,1,1,1,1,1,1,1,1,1
"Nuclear receptor ROR-gamma",1,1,1,1,1,1,1,1,1,1,1
"DNA topoisomerase I",1,1,1,1,1,1,1,1,1,1,1
"Farnesyl diphosphate synthase",0.922740299823633,0.922740299823633,1,0.922740299823633,0.922740299823633,1,0.922740299823633,0.922740299823633,0.922740299823633,0.922740299823633,0.922740299823633
"Glucagon-like peptide 1 receptor",1,1,1,1,1,1,1,1,1,1,1
"Endothelin receptor ET-B",1,1,1,1,1,1,1,1,1,1,1
"Steroid 5-alpha-reductase 1",1,1,1,1,1,1,1,1,1,1,1
"Vasopressin V2 receptor",1,1,1,1,1,1,1,1,1,1,1
"Somatostatin receptor 5",1,1,1,1,1,1,1,1,1,1,1
"Histone-lysine N-methyltransferase, H3 lysine-79 specific",1,0.790603888888889,1,1,0.790603888888889,0.790603888888889,0.790603888888889,0.790603888888889,1,1,1
"Bromodomain-containing protein 3",1,0.677660476190476,0.907976455026455,1,0.481670436507937,0.481670436507937,0.677660476190476,1,1,1,0.677660476190476
"Cysteinyl leukotriene receptor 1",1,1,1,1,1,0.930122222222222,1,1,1,1,1
"Plasminogen",1,1,0.747419642857143,0.747419642857143,1,0.747419642857143,0.747419642857143,0.747419642857143,0.747419642857143,1,1
"Leukocyte adhesion glycoprotein LFA-1 alpha",1,1,1,1,1,1,1,1,1,1,1
"Somatostatin receptor 2",1,1,1,1,1,1,1,1,1,1,1
"Muscarinic acetylcholine receptor M4",0.992868562610229,0.232530555555556,1,1,0.877921485260771,0.783960158730159,0.992868562610229,0.783960158730159,0.783960158730159,0.232530555555556,0.877921485260771
"Inosine-5'-monophosphate dehydrogenase 1",1,1,1,1,1,1,1,1,1,1,1
"Receptor protein-tyrosine kinase erbB-2",1,1,1,1,1,1,1,1,1,1,1
"TNF-alpha",0.981795679012346,1,0.981795679012346,0.981795679012346,1,0.981795679012346,0.981795679012346,0.981795679012346,0.981795679012346,0.981795679012346,0.981795679012346
"Phosphodiesterase 5A",1,1,1,1,1,1,1,1,1,1,1
"Serotonin 2b (5-HT2b) receptor",1,1,1,1,1,1,1,1,1,1,1
"Thromboxane-A synthase",1,1,1,1,1,1,1,1,1,1,1
"Prostanoid EP4 receptor",1,1,1,1,1,1,1,1,1,0.365405158730159,1
"Dopamine D5 receptor",1,1,1,1,1,1,1,1,1,1,1
"Somatostatin receptor 4",1,1,1,1,1,1,1,1,1,1,1
"Gonadotropin-releasing hormone receptor",1,1,1,1,1,1,1,1,1,1,1
"4-hydroxyphenylpyruvate dioxygenase",1,1,1,1,1,1,1,1,1,1,1
"Tyrosine-protein kinase ABL",1,0.664373015873016,1,1,1,1,1,1,1,1,1
"Vascular endothelial growth factor receptor 1",1,1,1,1,1,1,1,1,1,1,1
"Tissue-type plasminogen activator",1,1,1,1,1,1,1,1,1,1,1
"Calcium sensing receptor",1,1,0.442915343915344,1,0.506584424603175,1,1,0.442915343915344,1,1,0.442915343915344
"Neuronal acetylcholine receptor protein alpha-4 subunit",0.870328650793651,1,0.870328650793651,1,1,1,1,0.813856944444445,1,0.870328650793651,0.813856944444445
"Potassium channel, inwardly rectifying, subfamily J, member 11",1,1,1,1,1,1,1,1,1,1,1
"Vasopressin V1a receptor",1,1,1,1,1,1,1,1,1,1,1
"Glutamate carboxypeptidase II",1,1,1,1,1,1,1,1,1,1,1
"Serotonin 1b (5-HT1b) receptor",1,1,1,1,1,1,1,1,1,1,1
"Serotonin 3a (5-HT3a) receptor",1,1,1,1,1,1,1,1,1,1,1
"Aldose reductase",1,1,1,1,1,0.664373015873016,0.664373015873016,1,1,0.664373015873016,1
"Glutamate [NMDA] receptor subunit epsilon 2",1,1,1,1,1,1,1,1,1,1,1
"Serine/threonine-protein kinase RAF",1,1,1,1,1,0.43184246031746,0.941195105820106,1,0.941195105820106,1,1
"Aminopeptidase N",1,1,1,1,1,1,1,1,1,1,1
"Cytochrome P450 11B1",1,0.801993140589569,0.669909457671958,1,0.39862380952381,0.669909457671958,0.669909457671958,0.669909457671958,1,1,0.669909457671958
"Butyrylcholinesterase",1,1,1,1,1,1,1,1,1,1,1
"Alpha-2c adrenergic receptor",1,1,1,1,1,0.631154365079365,0.631154365079365,1,0.631154365079365,1,1
"Melatonin receptor 1A",1,1,1,0.697591666666667,1,0.697591666666667,0.697591666666667,1,1,0.697591666666667,0.697591666666667
"Melatonin receptor 1B",0.707082709750567,0.803891349206349,0.803891349206349,1,0.315577182539683,0.707082709750567,0.803891349206349,0.707082709750567,0.539803075396825,0.315577182539683,0.539803075396825
"Thyroid hormone receptor beta-1",0.930122222222222,0.930122222222222,0.930122222222222,0.930122222222222,1,0.930122222222222,0.930122222222222,0.930122222222222,0.930122222222222,1,0.930122222222222
"Cyclophilin A",1,1,1,1,1,1,1,1,1,1,1
"Thymidylate synthase",1,1,1,1,1,1,1,1,1,1,1
"Vascular endothelial growth factor receptor 3",1,1,1,1,1,1,1,1,1,1,1
"Insulin-like growth factor I receptor",0.833788134920635,0.833788134920635,0.559180621693122,0.626408843537415,0.254676322751323,0.249139880952381,0.559180621693122,0.199311904761905,1,0.647763690476191,0.559180621693122
"Epoxide hydrolase 1",0.950883878968254,0.950883878968254,0.950883878968254,0.950883878968254,1,0.950883878968254,0.950883878968254,0.950883878968254,0.950883878968254,1,1
"Tyrosine-protein kinase receptor FLT3",1,0.974413756613757,1,1,1,0.974413756613757,0.974413756613757,1,1,1,1
"Vitamin D receptor",1,1,1,1,1,1,1,1,1,1,1
"Cytochrome P450 19A1",1,1,1,1,1,1,1,1,1,1,1
"Insulin receptor",1,1,1,1,1,1,1,1,1,1,1
"Serotonin 1d (5-HT1d) receptor",0.764028968253968,0.764028968253968,1,1,1,0.365405158730159,0.764028968253968,1,1,0.365405158730159,1
"Inhibitor of nuclear factor kappa B kinase beta subunit",1,1,1,1,1,1,1,1,1,1,1
"Prostanoid IP receptor",1,1,1,1,1,1,1,1,1,1,1
"Equilibrative nucleoside transporter 1",1,1,1,1,0.863684920634921,1,1,1,0.664373015873016,1,1
"Purinergic receptor P2Y12",1,1,1,1,1,1,1,1,1,0.83046626984127,1
"Retinoic acid receptor gamma",1,0.166093253968254,0.357100496031746,0.279985770975057,0.12180171957672,0.0332186507936508,0.12180171957672,0.279985770975057,0.490897839506173,0.953375277777778,0.279985770975057
"Platelet-derived growth factor receptor alpha",0.586862830687831,0.257444543650794,0.43184246031746,0.444299454365079,0.257444543650794,0.40526753968254,0.257444543650794,0.257444543650794,0.790603888888889,1,0.43184246031746
"Retinoic acid receptor beta",1,1,1,1,1,1,1,1,0.963340873015873,1,1
"Nociceptin receptor",0.806738662131519,0.901055902777778,1,1,0.764028968253968,0.806738662131519,0.806738662131519,1,0.265749206349206,0.806738662131519,0.806738662131519
"Dihydrofolate reductase",1,1,1,1,1,0.083046626984127,0.083046626984127,1,0.210384788359788,0.689287003968254,1
"Epidermal growth factor receptor erbB1",1,1,0.620081481481481,0.707082709750567,0.382014484126984,0.382014484126984,0.611223174603175,0.298967857142857,1,1,0.298967857142857
"Muscarinic acetylcholine receptor M5",1,1,1,1,1,0.597935714285714,1,1,1,1,1
"Peptidyl-prolyl cis-trans isomerase FKBP5",1,0.822161607142857,1,1,1,0.822161607142857,0.822161607142857,1,1,1,0.822161607142857
"Retinoic acid receptor alpha",1,0.813856944444445,1,1,0.813856944444445,1,1,0.813856944444445,0.813856944444445,0.83046626984127,1
"Estrogen receptor alpha",1,1,0.943409682539682,1,0.719737433862434,1,1,0.719737433862434,0.719737433862434,1,0.943409682539682
"Beta-2 adrenergic receptor",1,1,1,1,1,1,1,1,1,1,1
"Cyclin T1",1,0.996559523809524,1,0.996559523809524,1,1,1,0.996559523809524,0.996559523809524,1,1
"Muscarinic acetylcholine receptor M2",1,0.581326388888889,0.581326388888889,0.780638293650794,0.581326388888889,0.581326388888889,0.581326388888889,0.581326388888889,0.780638293650794,1,1
"Beta-1 adrenergic receptor",1,1,1,1,1,1,1,1,1,1,1
"Dopamine D2 receptor",1,1,1,1,1,1,1,1,1,1,1
"Beta-glucocerebrosidase",0.957301118326118,0.484992301587302,0.484992301587302,0.734132182539683,0.734132182539683,0.265749206349206,0.707082709750567,0.265749206349206,0.484992301587302,0.603472156084656,0.734132182539683
"Motilin receptor",1,0.784790625,0.784790625,0.784790625,1,0.784790625,0.784790625,0.784790625,0.784790625,0.784790625,0.952267989417989
"MAP kinase-activated protein kinase 2",1,1,1,1,1,0.498279761904762,1,1,1,1,1
"Cyclooxygenase-1",1,1,1,1,1,1,1,1,1,1,1
"Norepinephrine transporter",1,1,0.764028968253968,0.764028968253968,0.764028968253968,0.764028968253968,0.764028968253968,0.265749206349206,0.975797867063492,1,0.764028968253968
"Anandamide amidohydrolase",1,0.81717880952381,1,0.81717880952381,0.81717880952381,1,1,0.81717880952381,1,1,0.81717880952381
"Serotonin 2c (5-HT2c) receptor",1,1,1,1,1,1,1,1,1,1,1
"Dipeptidyl peptidase I",1,1,1,1,1,1,1,1,1,1,1
"Serotonin transporter",1,1,1,1,1,0.83046626984127,0.697591666666667,1,1,1,1
"Peroxisome proliferator-activated receptor alpha",1,0.919049338624339,1,0.919049338624339,1,0.919049338624339,0.919049338624339,0.919049338624339,0.919049338624339,1,1
"HERG",1,1,0.804629541446208,0.525961970899471,0.525961970899471,0.525961970899471,0.525961970899471,0.265749206349206,0.804629541446208,0.265749206349206,0.804629541446208
"Epoxide hydratase",1,1,1,1,1,1,1,1,1,1,1
"Phosphodiesterase 3A",1,1,1,1,1,1,1,1,1,1,1
"C-C chemokine receptor type 1",1,0.869221362433862,0.869221362433862,1,0.869221362433862,1,1,0.869221362433862,1,0.869221362433862,0.869221362433862
"C-C chemokine receptor type 4",0.870328650793651,0.919049338624339,0.919049338624339,0.870328650793651,0.919049338624339,1,1,0.597935714285714,0.919049338624339,0.870328650793651,0.498279761904762
"Estrogen receptor beta",1,0.959188541666667,0.959188541666667,0.959188541666667,0.498279761904762,0.959188541666667,0.959188541666667,1,0.952267989417989,1,0.61454503968254
"Glyoxalase I",1,1,1,1,1,1,1,1,1,1,1
"Myosin light chain kinase, smooth muscle",1,1,1,1,1,1,1,1,1,1,1
"Serine/threonine-protein kinase AKT2",1,0.382014484126984,1,1,0.871989583333333,0.382014484126984,0.871989583333333,1,1,1,1
"Interleukin-8 receptor B",1,1,1,1,1,1,1,1,1,1,1
"Myeloperoxidase",1,1,1,1,1,1,1,1,1,1,1
"Coagulation factor X",1,1,1,1,1,1,1,1,1,1,1
"Deoxycytidine kinase",1,1,1,1,1,1,1,1,0.896903571428571,1,1
"Muscarinic acetylcholine receptor M3",1,0.959188541666667,1,1,0.378692619047619,0.110728835978836,0.174397916666667,0.959188541666667,0.110728835978836,0.110728835978836,0.919049338624339
"Beta-3 adrenergic receptor",1,1,1,1,1,1,1,1,0.697591666666667,1,1
"Death-associated protein kinase 3",1,0.61454503968254,0.61454503968254,1,0.182702579365079,1,0.635899886621315,0.166093253968254,1,0.257444543650794,0.257444543650794
"Methionine aminopeptidase 1",1,1,1,1,1,1,1,1,1,1,1
"Leukocyte elastase",1,1,1,1,0.343259391534392,0.343259391534392,0.639459027777778,1,0.343259391534392,1,1
"Beta amyloid A4 protein",1,1,1,1,1,1,1,1,1,1,1
"Neurokinin 1 receptor",1,1,1,1,1,0.448451785714286,0.686518783068783,0.822161607142857,0.448451785714286,1,1
"Neuronal acetylcholine receptor protein alpha-7 subunit",0.889521649029982,0.889521649029982,0.889521649029982,0.348795833333333,0.876972380952381,0.606240376984127,0.889521649029982,0.232530555555556,1,1,0.606240376984127
"Adenosine A2a receptor",1,0.893581706349207,0.639459027777778,0.279036666666667,0.393878287981859,0.141179265873016,0.141179265873016,0,0.141179265873016,0.893581706349207,0.393878287981859
"Endothelin receptor ET-A",1,1,1,1,1,1,1,1,1,1,1
"Beta secretase 2",1,1,1,1,1,1,1,1,1,1,1
"Serine/threonine-protein kinase Chk2",1,1,1,1,1,1,1,1,1,1,1
"Cannabinoid CB2 receptor",1,0.786174735449735,0.959649911816579,1,0.489975099206349,0.959649911816579,0.959649911816579,0.786174735449735,0.489975099206349,0.489975099206349,0.489975099206349
"3-phosphoinositide dependent protein kinase-1",1,1,0.39862380952381,1,0.880294246031746,0.39862380952381,0.671016746031746,0.671016746031746,0.963340873015873,1,0.671016746031746
"Phospholipase D1",1,0.664373015873016,1,1,1,1,1,1,1,1,1
"Phosphodiesterase 4A",1,0.730810317460317,1,1,1,1,1,1,1,1,1
"Adenosine A2b receptor",1,1,1,1,1,1,1,1,1,1,1
"Carboxypeptidase B",1,1,1,1,1,1,1,1,1,1,1
"Adenosine A3 receptor",1,1,1,1,1,1,1,1,1,1,1
"Histone deacetylase 5",1,1,1,1,1,1,1,1,1,1,1
"Liver glycogen phosphorylase",1,1,1,1,1,1,1,1,1,1,1
"Tyrosine-protein kinase LCK",1,0.819393386243386,0.797247619047619,1,1,0.597935714285714,0.797247619047619,1,0.797247619047619,0.797247619047619,1
"Cathepsin D",1,1,1,1,1,1,1,1,1,1,1
"Melanocortin receptor 4",1,1,1,1,1,1,1,1,1,1,1
"Peptide N-myristoyltransferase 1",1,1,1,1,1,1,1,1,1,1,1
"Tyrosine-protein kinase SYK",1,1,1,1,1,1,1,1,1,1,1
"MAP kinase p38 alpha",1,1,1,1,1,1,1,1,1,1,1
"Carbonic anhydrase I",0.465061111111111,1,1,1,1,1,1,0.465061111111111,0.465061111111111,1,1
"Furin",1,1,1,1,1,1,1,1,1,1,1
"Tryptase beta-1",1,0.365405158730159,1,1,1,1,1,1,1,1,1
"Glycogen synthase kinase-3 beta",0.889521649029982,0.889521649029982,0.889521649029982,0.889521649029982,0.889521649029982,0.889521649029982,1,0.889521649029982,0.889521649029982,1,0.889521649029982
"Dual specificity protein phosphatase 3",1,0.597935714285714,1,1,1,1,1,1,1,1,1
"c-Jun N-terminal kinase 3",1,1,1,1,1,1,1,1,1,1,1
"Histamine H3 receptor",1,1,1,1,1,1,1,1,1,1,1
"Phosphodiesterase 2A",1,1,1,1,1,1,1,1,1,1,1
"Adenosylhomocysteinase",1,1,1,1,1,1,1,1,1,1,1
"Tyrosine-protein kinase SRC",1,1,1,1,1,1,1,1,1,0.0332186507936508,1
"Cathepsin K",1,0.880294246031746,0.822161607142857,1,0.822161607142857,0.822161607142857,0.974413756613757,0.880294246031746,0.974413756613757,0.974413756613757,0.822161607142857
"Macrophage-stimulating protein receptor",1,0.95503621031746,1,1,0.95503621031746,0.95503621031746,0.95503621031746,1,1,1,1
"Cystinyl aminopeptidase",1,0.597935714285714,0.896903571428571,1,0.597935714285714,0.896903571428571,1,0.896903571428571,1,0.896903571428571,0.896903571428571
"Focal adhesion kinase 1",1,1,1,1,1,1,1,1,1,1,1
"Mitogen-activated protein kinase kinase kinase 11",1,1,1,1,0.813856944444445,1,1,1,0.813856944444445,1,1
"Histone deacetylase 7",1,1,1,1,0.92181755952381,0.92181755952381,0.92181755952381,1,0.39862380952381,1,1
"Phosphodiesterase 11A",1,1,1,1,1,1,1,1,1,1,1
"Cytochrome P450 11B2",1,1,0.869221362433862,0.869221362433862,1,0.869221362433862,0.869221362433862,1,1,0.869221362433862,0.869221362433862
"Protein-glutamine gamma-glutamyltransferase",1,0.61454503968254,0.624510634920635,1,1,0.61454503968254,0.624510634920635,1,0.624510634920635,1,1
"Phospholipase D2",0.940087817460317,0.940087817460317,1,0.940087817460317,0.940087817460317,0.940087817460317,0.940087817460317,0.940087817460317,0.940087817460317,0.940087817460317,0.940087817460317
"Metabotropic glutamate receptor 4",1,1,1,1,1,1,1,1,1,1,1
"C-C chemokine receptor type 5",1,1,1,1,1,1,1,1,1,1,1
"Fibroblast growth factor receptor 3",1,1,1,1,1,1,1,1,1,1,1
"Phosphodiesterase 4B",1,1,1,1,1,1,1,1,1,1,1
"Ileal bile acid transporter",1,1,1,1,1,1,1,1,1,1,1
"Integrin alpha-4",1,0.874757804232804,0.874757804232804,1,0.76956541005291,0.76956541005291,0.76956541005291,0.76956541005291,0.76956541005291,0.874757804232804,0.76956541005291
"Sodium/hydrogen exchanger 1",1,1,1,1,1,1,1,1,1,1,1
"Acyl coenzyme A:cholesterol acyltransferase 1",1,0.240835218253968,0.597935714285714,1,0.240835218253968,0.240835218253968,0.240835218253968,1,1,0.730810317460317,1
"Estradiol 17-beta-dehydrogenase 2",1,1,1,1,1,1,1,1,0.631154365079365,1,1
"Vascular endothelial growth factor receptor 2",1,0.988254861111111,1,1,1,0.988254861111111,0.988254861111111,1,0.988254861111111,1,1
"Matrix metalloproteinase 13",1,1,1,1,1,1,1,1,1,1,1
"Tyrosine-protein kinase ZAP-70",1,1,1,1,1,1,1,1,1,1,1
"LXR-alpha",0.883616111111111,0.883616111111111,0.89136712962963,1,1,0.564717063492064,0.883616111111111,1,0.714200992063492,0.939613265306122,1
"Protein-glutamine gamma-glutamyltransferase K",1,0.83046626984127,1,0.996559523809524,0.996559523809524,0.83046626984127,0.996559523809524,1,0.83046626984127,1,1
"Nerve growth factor receptor Trk-A",0.969984603174603,1,1,1,1,1,1,0.880294246031746,0.969984603174603,0.880294246031746,0.969984603174603
"Coagulation factor XI",1,0.930122222222222,1,1,1,1,1,0.930122222222222,1,1,1
"Casein kinase I delta",1,1,1,1,1,1,1,1,1,1,1
"Matrix metalloproteinase 3",1,1,1,1,0.863684920634921,1,1,0.863684920634921,0.564717063492064,1,1
"Tyrosine-protein kinase JAK1",1,1,1,1,0.465061111111111,1,1,1,0.764028968253968,1,1
"Dipeptidyl peptidase IV",1,1,1,1,1,1,1,1,1,1,1
"Serine/threonine-protein kinase mTOR",1,1,0.788942956349206,0.950053412698413,1,0.597935714285714,1,0.597935714285714,0.597935714285714,1,1
"Glycogen synthase kinase-3 alpha",0.664373015873016,0.664373015873016,0.664373015873016,0.664373015873016,0.807213214285714,0.43184246031746,0.664373015873016,0.716046472663139,0.954281240981241,0.664373015873016,0.664373015873016
"Renin",1,0.249139880952381,1,1,0.531498412698413,1,1,0.249139880952381,1,1,1
"Sigma opioid receptor",1,1,1,1,1,0.930122222222222,0.930122222222222,0.930122222222222,1,1,1
"Mitogen-activated protein kinase kinase kinase 9",1,0.382014484126984,1,1,1,1,1,0.382014484126984,0.780638293650794,1,0.780638293650794
"Phosphodiesterase 4D",1,1,1,1,1,1,1,1,1,1,1
"Carbonic anhydrase III",1,1,1,1,1,1,1,1,1,1,1
"Hematopoietic cell protein-tyrosine phosphatase 70Z-PEP",1,0.177166137566138,0.294222335600907,1,0.260212764550265,0.149483928571429,0.149483928571429,0.232530555555556,0.531498412698413,0.260212764550265,1
"Phosphodiesterase 3B",0.841539153439153,1,1,0.934867743764172,0.841539153439153,0.841539153439153,0.841539153439153,1,0.841539153439153,1,0.841539153439153
"Arachidonate 15-lipoxygenase",0.83046626984127,0.83046626984127,1,0.83046626984127,1,0.902440013227513,1,0.83046626984127,0.83046626984127,1,1
"Phosphodiesterase 4C",1,1,1,1,1,1,1,1,1,1,1
"Telomerase reverse transcriptase",1,0.868430442176871,1,0.868430442176871,0.868430442176871,0.868430442176871,0.917665228174603,0.868430442176871,0.868430442176871,1,0.868430442176871
"Protein kinase C gamma",0.764028968253968,0.764028968253968,0.365405158730159,1,0.764028968253968,0.365405158730159,0.404160251322751,0.404160251322751,0.376478042328042,1,0.404160251322751
"Cathepsin S",1,0.847075595238095,1,1,1,1,1,1,1,0.847075595238095,1
"Sphingosine 1-phosphate receptor Edg-5",1,1,1,1,1,1,1,1,1,1,1
"Tyrosine-protein kinase ITK/TSK",1,1,1,1,1,1,1,1,1,1,1
"Dual specificity mitogen-activated protein kinase kinase 2",0.584648253968254,0.616390520282187,0.616390520282187,0.969984603174603,1,0.616390520282187,0.616390520282187,0.487206878306878,0.487206878306878,0.573021726190476,0.487206878306878
"Tyrosine-protein kinase JAK2",1,1,1,1,1,1,1,1,1,1,1
"Rho-associated protein kinase 2",1,0.697591666666667,1,1,1,1,1,1,1,1,1
"Cholecystokinin B receptor",0.83711,1,0.575789947089947,0.977577437641723,0.575789947089947,0.575789947089947,0.935658664021164,0.730810317460317,1,1,1
"Protein kinase C alpha",1,0.343259391534392,0.518210952380952,1,0.382014484126984,0.343259391534392,0.343259391534392,0.690209744268078,0.690209744268078,0.690209744268078,0.690209744268078
"Protein kinase C delta",1,1,1,1,0.39862380952381,1,0.930122222222222,0.847075595238095,0.847075595238095,1,0.847075595238095
"P2X purinoceptor 3",1,0.797247619047619,1,1,1,1,1,1,1,1,1
"Multidrug resistance-associated protein 1",1,1,1,1,1,1,1,1,1,1,1
"Receptor protein-tyrosine kinase erbB-4",0.935658664021164,0.597935714285714,1,0.935658664021164,1,0.597935714285714,0.597935714285714,1,1,0.935658664021164,1
"Cyclin-dependent kinase 2",0.922740299823633,0.913512896825397,1,0.922740299823633,1,0.922740299823633,0.922740299823633,0.913512896825397,0.922740299823633,0.922740299823633,0.922740299823633
"Phosphodiesterase 7A",1,1,1,1,1,1,1,1,1,1,1
"Matriptase",1,1,1,1,1,1,1,1,1,1,1
"Sphingosine kinase 2",1,1,1,1,1,1,1,1,1,1,1
"Serine/threonine-protein kinase PLK1",1,1,1,1,1,1,1,1,1,1,1
"Carbonic anhydrase VI",1,1,1,1,1,1,1,1,1,1,1
"Protein kinase C beta",1,1,1,1,1,1,1,1,1,1,1
"Cyclin-dependent kinase 7",1,1,1,1,1,0.631154365079365,0.6754458994709,1,0.631154365079365,1,1
"Glycine transporter 2",1,1,1,1,1,1,1,1,1,1,1
"Cyclin-dependent kinase 1",1,1,0.539803075396825,1,0.531498412698413,1,0.944358786848073,0.944358786848073,0.539803075396825,0.944358786848073,0.539803075396825
"Excitatory amino acid transporter 1",1,1,1,1,1,1,1,1,1,1,1
"Plasma retinol-binding protein",1,0.907976455026455,0.907976455026455,1,0.996559523809524,0.907976455026455,0.907976455026455,0.907976455026455,0.465061111111111,1,1
"Poly [ADP-ribose] polymerase-1",1,0.950053412698413,0.863684920634921,1,1,0.680982341269841,1,0.957804431216931,0.680982341269841,0.863684920634921,1
"Thymidine phosphorylase",1,1,0.869221362433862,1,0.710879126984127,0.298967857142857,0.622849702380952,0.298967857142857,0.622849702380952,1,0.915885657596372
"Cyclin-dependent kinase 9",1,1,0.484992301587302,1,1,0.249139880952381,0.265749206349206,0.465061111111111,0.249139880952381,0.768774489795918,0.768774489795918
"PI3-kinase p110-delta subunit",1,1,1,1,1,1,1,1,1,1,1
"DNA-dependent protein kinase",1,1,1,1,1,1,1,1,1,1,1
"PI3-kinase p110-beta subunit",1,1,1,1,1,1,1,1,1,1,1
"Serotonin 7 (5-HT7) receptor",1,1,1,1,1,1,1,1,1,1,1
"Bradykinin B2 receptor",1,1,1,1,1,1,1,1,1,1,1
"Protein-tyrosine phosphatase 1C",1,0.764028968253968,1,1,0.764028968253968,1,1,1,0.764028968253968,1,1
"Carboxylesterase 2",0.722505654761905,0.722505654761905,1,1,0.82572074829932,0.722505654761905,0.664373015873016,0.82572074829932,1,0.82572074829932,1
"Estradiol 17-beta-dehydrogenase 1",1,0.719737433862434,0.719737433862434,0.747419642857143,0.719737433862434,0.719737433862434,0.719737433862434,0.719737433862434,0.719737433862434,0.719737433862434,0.719737433862434
"Histone deacetylase 8",1,1,1,1,1,1,1,1,1,1,1
"Prolyl endopeptidase",1,1,1,1,1,1,1,1,1,1,1
"Matrix metalloproteinase 9",1,1,1,1,1,1,1,1,1,1,1
"CD22",1,1,1,1,1,1,1,1,1,1,1
"Metabotropic glutamate receptor 5",1,1,1,1,1,1,1,1,1,1,1
"Sphingosine 1-phosphate receptor Edg-6",0.902440013227513,0.902440013227513,0.902440013227513,1,0.902440013227513,1,1,1,0.863684920634921,0.902440013227513,1
"Rho-associated protein kinase 1",0.963340873015873,0.719737433862434,1,1,1,1,1,1,0.719737433862434,0.719737433862434,1
"Tyrosine-protein kinase HCK",1,1,1,1,1,1,1,1,1,1,1
"Carbonic anhydrase XII",1,1,1,1,1,1,1,1,1,1,1
"Histone deacetylase 1",1,0.298967857142857,1,1,0.971645535714286,0.971645535714286,1,1,1,0.971645535714286,1
"Lysophosphatidic acid receptor Edg-7",1,1,1,1,1,1,1,1,1,1,1
"PI3-kinase p110-gamma subunit",1,1,1,1,1,1,1,1,1,1,1
"PI4-kinase beta subunit",1,1,1,1,0.863684920634921,1,1,1,1,1,1
"Cathepsin L2",1,1,0.564717063492064,1,1,1,1,0.39862380952381,1,0.564717063492064,0.564717063492064
"Urokinase-type plasminogen activator",1,1,1,0.996559523809524,1,1,1,0.996559523809524,0.996559523809524,1,1
"Testis-specific androgen-binding protein",1,1,1,1,1,1,1,1,1,1,1
"Caspase-6",1,1,1,1,0.857041190476191,1,0.705896329365079,0.705896329365079,0.913512896825397,0.705896329365079,0.705896329365079
"Cyclin-dependent kinase 4",0.664373015873016,0.664373015873016,0.664373015873016,1,1,0.520425529100529,0.520425529100529,0.664373015873016,0.520425529100529,1,1
"Histone deacetylase 11",0.960320995670996,0.265749206349206,0.63484532627866,0.63484532627866,0.644441825396825,0.149483928571429,0.265749206349206,0.149483928571429,0.265749206349206,0.293431415343915,0.63484532627866
"Sodium-dependent proline transporter",1,1,1,1,1,1,1,1,1,1,1
"Matrix metalloproteinase-1",1,1,1,1,1,1,1,1,1,1,1
"Matrix metalloproteinase-2",1,1,1,1,1,1,1,1,1,1,1
"Protein-tyrosine phosphatase 1B",1,1,1,1,1,1,1,1,1,1,1
"Acetyl-CoA carboxylase 1",1,1,1,1,1,1,1,1,1,1,1
"Serotonin 6 (5-HT6) receptor",1,0.647763690476191,0.647763690476191,1,0.647763690476191,0.797247619047619,1,0.514889087301587,1,0.514889087301587,0.647763690476191
"MAP kinase ERK1",1,1,1,1,1,1,1,1,1,1,1
"Cytochrome P450 2C9",1,1,1,1,1,1,1,1,1,1,1
"Probable G-protein coupled receptor 88",1,0.199311904761905,0.520425529100529,0.867837251984127,0.768774489795918,0.254676322751323,0.254676322751323,1,0.30727251984127,0.445129920634921,1
"Cytochrome P450 3A4",0.84375373015873,1,1,0.84375373015873,1,0.631154365079365,0.631154365079365,0.957804431216931,1,1,0.631154365079365
"Pregnane X receptor",1,1,0.84375373015873,1,1,0.84375373015873,0.780638293650794,0.84375373015873,0.265749206349206,1,1
"Carboxypeptidase B2 isoform A",1,1,1,1,1,0.166093253968254,0.855380257936508,0.855380257936508,1,1,0.855380257936508
"Serotonin 5a (5-HT5a) receptor",1,1,1,1,1,1,1,1,1,1,0.930122222222222
"Estrogen-related receptor alpha",1,1,1,0.717522857142857,1,0.672677678571429,0.672677678571429,0.672677678571429,0.672677678571429,1,1
"Amine oxidase, copper containing",1,0.476133994708995,0.578953628117914,0.578953628117914,1,0.332186507936508,0.476133994708995,0.578953628117914,0.656068353174603,0.578953628117914,1
"Protein kinase C zeta",1,1,1,1,1,1,1,1,1,1,1
"Melanin-concentrating hormone receptor 1",1,1,1,1,1,0.656068353174603,0.656068353174603,1,0.656068353174603,1,0.656068353174603
"Caspase-7",1,1,1,1,1,1,1,1,1,1,1
"C-C chemokine receptor type 3",1,1,1,1,1,1,1,1,1,1,1
"Phospholipase A2 group IIA",1,1,1,1,1,1,1,1,1,1,1
"Plasminogen activator inhibitor-1",1,1,1,1,1,1,1,1,1,1,1
"Inhibitor of nuclear factor kappa B kinase alpha subunit",1,1,1,1,0.647763690476191,1,1,1,0.39862380952381,1,1
"Proteasome Macropain subunit",1,1,1,1,1,1,1,1,1,1,1
"Carbonic anhydrase XIV",1,1,1,1,1,1,1,1,1,1,1
"LDL-associated phospholipase A2",0.498279761904762,0.382014484126984,0.382014484126984,1,0.385336349206349,0.69343933531746,0.498279761904762,0.382014484126984,1,0.332186507936508,1
"Cytochrome P450 17A1",1,1,1,1,1,1,1,1,1,1,1
"Histone deacetylase 4",0.84944835600907,0.907976455026455,0.354332275132275,0.354332275132275,1,0.232530555555556,0.132874603174603,0.232530555555556,0.0664373015873016,0.907976455026455,1
"Inhibitor of nuclear factor kappa B kinase epsilon subunit",1,1,1,1,1,1,1,1,1,1,1
"Phosphodiesterase 9A",1,1,1,1,1,1,1,1,1,1,1
"Tyrosine-protein kinase TYK2",1,0.724166587301587,1,0.85893939909297,0.55364417989418,0.55364417989418,0.606240376984127,0.992868562610229,0.55364417989418,0.85893939909297,0.992868562610229
"Steryl-sulfatase",1,1,1,1,1,1,1,1,1,1,1
"Nitric-oxide synthase, brain",1,0.991814002267574,1,0.991814002267574,0.82382253968254,0.182702579365079,0.243603439153439,0.564717063492064,0.0664373015873016,1,1
"Cholesteryl ester transfer protein",0.818009275793651,1,0.818009275793651,1,0.818009275793651,0.818009275793651,0.818009275793651,0.818009275793651,0.818009275793651,0.992868562610229,0.818009275793651
"Protein kinase C epsilon",1,1,1,1,1,1,1,1,1,1,1
"Dual specificity mitogen-activated protein kinase kinase 1",1,1,1,1,1,1,1,0.730810317460317,1,1,1
"Adenosine kinase",1,1,1,1,1,1,1,1,1,1,1
"Hormone sensitive lipase",0.336932029478458,0.336932029478458,1,1,0.336932029478458,0.336932029478458,0.788942956349206,0.336932029478458,0.336932029478458,1,0.332186507936508
"Carbonic anhydrase IX",1,0.705896329365079,1,1,0.705896329365079,1,1,1,0.705896329365079,1,0.705896329365079
"Protein kinase C eta",1,1,1,1,1,0.775101851851852,0.775101851851852,1,0.775101851851852,1,1
"Cytochrome P450 2C19",1,0.382014484126984,0.705896329365079,0.992407192460317,0.992407192460317,0.382014484126984,0.705896329365079,1,0.863684920634921,1,0.98548664021164
"Quinone reductase 1)",1,1,1,1,1,1,1,1,1,1,1
"Casein kinase II alpha",1,1,1,1,1,1,1,1,1,1,1
"Opioid growth factor receptor-like protein 1",1,1,0.744097777777778,1,1,0.744097777777778,0.744097777777778,1,0.744097777777778,0.991023082010582,0.744097777777778
"Kininogen-1",1,1,1,1,1,1,1,1,1,1,1
"Acetyl-coenzyme A transporter 1",1,1,1,1,1,1,1,1,1,1,1
"Fibroblast growth factor receptor 1",0.822161607142857,0.989915793650794,1,0.692055224867725,0.907976455026455,0.692055224867725,0.692055224867725,0.692055224867725,0.822161607142857,0.692055224867725,0.692055224867725
"PI4-kinase alpha subunit",1,1,1,1,1,1,1,1,1,1,1
"Arachidonate 12-lipoxygenase",1,1,1,1,1,1,1,1,1,1,1
"Autotaxin",1,1,1,1,1,0.498279761904762,1,1,0.498279761904762,1,1
"ADAM17",0.581326388888889,0.581326388888889,0.265749206349206,0.919049338624339,0.265749206349206,1,0.919049338624339,1,0.265749206349206,0.581326388888889,0.911140136054422
"Prostanoid EP3 receptor",1,0.938426884920635,0.984102529761905,1,0.969984603174603,0.938426884920635,0.938426884920635,0.984102529761905,0.984102529761905,1,0.938426884920635
"Hepatocyte growth factor receptor",1,1,1,1,1,1,1,1,1,1,1
"Carbonic anhydrase IV",1,1,1,1,0.631154365079365,0.930122222222222,0.930122222222222,0.930122222222222,1,0.930122222222222,0.941195105820106
"11-beta-hydroxysteroid dehydrogenase 2",1,1,1,1,1,1,1,1,1,1,1
"Histamine H4 receptor",1,1,1,1,1,1,1,1,1,1,1
"Beta-glucosidase",1,0.764028968253968,1,1,0.680982341269841,1,1,1,0.680982341269841,1,0.764028968253968
"Urotensin II receptor",1,1,1,1,0.82382253968254,0.423537797619048,0.423537797619048,0.423537797619048,0.968877314814815,0.423537797619048,1
"Metabotropic glutamate receptor 1",1,1,1,1,1,1,1,1,1,1,1
"Dual specificity phosphatase Cdc25A",1,0.907976455026455,0.917665228174603,0.917665228174603,0.498279761904762,0.907976455026455,0.981795679012346,0.863684920634921,1,0.907976455026455,0.907976455026455
"Caspase-8",1,1,0.976628333333333,1,0.976628333333333,0.298967857142857,0.976628333333333,1,1,1,0.976628333333333
"Interleukin-1 receptor-associated kinase 4",0.531498412698413,0.710879126984127,1,1,0.531498412698413,0.710879126984127,1,0.531498412698413,1,1,1
"Histone acetyltransferase p300",1,1,1,1,1,0.382014484126984,0.265749206349206,1,1,1,1
"Hydroxycarboxylic acid receptor 2",0.885830687830688,1,0.885830687830688,0.885830687830688,1,0.885830687830688,0.885830687830688,0.885830687830688,1,1,1
"Serine/threonine-protein kinase PLK4",1,0.871989583333333,0.869221362433862,1,0.869221362433862,0.869221362433862,0.869221362433862,0.869221362433862,1,0.871989583333333,0.869221362433862
"Melanocortin receptor 1",1,1,1,1,1,1,1,1,1,1,1
"Calcitonin gene-related peptide type 1 receptor",1,1,1,1,1,1,1,1,1,1,1
"T-cell protein-tyrosine phosphatase",1,0.584648253968254,0.6754458994709,1,0.584648253968254,0.509352645502645,0.509352645502645,0.509352645502645,1,1,0.702337188208617
"Cytosolic phospholipase A2",0.949104308390023,0.999881388888889,0.949104308390023,0.999881388888889,1,0.664373015873016,0.949104308390023,0.949104308390023,0.764028968253968,0.664373015873016,0.999881388888889
"Hexokinase type IV",1,1,1,1,1,1,1,1,1,1,1
"Serine/threonine-protein kinase NEK2",1,1,0.810535079365079,1,0.810535079365079,0.719737433862434,0.719737433862434,1,0.719737433862434,1,1
"LIM domain kinase 1",1,0.797247619047619,1,1,1,1,1,1,0.797247619047619,0.797247619047619,0.797247619047619
"Cathepsin L",1,0.797247619047619,1,0.858148478835979,0.858148478835979,0.188239021164021,0.188239021164021,1,0.188239021164021,1,1
"Protein kinase C mu",1,1,1,1,1,1,1,1,1,1,1
"Protein-tyrosine phosphatase 2C",1,1,1,1,1,1,1,1,1,1,1
"Matrix metalloproteinase 14",1,1,1,1,1,1,1,1,1,1,1
"Heat shock protein HSP 90-alpha",1,1,1,1,1,0.581326388888889,1,1,0.581326388888889,1,1
"Sodium/glucose cotransporter 2",1,1,1,1,1,1,1,1,1,1,1
"Calpain 1",1,0.132874603174603,0.478348571428571,0.982322959183673,1,0.116265277777778,0.132874603174603,1,0.907976455026455,0.0996559523809524,1
"Sphingosine 1-phosphate receptor Edg-3",1,0.70866455026455,1,1,1,0.332186507936508,0.70866455026455,1,0.747419642857143,1,1
"Bone morphogenetic protein 1",1,1,1,1,1,1,1,1,1,1,1
"Glutathione S-transferase Pi",1,1,1,1,1,1,1,1,1,1,1
"Tyrosine-protein kinase Lyn",1,1,1,1,1,1,1,1,1,1,1
"Ribosomal protein S6 kinase alpha 2",1,0.205955634920635,0.226994113756614,1,0.946731547619048,0.0996559523809524,0.0996559523809524,0.474552154195011,0.182702579365079,0.182702579365079,1
"Carbonic anhydrase XIII",1,0.913512896825397,0.913512896825397,1,0.913512896825397,0.913512896825397,0.913512896825397,1,0.913512896825397,1,1
"Complement C1s",1,1,1,1,0.298967857142857,0.354332275132275,0.805552281746032,1,0.298967857142857,1,1
"Protein kinase C theta",1,1,0.415233134920635,1,0.564717063492064,0.265749206349206,0.603472156084656,0.564717063492064,1,1,0.564717063492064
"Heparanase",1,1,1,0.73911498015873,0.564717063492064,0.73911498015873,1,1,0.73911498015873,1,1
"Methionine aminopeptidase 2",1,1,0.83995731292517,0.83995731292517,0.83995731292517,0.83995731292517,0.83995731292517,0.901055902777778,1,0.83995731292517,0.83995731292517
"Serine/threonine-protein kinase Aurora-C",0.89136712962963,1,0.89136712962963,0.89136712962963,0.89136712962963,1,1,0.89136712962963,1,1,0.89136712962963
"Quinone reductase 2",1,1,1,1,1,1,1,1,1,1,1
"MAP kinase p38 beta",1,1,1,1,1,1,1,1,1,1,1
"Carbonic anhydrase VB",1,1,1,1,1,1,1,1,1,1,1
"GAR transformylase",1,1,1,1,1,1,1,1,1,1,1
"Proteinase-activated receptor 1",1,0.332186507936508,1,1,0.481670436507937,1,1,1,1,1,1
"Fructose-1,6-bisphosphatase",1,1,1,1,1,1,1,1,1,1,1
"Dipeptidyl peptidase II",1,0.890259841269841,0.30727251984127,0.890259841269841,0.890259841269841,0.298967857142857,0.298967857142857,0.41191126984127,0.298967857142857,0.559180621693122,0.890259841269841
"Peroxisome proliferator-activated receptor delta",1,1,1,1,1,1,1,1,1,1,1
"Serine/threonine-protein kinase 10",1,1,1,1,1,1,1,1,1,1,1
"Dual specificity protein kinase TTK",1,0.778792813051146,0.650136451247166,1,0.650136451247166,0.650136451247166,0.778792813051146,0.650136451247166,0.650136451247166,0.650136451247166,0.650136451247166
"Coagulation factor VII",1,1,0.836002711640212,1,0.836002711640212,0.836002711640212,1,0.836002711640212,0.836002711640212,1,0.836002711640212
"PI3-kinase p110-alpha subunit",1,1,1,1,1,1,1,1,1,1,1
"Tyrosine-protein kinase ABL2",1,1,1,1,1,1,1,1,1,1,1
"C-C chemokine receptor type 2",1,1,1,1,1,1,1,1,1,0.265749206349206,1
"Glutamate receptor ionotropic, AMPA 2",1,1,1,1,1,1,1,1,1,1,1
"Neuropeptide Y receptor type 2",0.968086394557823,0.963340873015873,1,1,0.946731547619048,0.971645535714286,0.968086394557823,0.946731547619048,1,0.968086394557823,0.968086394557823
"HMG-CoA reductase",1,1,1,1,1,1,1,1,1,1,1
"Signal transducer and activator of transcription 3",1,1,1,1,1,1,1,1,1,1,1
"Interleukin-8 receptor A",1,1,1,1,1,1,1,1,1,1,1
"Cyclin-dependent kinase 5",0.752956084656085,0.981795679012346,0.581326388888889,1,1,0.581326388888889,0.710879126984127,0.981795679012346,0.132874603174603,0.581326388888889,0.981795679012346
"MAP kinase ERK2",1,1,1,1,1,1,1,1,1,1,1
"Cystic fibrosis transmembrane conductance regulator",1,1,1,1,1,1,1,1,1,1,1
"Chymase",1,0.979950198412698,0.979950198412698,1,1,0.979950198412698,0.979950198412698,1,0.979950198412698,0.979950198412698,1
"Casein kinase II alpha (prime)",1,1,1,1,1,0.979950198412698,1,0.979950198412698,0.979950198412698,1,0.979950198412698
"Cathepsin B",1,1,1,1,1,1,1,1,1,1,1
"Matrix metalloproteinase 7",1,1,1,1,1,1,1,1,1,1,1
"Bombesin receptor subtype-3",1,1,1,1,1,1,1,1,1,1,1
"LXR-beta",1,1,1,1,1,1,1,1,1,1,1
"Neurotensin receptor 1",1,1,1,1,1,1,1,1,1,1,1
"Tyrosine-protein kinase TIE-2",1,1,1,1,1,1,1,1,1,1,1
"Fibroblast growth factor receptor 2",1,0.597935714285714,1,1,1,1,1,1,1,1,1
"Histone deacetylase 9",1,1,1,1,1,1,1,1,1,1,0.797247619047619
"Fatty acid synthase",1,1,1,1,1,1,1,1,1,1,1
"c-Jun N-terminal kinase 2",1,1,1,1,1,1,1,1,1,1,1
"Sodium channel protein type II alpha subunit",1,1,1,1,1,1,1,1,1,1,1
"Monoglyceride lipase",1,0.797247619047619,1,1,0.797247619047619,0.730810317460317,0.730810317460317,1,1,0.730810317460317,1
"Inhibitor of apoptosis protein 3",1,1,1,1,1,0.348795833333333,0.348795833333333,1,0.376478042328042,1,1
"Serine/threonine-protein kinase 2",0.885830687830688,0.647763690476191,0.657729285714286,0.657729285714286,1,0.885830687830688,0.885830687830688,0.647763690476191,0.657729285714286,0.976628333333333,0.885830687830688
"Dual specificity protein kinase CLK4",1,0.963340873015873,1,0.620081481481481,1,1,1,0.265749206349206,0.620081481481481,1,1
"MAP kinase signal-integrating kinase 2",0.603472156084656,1,1,0.697591666666667,0.498279761904762,0.697591666666667,0.498279761904762,0.498279761904762,0.498279761904762,0.701282627865961,0.498279761904762
"Proteasome component C5",1,1,1,1,1,1,1,1,1,1,1
"Tyrosine-protein kinase FRK",1,0.531498412698413,1,1,1,1,1,1,1,1,1
"Dual specificty protein kinase CLK1",1,0.43184246031746,1,0.440147123015873,0.43184246031746,1,1,1,0.43184246031746,1,1
"Dual specificity protein kinase CLK2",1,0.996559523809524,1,1,0.996559523809524,1,1,1,0.996559523809524,0.996559523809524,0.996559523809524
"Lipoxin A4 receptor",1,1,1,1,1,1,1,1,1,1,1
"Estradiol 17-beta-dehydrogenase 3",1,1,1,1,1,1,1,1,1,1,1
"11-beta-hydroxysteroid dehydrogenase 1",1,1,1,1,1,1,1,1,1,0.764028968253968,1
"Ribosomal protein S6 kinase alpha 5",1,1,1,1,1,1,1,1,1,1,1
"ALK tyrosine kinase receptor",1,1,1,1,0.564717063492064,1,1,0.232530555555556,1,1,1
"Hypoxia-inducible factor 1 alpha",1,0.757385238095238,0.907976455026455,1,1,0.265749206349206,0.265749206349206,1,0.265749206349206,0.757385238095238,1
"TGF-beta receptor type II",1,1,1,1,1,1,1,1,1,1,1
"Serine/threonine-protein kinase AKT",1,1,1,1,1,1,1,1,1,1,1
"Sodium channel protein type IX alpha subunit",1,1,1,1,0.83046626984127,0.83046626984127,0.83046626984127,1,1,1,1
"P-glycoprotein 1",1,0.612699559082892,0.448451785714286,1,0.517261848072562,0.448451785714286,0.448451785714286,0.612699559082892,0.448451785714286,0.448451785714286,0.448451785714286
"Heat shock protein HSP 90-beta",1,1,1,1,1,1,1,1,1,1,1
"Calcium-activated potassium channel subunit alpha-1",1,1,1,1,1,1,1,1,1,1,1
"Intermediate conductance calcium-activated potassium channel protein 4",1,1,1,1,1,1,1,1,1,1,1
"Voltage-gated potassium channel subunit Kv1.5",1,1,1,1,1,1,1,1,1,1,1
"Bradykinin B1 receptor",1,1,1,1,1,1,1,1,1,1,1
"Purinergic receptor P2Y1",1,1,1,1,1,1,1,1,1,1,1
"Sphingosine 1-phosphate receptor Edg-1",1,1,1,1,1,1,1,1,1,1,1
"Purine nucleoside phosphorylase",1,1,1,1,1,1,1,1,1,1,1
"Serine/threonine-protein kinase GAK",1,1,1,1,1,1,1,1,1,1,1
"Induced myeloid leukemia cell differentiation protein Mcl-1",1,0.915885657596372,0.378692619047619,1,0.116265277777778,0.116265277777778,0.166093253968254,0.378692619047619,0.453988227513228,1,1
"Dual-specificity tyrosine-phosphorylation regulated kinase 2",1,1,1,1,1,1,1,1,0.963340873015873,1,1
"Gastric inhibitory polypeptide receptor",1,0.43184246031746,1,1,1,1,1,1,1,1,1
"Matrix metalloproteinase 12",1,1,1,1,1,1,1,1,1,1,1
"Sphingosine kinase 1",1,1,1,1,1,1,1,1,1,1,1
"Phosphodiesterase 8B",0.942201731601732,0.942201731601732,0.942201731601732,0.942201731601732,0.942201731601732,0.942201731601732,0.942201731601732,0.942201731601732,0.942201731601732,0.942201731601732,0.942201731601732
"Phosphodiesterase 10A",1,0.651085555555556,0.977577437641723,0.869221362433862,1,0.631154365079365,0.651085555555556,0.631154365079365,0.298967857142857,1,1
"Free fatty acid receptor 1",0.926431261022928,0.926431261022928,1,0.926431261022928,0.926431261022928,0.926431261022928,0.926431261022928,0.926431261022928,0.926431261022928,0.926431261022928,1
"Prostanoid DP receptor",1,1,1,1,0.963340873015873,0.963340873015873,0.963340873015873,1,0.963340873015873,1,1
"Neurokinin 3 receptor",1,1,1,1,1,0.686518783068783,0.686518783068783,1,0.686518783068783,1,1
"TGF-beta receptor type I",0.777316428571429,0.777316428571429,1,1,1,0.777316428571429,0.777316428571429,0.777316428571429,0.896903571428571,1,1
"C-X-C chemokine receptor type 3",1,0.83046626984127,1,1,1,1,1,1,1,1,1
"Vitamin K-dependent protein C",1,0.680982341269841,1,1,0.680982341269841,0.919049338624339,1,1,1,1,1
"Tyrosine-protein kinase FGR",1,1,1,1,1,1,1,1,1,1,1
"NAD-dependent deacetylase sirtuin 3",1,1,0.415233134920635,0.81717880952381,0.415233134920635,1,1,0.415233134920635,1,1,0.415233134920635
"NAD-dependent deacetylase sirtuin 2",1,1,1,1,1,1,1,1,1,1,1
"Acyl coenzyme A:cholesterol acyltransferase 2",1,1,1,1,1,0.332186507936508,1,1,1,1,1
"Voltage-gated N-type calcium channel alpha-1B subunit",1,1,1,1,1,1,1,1,1,0.265749206349206,1
"Nitric oxide synthase, inducible",1,1,0.874757804232804,1,0.874757804232804,0.874757804232804,1,0.874757804232804,0.874757804232804,1,0.874757804232804
"Serine/threonine-protein kinase PAK 4",0.959649911816579,0.265749206349206,1,0.84470283446712,0.788942956349206,0.788942956349206,0.647763690476191,0.841539153439153,0.959649911816579,0.841539153439153,1
"Ribosomal protein S6 kinase 1",1,0.968086394557823,0.871989583333333,0.697591666666667,1,0.871989583333333,0.697591666666667,1,0.968086394557823,0.968086394557823,1
"NAD-dependent deacetylase sirtuin 1",1,1,1,1,0.282358531746032,1,1,1,0.232530555555556,1,1
"Glutaminyl-peptide cyclotransferase",1,1,1,1,1,1,1,1,1,1,1
"Serine/threonine-protein kinase PIM2",1,1,1,1,0.415233134920635,1,1,0.415233134920635,1,1,1
"TRAF2- and NCK-interacting kinase",1,1,1,1,0.21592123015873,1,1,0.21592123015873,1,1,1
"Coagulation factor XIII",1,1,1,1,1,1,1,1,1,1,1
"5-lipoxygenase activating protein",1,1,1,1,1,1,1,1,1,1,1
"Neuropeptide Y receptor type 5",1,1,1,1,1,1,1,1,1,1,1
"Kinesin-like protein 1",0.925969890873016,0.919049338624339,1,0.925969890873016,1,0.919049338624339,0.919049338624339,0.925969890873016,0.925969890873016,1,0.925969890873016
"Matrix metalloproteinase 8",1,1,1,1,1,1,1,1,1,1,1
"C-C chemokine receptor type 8",1,1,1,1,1,1,1,1,1,1,1
"Tyrosine kinase non-receptor protein 2",1,1,1,1,1,1,1,1,1,1,1
"Serine/threonine-protein kinase PAK 1",1,1,1,1,1,1,1,1,1,1,1
"Tyrosine-protein kinase BRK",1,1,1,1,1,1,1,1,1,1,1
"Melanocortin receptor 5",1,0.863684920634921,1,1,1,1,1,1,1,1,1
"Ghrelin receptor",1,1,1,1,1,1,1,1,1,1,1
"Phenylethanolamine N-methyltransferase",1,1,1,1,1,1,1,1,1,1,1
"Leukotriene A4 hydrolase",1,1,1,1,1,1,1,1,1,1,1
"Apoptosis regulator Bcl-X",1,1,1,1,1,0.0996559523809524,0.332186507936508,1,1,1,1
"Serine/threonine-protein kinase Chk1",1,1,1,1,1,0.996559523809524,1,1,1,1,1
"Voltage-gated potassium channel subunit Kv1.3",0.847075595238095,0.847075595238095,0.847075595238095,0.847075595238095,0.847075595238095,1,0.847075595238095,0.847075595238095,0.847075595238095,0.847075595238095,0.847075595238095
"Voltage-gated T-type calcium channel alpha-1G subunit",1,1,1,1,1,1,1,1,1,1,1
"Melanocortin receptor 3",0.982322959183673,0.982322959183673,0.982322959183673,0.982322959183673,0.982322959183673,1,1,0.982322959183673,1,1,0.982322959183673
"Dipeptidyl peptidase VIII",1,1,1,1,1,1,1,1,1,1,1
"Lymphocyte differentiation antigen CD38",1,1,1,1,1,1,1,1,1,1,1
"Proteasome Macropain subunit MB1",1,1,1,1,1,1,1,1,1,1,1
"Apoptosis regulator Bcl-W",1,1,1,1,1,1,1,1,1,1,1
"Aldo-keto-reductase family 1 member C3",1,1,0.884446577380952,0.884446577380952,0.697591666666667,0.697591666666667,0.697591666666667,0.697591666666667,0.697591666666667,0.719737433862434,1
"Fibroblast activation protein alpha",1,1,1,1,1,1,1,1,1,1,1
"Indoleamine 2,3-dioxygenase",1,0.199311904761905,1,0.930122222222222,1,1,1,0.498279761904762,1,1,1
"Malonyl-CoA decarboxylase",1,1,1,1,1,1,1,1,1,1,1
"Isoprenylcysteine carboxyl methyltransferase",1,1,1,1,1,1,1,1,1,1,1
"Serine/threonine-protein kinase Aurora-A",0.834618601190476,1,0.27682208994709,1,0.834618601190476,0.27682208994709,0.373709821428571,0.834618601190476,0.27682208994709,1,0.834618601190476
"C3a anaphylatoxin chemotactic receptor",1,0.907976455026455,1,0.907976455026455,1,0.907976455026455,1,0.907976455026455,0.907976455026455,0.907976455026455,1
"Vesicular acetylcholine transporter",1,1,1,1,1,1,1,1,1,1,1
"Geranylgeranyl pyrophosphate synthetase",1,1,1,1,1,1,1,1,1,1,1
"Neuropeptide Y receptor type 1",1,1,1,1,1,1,1,1,1,1,1
"Carbonic anhydrase VA",1,1,1,1,1,1,1,1,1,1,1
"Endothelin-converting enzyme 1",1,0.672677678571429,0.672677678571429,1,0.672677678571429,0.631154365079365,0.631154365079365,0.332186507936508,0.631154365079365,0.752956084656085,0.672677678571429
"Orexin receptor 2",1,1,1,1,1,1,1,0.880294246031746,1,1,0.880294246031746
"Dipeptidyl peptidase IX",1,1,1,1,1,1,1,1,1,1,1
"Vanilloid receptor",1,1,1,1,1,1,1,1,1,1,1
"Caspase-1",1,1,1,1,1,1,1,1,1,1,1
"Nitric-oxide synthase, endothelial",1,1,1,1,1,1,1,1,1,1,1
"Dual specificity phosphatase Cdc25B",1,1,1,1,1,1,1,1,1,1,1
"P2X purinoceptor 7",0.82572074829932,0.863684920634921,0.82572074829932,1,0.298967857142857,1,1,0.332186507936508,0.82572074829932,0.82572074829932,0.332186507936508
"Serine/threonine-protein kinase AKT3",1,1,1,1,1,1,1,1,1,1,1
"Beta-secretase 1",1,1,0.398623809523809,1,0.603472156084656,0.584648253968254,0.398623809523809,0.398623809523809,1,1,0.584648253968254
"Acetyl-CoA carboxylase 2",1,1,1,1,1,1,1,1,1,1,1
"L-lactate dehydrogenase A chain",0.84470283446712,1,1,0.84470283446712,0.764028968253968,0.84470283446712,1,0.730810317460317,0.813856944444445,0.764028968253968,1
"C-X3-C chemokine receptor 1",1,1,1,1,1,1,1,1,1,1,1
"Eukaryotic translation initation factor",0.930122222222222,0.232530555555556,1,1,1,1,1,1,0.930122222222222,1,1
"Apoptosis regulator Bcl-2",1,1,1,1,1,1,1,1,1,1,1
"Cytochrome P450 1B1",1,0.465061111111111,1,1,1,1,1,1,1,0.979950198412698,1
"Tyrosine-protein kinase receptor UFO",1,1,1,1,1,1,1,1,1,1,1
"Neurotrophic tyrosine kinase receptor type 2",1,1,1,1,1,1,1,1,1,1,1
"Mitogen-activated protein kinase kinase kinase 8",1,1,1,1,1,1,1,1,1,1,1
"Low molecular weight phosphotyrosine protein phosphatase",1,1,1,1,1,1,1,1,1,1,1
"Casein kinase I epsilon",1,0.627002033730159,1,0.627002033730159,0.627002033730159,0.627002033730159,0.627002033730159,0.974413756613757,0.332186507936508,0.627002033730159,0.627002033730159
"L-lactate dehydrogenase B chain",1,1,1,1,1,1,1,1,1,1,1
"S-methyl-5-thioadenosine phosphorylase",1,1,1,1,1,1,1,1,1,1,1
"Proto-oncogene c-JUN",1,1,1,1,1,1,1,1,1,1,1
"Sodium/glucose cotransporter 1",1,1,1,1,1,1,1,1,1,1,1
"Transketolase",1,1,1,1,1,1,1,1,1,1,1
"Serine/threonine-protein kinase RIPK2",1,1,1,1,1,1,1,1,1,1,1
"p53-binding protein Mdm-2",1,1,1,1,1,1,1,0.930122222222222,1,1,1
"Serine-protein kinase ATR",1,1,1,1,1,1,1,1,1,1,1
"ADAM10",1,1,1,1,1,1,1,1,1,1,1
"Endoplasmic reticulum aminopeptidase 2",1,0.487206878306878,1,1,0.797247619047619,1,1,0.43184246031746,0.132874603174603,1,1
"G protein-coupled receptor 44",1,1,1,1,1,1,1,1,1,1,1
"Endothelial lipase",1,1,1,1,1,1,1,1,1,1,1
"Histone deacetylase 10",0.754063373015873,0.754063373015873,0.711828231292517,0.711828231292517,0.711828231292517,0.711828231292517,0.754063373015873,0.711828231292517,1,0.711828231292517,0.711828231292517
"GABA receptor alpha-5 subunit",1,1,0.76956541005291,0.76956541005291,1,0.76956541005291,0.76956541005291,0.76956541005291,0.76956541005291,0.778265532879819,1
"Orexin receptor 1",1,1,1,1,1,1,1,1,1,1,1
"Discoidin domain-containing receptor 2",1,1,1,1,1,1,1,1,1,1,1
"Metabotropic glutamate receptor 2",1,1,1,1,1,1,1,1,1,1,1
"Cytochrome P450 26A1",1,1,1,1,1,1,1,1,1,1,1
"Serine/threonine-protein kinase B-raf",1,1,1,0.520425529100529,1,1,1,0.520425529100529,0.520425529100529,1,1
"Ephrin type-B receptor 4",1,1,1,1,1,1,1,1,1,1,1
"Neuropilin-1",0.712355511463845,0.83046626984127,0.618697371031746,0.618697371031746,0.597935714285714,0.618697371031746,0.618697371031746,0.597935714285714,0.618697371031746,0.83046626984127,0.618697371031746
"dUTP pyrophosphatase",1,0.863684920634921,1,1,1,0.941195105820106,0.863684920634921,1,1,1,1
"Serine/threonine-protein kinase ILK-1",1,1,1,1,1,1,1,1,1,1,1
"Tyrosine-protein kinase BTK",1,0.55364417989418,1,1,0.55364417989418,0.705896329365079,0.55364417989418,1,1,0.989915793650794,1
"Serine/threonine-protein kinase TNNI3K",0.704235396825397,0.704235396825397,0.704235396825397,1,1,0.704235396825397,0.704235396825397,1,1,0.752956084656085,1
"Cytochrome P450 2A6",1,0.354332275132275,1,1,0.671016746031746,0.354332275132275,0.671016746031746,1,1,0.354332275132275,1
"Mitogen-activated protein kinase kinase kinase 5",1,1,1,1,1,1,1,1,1,1,1
"Tyrosine-protein kinase receptor TYRO3",0.989915793650794,1,0.989915793650794,0.989915793650794,0.989915793650794,0.989915793650794,0.989915793650794,0.989915793650794,0.989915793650794,0.989915793650794,0.989915793650794
"Epithelial discoidin domain-containing receptor 1",1,1,1,1,1,1,1,1,1,1,1
"Proto-oncogene tyrosine-protein kinase MER",1,1,1,1,1,1,1,1,1,1,1
"Baculoviral IAP repeat-containing protein 3",0.702337188208617,0.651085555555556,1,0.651085555555556,0.992407192460317,1,0.651085555555556,0.232530555555556,1,0.702337188208617,0.597935714285714
"Poly [ADP-ribose] polymerase 2",1,1,1,1,1,1,1,1,1,1,1
"P-selectin",1,1,1,1,1,1,1,1,1,1,1
"ATP-binding cassette sub-family G member 2",1,0.531498412698413,0.332186507936508,1,0.531498412698413,0.744097777777778,1,0.76956541005291,1,1,0.332186507936508
"Pituitary adenylate cyclase-activating polypeptide type I receptor",1,1,1,1,1,1,1,1,1,1,1
"Serine/threonine-protein kinase PIM3",1,0.996559523809524,1,0.996559523809524,1,1,1,0.996559523809524,1,1,0.996559523809524
"G-protein coupled bile acid receptor 1",1,0.896903571428572,1,1,1,0.896903571428572,0.896903571428572,1,0.896903571428572,0.896903571428572,1
"Metastin receptor",1,1,0.274053869047619,1,1,0.149483928571429,0.149483928571429,0.378692619047619,0.243603439153439,0.697591666666667,0.575789947089947
"Cell division cycle 7-related protein kinase",0.943409682539682,1,0.76956541005291,0.76956541005291,0.265749206349206,0.772333630952381,0.772333630952381,0.265749206349206,0.943409682539682,0.76956541005291,0.76956541005291
"Sodium channel protein type X alpha subunit",1,1,1,1,1,1,1,1,1,1,1
"Baculoviral IAP repeat-containing protein 2",1,1,0.797247619047619,0.70866455026455,1,0.70866455026455,0.910191031746032,0.199311904761905,1,1,1
"Receptor-interacting serine/threonine-protein kinase 1",1,0.963340873015873,1,1,1,0.963340873015873,1,0.963340873015873,1,0.963340873015873,1
"Protein tyrosine kinase 2 beta",0.737454047619048,0.465061111111111,0.737454047619048,0.737454047619048,0.465061111111111,0.465061111111111,0.737454047619048,0.465061111111111,0.887843939393939,0.465061111111111,0.737454047619048
"Perforin-1",1,0.863684920634921,1,1,1,1,1,1,1,1,1
"D-amino-acid oxidase",1,1,1,1,0.382014484126984,1,1,1,0.382014484126984,1,1
"Serine/threonine-protein kinase WEE1",1,1,1,1,1,1,1,1,1,1,1
"Histone acetyltransferase PCAF",0.926431261022928,0.926431261022928,1,1,0.730810317460317,0.926431261022928,0.926431261022928,0.926431261022928,0.926431261022928,0.926431261022928,0.926431261022928
"Secreted frizzled-related protein 1",1,1,1,1,1,1,1,0.979950198412698,0.979950198412698,1,1
"Transient receptor potential cation channel subfamily V member 3",1,1,1,1,0.930122222222222,0.930122222222222,1,1,0.930122222222222,0.930122222222222,0.930122222222222
"Protein-arginine N-methyltransferase 1",1,0.780638293650794,1,1,1,1,1,0.780638293650794,1,1,1
"Nuclear factor NF-kappa-B p65 subunit",1,0.507770804988662,1,0.782483774250441,0.507770804988662,0.52319375,0.507770804988662,0.507770804988662,0.507770804988662,0.507770804988662,0.507770804988662
"Dual specificity tyrosine-phosphorylation-regulated kinase 1B",1,1,0.697591666666667,1,1,0.321113624338624,0.199311904761905,0.415233134920635,0.199311904761905,1,1
"Acyl-CoA desaturase",1,1,1,1,1,1,1,1,1,1,1
"Proto-oncogene tyrosine-protein kinase ROS",1,1,1,1,1,1,1,1,1,1,1
"Lysyl-tRNA synthetase",1,0.788942956349206,0.885830687830688,0.950053412698413,0.747419642857143,0.788942956349206,0.941195105820106,0.747419642857143,0.920631179138322,0.885830687830688,0.938426884920635
"DNA-(apurinic or apyrimidinic site) lyase",1,1,0.544785873015873,0.544785873015873,0.683355102040816,0.332186507936508,0.498279761904762,0.544785873015873,0.812011463844797,0.812011463844797,0.683355102040816
"Glucose-dependent insulinotropic receptor",1,1,1,1,0.697591666666667,1,0.786174735449735,0.786174735449735,1,1,1
"Prostaglandin E synthase",1,1,0.531498412698413,1,0.298967857142857,0.680982341269841,1,0.564717063492063,1,1,1
"G protein-coupled receptor kinase 5",1,1,1,1,1,1,1,1,1,1,1
"Egl nine homolog 1",1,0.813856944444445,1,1,1,1,1,1,1,0.813856944444445,1
"Elongation of very long chain fatty acids protein 6",1,1,1,1,1,1,1,1,1,1,1
"Glucagon",1,1,1,1,1,1,1,1,1,1,1
"CREB-binding protein",1,1,0.933813183421517,0.933813183421517,0.797247619047619,0.933813183421517,0.933813183421517,0.933813183421517,0.841539153439153,0.933813183421517,0.841539153439153
"Mitogen-activated protein kinase kinase kinase 7",1,1,1,1,1,1,1,1,1,1,1
"Interferon-induced, double-stranded RNA-activated protein kinase",1,0.692846145124717,0.539803075396825,1,0.332186507936508,1,1,0.332186507936508,0.558073333333333,0.658836574074074,0.332186507936508
"Aldo-keto reductase family 1 member C2",1,0.963340873015873,1,1,1,0.963340873015873,1,0.963340873015873,0.963340873015873,1,1
"Trace amine-associated receptor 1",1,0.730810317460317,0.890259841269841,1,1,0.730810317460317,0.797247619047619,1,0.730810317460317,1,1
"Nuclear receptor ROR-alpha",1,1,1,1,1,1,1,1,1,1,1
"Heat shock factor protein 1",1,0.896903571428572,1,1,1,0.896903571428572,0.896903571428572,1,0.896903571428572,0.896903571428572,1
"Hematopoietic prostaglandin D synthase",1,0.714200992063492,1,1,1,1,1,0.714200992063492,1,1,1
"Aldo-keto reductase family 1 member C1",1,1,1,1,1,1,1,1,1,1,1
"Bifunctional protein NCOAT",1,1,1,1,1,1,1,1,1,1,1
"LIM domain kinase 2",1,1,1,1,1,1,1,1,1,1,1
"Serine/threonine-protein kinase PLK2",1,1,1,1,1,1,1,1,1,1,1
"Neuropeptide FF receptor 1",1,1,1,1,1,1,1,1,1,1,1
"Neuropeptide FF receptor 2",1,1,1,1,1,1,1,1,1,1,1
"IgG receptor FcRn large subunit p51",1,1,1,1,1,1,1,1,1,1,1
"Smoothened homolog",1,1,1,1,0.919049338624339,1,0.979950198412698,0.919049338624339,0.919049338624339,1,1
"Aldo-keto reductase family 1 member B10",1,1,1,1,1,1,1,1,0.43184246031746,1,1
"Serine/threonine-protein kinase 33",1,1,1,1,1,1,1,1,0.564717063492064,1,1
"Transient receptor potential cation channel subfamily A member 1",1,1,1,0.930122222222222,1,1,1,0.930122222222222,0.764028968253968,0.930122222222222,1
"Diacylglycerol O-acyltransferase 1",1,0.415233134920635,0.847075595238095,0.959649911816579,0.415233134920635,0.959649911816579,0.959649911816579,0.420769576719577,0.959649911816579,1,0.959649911816579
"Histone-lysine N-methyltransferase, H3 lysine-9 specific 3",1,0.883616111111111,1,0.883616111111111,1,0.946731547619048,0.883616111111111,0.883616111111111,0.883616111111111,1,0.958595351473923
"Lysine-specific histone demethylase 1",1,1,1,1,1,1,1,1,1,1,1
"Alpha-synuclein",1,1,1,1,1,1,1,1,1,1,1
"Tankyrase-2",1,1,0.692055224867725,1,0.692055224867725,0.692055224867725,0.692055224867725,0.692055224867725,1,1,0.692055224867725
"Tankyrase-1",1,1,1,1,1,1,1,1,1,1,1
"Mitogen-activated protein kinase kinase kinase kinase 4",1,0.957804431216931,0.509352645502645,0.957804431216931,0.282358531746032,1,1,0.880294246031746,0.132874603174603,1,1
"Lysine-specific demethylase 4C",1,1,1,1,1,1,1,1,1,1,1
