"","EGFR","Hypoxia","JAK.STAT","MAPK","NFkB","PI3K","TGFb","TNFa","Trail","VEGF","p53"
"Arginase-1",0.836002711640212,0.836002711640212,1,0.836002711640212,0.836002711640212,0.982322959183673,1,1,1,0.836002711640212,0.836002711640212
"Leucine-rich repeat serine/threonine-protein kinase 2",0.873175963718821,0.87614191468254,1,0.0863684920634921,0,1,0.0863684920634921,0.0166093253968254,0.188239021164021,1,0.0863684920634921
"Tyrosyl-DNA phosphodiesterase 1",1,1,1,1,1,1,1,1,1,1,1
"Transitional endoplasmic reticulum ATPase",0.860363055555556,0.860363055555556,0.860363055555556,0.597935714285714,0.860363055555556,0.860363055555556,0.860363055555556,0.860363055555556,0.860363055555556,0.860363055555556,1
"Glucokinase regulatory protein",1,1,1,0.332186507936508,1,1,1,1,1,1,1
"Pyruvate kinase isozymes M1/M2",0.564717063492064,1,1,1,0.604579444444444,1,0.564717063492064,1,1,0.564717063492064,0.564717063492064
"Transient receptor potential cation channel subfamily M member 8",0.166093253968254,1,1,1,1,1,1,1,1,1,1
"G-protein coupled receptor 55",0.0332186507936508,0.592399272486772,0.759876636904762,0.116265277777778,0.442915343915344,1,0.767719929453263,0.692846145124717,0.592399272486772,0.592399272486772,0.883616111111111
"Endoplasmin",0.551429603174603,1,1,0.0332186507936508,0.551429603174603,0.551429603174603,0.906394614512472,0.551429603174603,1,1,0.780638293650794
"Serine/threonine-protein kinase/endoribonuclease IRE1",1,0.988254861111111,1,0.988254861111111,1,1,0.988254861111111,1,1,0.988254861111111,1
"NADPH oxidase 4",0.741883201058201,0.741883201058201,1,1,1,1,1,1,0.741883201058201,1,1
"Ketohexokinase",0,0.199311904761905,0.376478042328042,1,1,1,1,0.863684920634921,1,1,1
"Lethal(3)malignant brain tumor-like protein 1",0.878448765432099,0,1,0.0332186507936508,0.685134672619048,0.478348571428571,0.685134672619048,0.055364417989418,0.685134672619048,1,0.478348571428571
"Microtubule-associated protein tau",1,0.537034854497355,1,0.537034854497355,0.315577182539683,1,0.315577182539683,1,1,0.315577182539683,0.315577182539683
"15-hydroxyprostaglandin dehydrogenase [NAD+]",1,0.855380257936508,1,1,0.855380257936508,1,0.910191031746032,0,0.855380257936508,1,1
"G-protein coupled receptor 35",1,1,1,1,1,1,1,0.797247619047619,1,1,1
"ATP-sensitive inward rectifier potassium channel 1",1,1,1,1,1,1,1,1,1,1,1
"Neuropeptides B/W receptor type 1",0.671016746031746,1,1,1,1,1,0.671016746031746,0.671016746031746,0.671016746031746,0.819393386243386,0.671016746031746
"Nuclear receptor ROR-gamma",0.292324126984127,0.257444543650794,0.110728835978836,0,1,1,1,0.083046626984127,1,0.575789947089947,1
"DNA topoisomerase I",0.780638293650794,0.892751240079365,0.892751240079365,0.871989583333333,0.892751240079365,1,1,0.871989583333333,0.892751240079365,1,0.780638293650794
"Farnesyl diphosphate synthase",0.89136712962963,1,0.365405158730159,1,0.664373015873016,1,0.631154365079365,0.631154365079365,1,1,0.298967857142857
"Glucagon-like peptide 1 receptor",0.664373015873016,1,1,1,1,0.919049338624339,1,1,0.919049338624339,1,1
"Endothelin receptor ET-B",1,0.442915343915344,0.797247619047619,1,0.315577182539683,1,0.442915343915344,0.442915343915344,0.315577182539683,1,0.442915343915344
"Steroid 5-alpha-reductase 1",0.84375373015873,1,0.415233134920635,0.254676322751323,0.254676322751323,1,1,0.132874603174603,1,1,1
"Vasopressin V2 receptor",0.166093253968254,1,1,1,1,0.597935714285714,1,1,1,1,1
"Somatostatin receptor 5",0.0664373015873016,0.793556657848325,0.906869166666667,0,0.15502037037037,0.218293990929705,0.357100496031746,0.15502037037037,1,0.15502037037037,0.15502037037037
"Histone-lysine N-methyltransferase, H3 lysine-79 specific",0.166093253968254,0.944358786848073,0.783960158730159,0.783960158730159,1,0.498279761904762,0.944358786848073,0.498279761904762,1,1,1
"Bromodomain-containing protein 3",0.232530555555556,0.481670436507936,0.847075595238095,1,0.0996559523809524,1,0.481670436507936,1,0.481670436507936,0.847075595238095,0.116265277777778
"Cysteinyl leukotriene receptor 1",0.249139880952381,1,1,1,1,1,1,1,1,1,0.0664373015873016
"Plasminogen",0.132874603174603,1,1,1,1,1,0.885830687830688,0.885830687830688,1,1,1
"Leukocyte adhesion glycoprotein LFA-1 alpha",0.697591666666667,1,0.697591666666667,0.697591666666667,0.697591666666667,1,1,1,1,1,0.697591666666667
"Somatostatin receptor 2",0.149483928571429,1,0.398623809523809,0.0332186507936508,0.919049338624339,0.919049338624339,0.919049338624339,0.243603439153439,1,0.298967857142857,0.298967857142857
"Muscarinic acetylcholine receptor M4",1,1,1,1,1,1,1,0.116265277777778,1,1,0
"Inosine-5'-monophosphate dehydrogenase 1",0.132874603174603,0.586862830687831,0.869221362433862,0.249139880952381,1,1,1,1,1,0.797247619047619,0.869221362433862
"Receptor protein-tyrosine kinase erbB-2",1,1,1,0.166093253968254,0.481670436507937,1,1,1,1,1,1
"TNF-alpha",0.232530555555556,1,0.674338611111111,0.653300132275132,0.674338611111111,0.674338611111111,0.653300132275132,0.674338611111111,0.674338611111111,0.674338611111111,0.674338611111111
"Phosphodiesterase 5A",0.877921485260771,1,1,1,0.877921485260771,0.877921485260771,0.877921485260771,1,0.877921485260771,0.877921485260771,0.877921485260771
"Serotonin 2b (5-HT2b) receptor",1,1,1,1,1,1,1,1,1,1,1
"Thromboxane-A synthase",0.575789947089947,1,1,1,0.132874603174603,1,1,1,1,1,0.166093253968254
"Prostanoid EP4 receptor",1,0.953849829931973,0.0332186507936508,0.89136712962963,0.0332186507936508,1,1,0.224225892857143,0.188239021164021,1,0.597935714285714
"Dopamine D5 receptor",0.561026102292769,0.674338611111111,0.393087367724868,0.157788591269841,0.132874603174603,0.561026102292769,0.149483928571429,0.199311904761905,0.803287373737374,0.561026102292769,0.157788591269841
"Somatostatin receptor 4",0.352117698412698,0.651916021825397,1,0.116265277777778,0.332186507936508,1,0.420769576719577,0.177166137566138,0.116265277777778,1,0.651916021825397
"Gonadotropin-releasing hormone receptor",0.0166093253968254,0.166093253968254,0.959188541666667,0,0.959188541666667,0.959188541666667,0.978104717813051,0.959188541666667,1,0.959188541666667,1
"4-hydroxyphenylpyruvate dioxygenase",0.786174735449735,1,0.786174735449735,0.786174735449735,1,1,0.786174735449735,1,1,0.786174735449735,0.786174735449735
"Tyrosine-protein kinase ABL",0.968086394557823,0.968086394557823,0.968086394557823,0.968086394557823,0.968086394557823,0.968086394557823,1,1,1,0.968086394557823,1
"Vascular endothelial growth factor receptor 1",0.385336349206349,1,0.939613265306122,0.385336349206349,0.992407192460317,0.385336349206349,1,1,0.385336349206349,0.385336349206349,0.939613265306122
"Tissue-type plasminogen activator",0.0996559523809524,1,0.232530555555556,0,1,1,1,1,1,1,1
"Calcium sensing receptor",0.714200992063492,1,0.714200992063492,0.714200992063492,0.714200992063492,1,1,0.972831916099773,0.714200992063492,0.714200992063492,1
"Neuronal acetylcholine receptor protein alpha-4 subunit",0,1,0.910191031746032,0.631154365079365,0.631154365079365,0.838770932539683,0.838770932539683,0.631154365079365,0.365405158730159,0.910191031746032,0.365405158730159
"Potassium channel, inwardly rectifying, subfamily J, member 11",0.870328650793651,0.907976455026455,1,0.0332186507936508,1,1,0.870328650793651,0.870328650793651,1,1,0.0332186507936508
"Vasopressin V1a receptor",1,1,1,1,0.597935714285714,1,1,1,1,1,1
"Glutamate carboxypeptidase II",0.265749206349206,0.83046626984127,0.83046626984127,0.83046626984127,0.83046626984127,0.83046626984127,0.83046626984127,1,0.950053412698413,0.83046626984127,0.83046626984127
"Serotonin 1b (5-HT1b) receptor",0.083046626984127,0.49274332010582,0.49274332010582,0.610392708333333,0.0885830687830688,1,0.701282627865961,0.49274332010582,0.607426757369614,0.083046626984127,1
"Serotonin 3a (5-HT3a) receptor",0.177166137566138,1,1,0.166093253968254,0,1,0.780638293650794,0.332186507936508,0.358761428571429,1,1
"Aldose reductase",0.0664373015873016,0.98548664021164,0.98548664021164,0.855380257936508,0.855380257936508,1,1,0.855380257936508,0.98548664021164,0.98548664021164,0.98548664021164
"Glutamate [NMDA] receptor subunit epsilon 2",1,1,1,1,1,1,1,1,1,1,1
"Serine/threonine-protein kinase RAF",0.0166093253968254,0.610392708333333,0.548107738095238,0.0166093253968254,1,0.548107738095238,0.946731547619048,0.83046626984127,0.548107738095238,0.610392708333333,0.548107738095238
"Aminopeptidase N",1,1,1,1,0.797247619047619,1,1,0.797247619047619,1,1,1
"Cytochrome P450 11B1",0,0.677660476190476,0.677660476190476,0.0332186507936508,1,1,1,0.874757804232804,1,0.677660476190476,1
"Butyrylcholinesterase",1,1,1,1,0.597935714285714,1,1,0.465061111111111,1,1,1
"Alpha-2c adrenergic receptor",0.564717063492064,1,1,0.332186507936508,0.953849829931973,1,0.874757804232804,0.52319375,0.52319375,0.52319375,1
"Melatonin receptor 1A",0.55364417989418,1,1,0.55364417989418,1,1,1,0.55364417989418,1,1,1
"Melatonin receptor 1B",0.409696693121693,0.772333630952381,0.409696693121693,1,0.772333630952381,0.772333630952381,1,0.772333630952381,0.365405158730159,1,0.772333630952381
"Thyroid hormone receptor beta-1",0.738192239858907,0.315577182539683,0.813856944444445,0.315577182539683,0.535650744047619,0.535650744047619,0.315577182539683,0.315577182539683,0.182702579365079,0.945221608946609,0.182702579365079
"Cyclophilin A",1,0.737454047619048,0.737454047619048,0.737454047619048,0.564717063492064,1,1,0.913512896825397,1,0.737454047619048,1
"Thymidylate synthase",0.0498279761904762,0.0498279761904762,1,0,0.372048888888889,0.716573752834467,1,0,1,1,0.658836574074074
"Vascular endothelial growth factor receptor 3",0.0664373015873016,0.298967857142857,0.973306468253968,0.686518783068783,0.993539646464647,0.973306468253968,0.686518783068783,0.973306468253968,0.697591666666667,0.686518783068783,0.686518783068783
"Insulin-like growth factor I receptor",0.581326388888889,1,0.531498412698413,1,1,1,1,1,1,1,0.941195105820106
"Epoxide hydrolase 1",0.98548664021164,0.552260069444445,1,0.287894973544974,0,1,0.287894973544974,0.287894973544974,0.552260069444445,0.287894973544974,0.287894973544974
"Tyrosine-protein kinase receptor FLT3",0.597935714285714,0.0664373015873016,1,1,0.282358531746032,1,1,0.0885830687830688,1,0.0664373015873016,0.979950198412698
"Vitamin D receptor",1,0.838770932539683,0.790603888888889,0.790603888888889,0.790603888888889,1,0.838770932539683,0.838770932539683,1,0.790603888888889,0.790603888888889
"Cytochrome P450 19A1",0.0166093253968254,1,0.92458578042328,0,1,0.92458578042328,0.92458578042328,0.92458578042328,1,1,1
"Insulin receptor",0.0664373015873016,0.609008597883598,0.558073333333333,1,1,1,0.382014484126984,0.783011054421769,1,0.558073333333333,0.558073333333333
"Serotonin 1d (5-HT1d) receptor",0.0996559523809524,1,0.556412400793651,0.556412400793651,0.858148478835979,1,0.556412400793651,1,1,1,0.710879126984127
"Inhibitor of nuclear factor kappa B kinase beta subunit",1,1,1,0.597935714285714,1,1,1,1,1,1,0.597935714285714
"Prostanoid IP receptor",0.531498412698413,0.398623809523809,0.96636075036075,0.674338611111111,0.426306018518519,0.426306018518519,0.579480908289242,0.398623809523809,0.398623809523809,0.526752891156463,0.426306018518519
"Equilibrative nucleoside transporter 1",1,1,1,0.697591666666667,1,1,1,0.697591666666667,1,1,1
"Purinergic receptor P2Y12",0.771410890652557,0.43184246031746,0.664373015873016,0.664373015873016,0.21592123015873,0.43184246031746,1,0.664373015873016,0.43184246031746,1,0.0996559523809524
"Retinoic acid receptor gamma",0,0.564717063492063,0.506584424603175,0,1,1,0.564717063492063,0.647763690476191,1,0.564717063492063,0.27682208994709
"Platelet-derived growth factor receptor alpha",0.559180621693122,1,0.772333630952381,0,0.520425529100529,0.551429603174603,0.551429603174603,0.593190192743764,0.856302998236332,1,0.448451785714286
"Retinoic acid receptor beta",0.298967857142857,1,1,1,0.298967857142857,1,1,0.298967857142857,1,1,1
"Nociceptin receptor",0.39862380952381,0.39862380952381,1,0,0.39862380952381,0.52319375,0.43184246031746,0.43184246031746,0.572098985890653,1,0.484043197278912
"Dihydrofolate reductase",0.199311904761905,1,1,0.597935714285714,1,1,1,1,1,1,1
"Epidermal growth factor receptor erbB1",1,0.0664373015873016,0.786174735449735,0.365405158730159,1,0.373709821428571,1,0.365405158730159,0.786174735449735,1,0.949104308390023
"Muscarinic acetylcholine receptor M5",1,0.597935714285714,1,1,1,1,1,0.298967857142857,1,1,1
"Peptidyl-prolyl cis-trans isomerase FKBP5",1,0.415233134920635,1,0.321113624338624,0.265749206349206,1,1,0.199311904761905,1,1,1
"Retinoic acid receptor alpha",1,1,1,1,1,0.98548664021164,1,0.39862380952381,1,1,0.0664373015873016
"Estrogen receptor alpha",0.498279761904762,1,0.498279761904762,0.0332186507936508,1,0.245818015873016,0.245818015873016,0.933813183421517,0.12180171957672,0.933813183421517,0.083046626984127
"Beta-2 adrenergic receptor",0.645390929705215,1,0.645390929705215,0.645390929705215,0.298967857142857,0.87106684303351,0.645390929705215,0.993237658730159,0.645390929705215,0.764028968253968,0.645390929705215
"Cyclin T1",1,0.143947486772487,0.438486190476191,0.315577182539683,0,1,1,0.0166093253968254,1,1,1
"Muscarinic acetylcholine receptor M2",0.0332186507936508,0.747419642857143,0.959188541666667,0.959188541666667,1,0.609008597883598,0.959188541666667,1,0.149483928571429,1,0.959188541666667
"Beta-1 adrenergic receptor",0.82382253968254,0.896903571428571,0.82382253968254,0.797247619047619,0.896903571428571,0.896903571428571,0.797247619047619,0.797247619047619,0.896903571428571,0.896903571428571,0.896903571428571
"Dopamine D2 receptor",0.0442915343915344,0.179380714285714,0.42709693877551,0.116265277777778,0.0442915343915344,0.33772294973545,0.809327128427129,0.0332186507936508,0.718353323412698,0.760707103174603,0.738192239858907
"Beta-glucocerebrosidase",0.880294246031746,1,0.926431261022928,0,0.880294246031746,0.880294246031746,0.880294246031746,0.880294246031746,1,0.880294246031746,0.880294246031746
"Motilin receptor",0.690947936507937,0.690947936507937,0.690947936507937,1,1,1,0.690947936507937,0.953849829931973,0.953849829931973,1,0.690947936507937
"MAP kinase-activated protein kinase 2",0.836002711640212,1,0.836002711640212,0.836002711640212,1,1,1,0.836002711640212,0.836002711640212,0.901649092970522,0.836002711640212
"Cyclooxygenase-1",1,1,1,0.597935714285714,1,1,1,1,1,1,1
"Norepinephrine transporter",0.365405158730159,1,0.957804431216931,0.365405158730159,0.957804431216931,0.957804431216931,1,1,1,1,0.620081481481481
"Anandamide amidohydrolase",1,1,1,1,1,1,1,1,1,1,1
"Serotonin 2c (5-HT2c) receptor",0.775101851851852,1,1,0.775101851851852,0.813856944444445,0.983272063492064,1,0.775101851851852,1,1,1
"Dipeptidyl peptidase I",0.365405158730159,1,1,1,0.797247619047619,1,1,1,1,1,1
"Serotonin transporter",0.597935714285714,1,0.644441825396825,0.597935714285714,1,1,1,1,0.644441825396825,0.597935714285714,1
"Peroxisome proliferator-activated receptor alpha",0.166093253968254,0.221457671957672,0.548107738095238,0.564717063492064,0.221457671957672,1,1,1,0.570253505291005,1,1
"HERG",0.764028968253968,0.764028968253968,0.680982341269841,0.680982341269841,0.963340873015873,1,0.764028968253968,1,0.963340873015873,1,1
"Epoxide hydratase",1,1,1,1,1,0.647763690476191,0.43184246031746,0.869221362433862,0.348795833333333,0.869221362433862,0.348795833333333
"Phosphodiesterase 3A",0.855380257936508,1,0.996559523809524,0.996559523809524,0.855380257936508,1,1,1,0.855380257936508,0.855380257936508,1
"C-C chemokine receptor type 1",0.365405158730159,1,0.930122222222222,0.365405158730159,0.822161607142857,1,1,1,1,1,0.365405158730159
"C-C chemokine receptor type 4",1,1,1,1,1,1,1,1,1,1,1
"Estrogen receptor beta",0.404160251322751,1,0.365405158730159,0.404160251322751,0.404160251322751,0.39862380952381,1,1,0.404160251322751,0.892158049886621,1
"Glyoxalase I",0.697591666666667,1,1,0.697591666666667,0.697591666666667,1,0.880294246031746,0,0.697591666666667,1,1
"Myosin light chain kinase, smooth muscle",0.188239021164021,0.0332186507936508,0.0498279761904762,1,0.199311904761905,0.249139880952381,0.30727251984127,0.199311904761905,0.30727251984127,0.445129920634921,0.445129920634921
"Serine/threonine-protein kinase AKT2",1,1,1,1,0.298967857142857,0.686518783068783,1,1,0.581326388888889,1,1
"Interleukin-8 receptor B",1,0.265749206349206,1,0.903547301587302,1,1,1,0.265749206349206,0.265749206349206,1,0.332186507936508
"Myeloperoxidase",1,0.95503621031746,1,1,0.95503621031746,1,1,0.365405158730159,1,1,0.95503621031746
"Coagulation factor X",0,0.786174735449735,0.786174735449735,0.813856944444445,0.442915343915344,0.813856944444445,0.786174735449735,0.813856944444445,0.442915343915344,1,0.813856944444445
"Deoxycytidine kinase",0.919049338624339,1,1,0.83711,0.83711,1,0.83711,1,1,0.83711,0.83711
"Muscarinic acetylcholine receptor M3",1,0.298967857142857,1,1,1,1,1,1,1,1,1
"Beta-3 adrenergic receptor",0.874757804232804,0.896903571428571,0.874757804232804,1,1,1,0.896903571428571,0.896903571428571,0.874757804232804,1,1
"Death-associated protein kinase 3",0.453988227513228,0.453988227513228,1,1,0.847075595238095,1,0.684304206349206,0.332186507936508,0.901649092970522,0.531498412698413,0.925969890873016
"Methionine aminopeptidase 1",1,1,1,0.797247619047619,1,1,1,0.797247619047619,0.797247619047619,1,0.988254861111111
"Leukocyte elastase",0.442915343915344,0.418555,1,0.442915343915344,0,0.442915343915344,0.442915343915344,0.418555,0.418555,1,0.418555
"Beta amyloid A4 protein",0.221457671957672,1,1,0.271285648148148,0.0332186507936508,1,0.271285648148148,0.0996559523809524,1,1,0.271285648148148
"Neurokinin 1 receptor",0.913512896825397,0.42235141723356,0.39862380952381,0.42235141723356,1,0.979950198412698,0.42235141723356,0.979950198412698,0.42235141723356,0.42235141723356,0.42235141723356
"Neuronal acetylcholine receptor protein alpha-7 subunit",0,0.797247619047619,0.506584424603175,0.0996559523809524,0.506584424603175,1,0.719737433862434,0.558073333333333,0.83046626984127,1,1
"Adenosine A2a receptor",0.0996559523809524,0.860363055555556,0.860363055555556,0.860363055555556,0.0996559523809524,0.860363055555556,0.860363055555556,0.860363055555556,1,0.860363055555556,0.860363055555556
"Endothelin receptor ET-A",1,1,0.869221362433862,0.901649092970522,0.9448860670194,0.803891349206349,0.9448860670194,0.597935714285714,0.298967857142857,0.697591666666667,0.803891349206349
"Beta secretase 2",0.365405158730159,1,1,1,1,1,1,1,1,1,1
"Serine/threonine-protein kinase Chk2",0.182702579365079,1,1,1,0.182702579365079,1,1,0,0.182702579365079,0.544785873015873,0.61454503968254
"Cannabinoid CB2 receptor",0.298967857142857,1,1,1,1,1,1,1,1,1,1
"3-phosphoinositide dependent protein kinase-1",0,1,1,0.0221457671957672,0,0.448451785714286,0.107960615079365,1,0.448451785714286,0.901055902777778,0.901055902777778
"Phospholipase D1",0.0498279761904762,0.278206200396825,1,0.237276077097506,0.055364417989418,0.0332186507936508,0.31742266313933,0.0332186507936508,0.0498279761904762,1,0.0531498412698413
"Phosphodiesterase 4A",0.996559523809524,1,1,1,1,1,1,1,1,1,1
"Adenosine A2b receptor",0.0332186507936508,1,1,0.802784060846561,0.802784060846561,1,1,0.802784060846561,0.802784060846561,1,0.802784060846561
"Carboxypeptidase B",0.0083046626984127,0,0.27682208994709,1,0,0.284731292517007,0.767719929453263,0,0.860363055555556,0.767719929453263,0.039862380952381
"Adenosine A3 receptor",0.981460137085137,0.981460137085137,0.981460137085137,0.132874603174603,0.981460137085137,0.981460137085137,0.981460137085137,0.981460137085137,0.981460137085137,0.981460137085137,0.981460137085137
"Histone deacetylase 5",0,0.12180171957672,0.345473968253968,0.870328650793651,0.74926512345679,0.74926512345679,0.345473968253968,0.12180171957672,1,0.74926512345679,0.653300132275132
"Liver glycogen phosphorylase",1,1,1,1,1,1,1,1,1,1,1
"Tyrosine-protein kinase LCK",0.597935714285714,0.584648253968254,1,1,0.0498279761904762,0.930122222222222,0.055364417989418,0.0498279761904762,1,1,0.564717063492064
"Cathepsin D",0.92458578042328,0.92458578042328,0.92458578042328,1,0.92458578042328,1,0.92458578042328,1,0.92458578042328,1,1
"Melanocortin receptor 4",0.43184246031746,0.132874603174603,1,0.298967857142857,0.132874603174603,0.239174285714286,0.336932029478458,0,1,1,0.132874603174603
"Peptide N-myristoyltransferase 1",1,0.448451785714286,0.978104717813051,0.43184246031746,1,0.978104717813051,0.836002711640212,0.232530555555556,0.978104717813051,0.836002711640212,0.448451785714286
"Tyrosine-protein kinase SYK",0,0.0332186507936508,0.859532589285714,0.749792403628118,1,0.520425529100529,0.292324126984127,0.0166093253968254,1,1,0.21592123015873
"MAP kinase p38 alpha",0.591291984126984,0.591291984126984,0.925969890873016,1,0.591291984126984,0.83046626984127,0.199311904761905,0.925969890873016,1,1,0.0664373015873016
"Carbonic anhydrase I",0.415233134920635,0.586862830687831,0.586862830687831,0.0664373015873016,0.132874603174603,0.132874603174603,1,0.656991093474427,0.764028968253968,0.635306696428571,0.635306696428571
"Furin",0,0.63484532627866,0.435994791666667,0.232530555555556,1,1,0.132874603174603,0.359868716931217,0.318899047619048,0.435994791666667,0.232530555555556
"Tryptase beta-1",0,0.777316428571429,1,1,0.415233134920635,0.777316428571429,1,1,1,0.777316428571429,1
"Glycogen synthase kinase-3 beta",1,1,1,1,1,1,1,1,1,1,1
"Dual specificity protein phosphatase 3",0.847075595238095,1,0.332186507936508,0.199311904761905,0.0664373015873016,0.847075595238095,1,0.0664373015873016,0.354332275132275,0.354332275132275,1
"c-Jun N-terminal kinase 3",0.083046626984127,0.083046626984127,1,1,0.631154365079365,1,1,0.239174285714286,0.232530555555556,0.232530555555556,0.581326388888889
"Histamine H3 receptor",1,0.0863684920634921,0.960019007936508,0,0.0083046626984127,0.271285648148148,0.959188541666667,0,0.959188541666667,0.960019007936508,0.0083046626984127
"Phosphodiesterase 2A",0.852612037037037,1,1,0.166093253968254,1,0.958595351473923,0.558073333333333,0.558073333333333,1,0.221457671957672,0.166093253968254
"Adenosylhomocysteinase",0,0.867837251984127,0.867837251984127,1,0.0664373015873016,0.867837251984127,0.867837251984127,1,1,0.867837251984127,0.867837251984127
"Tyrosine-protein kinase SRC",0,1,0.813856944444445,0.0332186507936508,0.813856944444445,1,0.680982341269841,0.813856944444445,1,0.813856944444445,0.43184246031746
"Cathepsin K",1,1,0.631154365079365,1,1,1,1,0.631154365079365,1,1,1
"Macrophage-stimulating protein receptor",1,0.42519873015873,0.265749206349206,0.265749206349206,0.0664373015873016,1,1,1,1,0.265749206349206,1
"Cystinyl aminopeptidase",1,0.55364417989418,1,1,0.55364417989418,1,1,0.647763690476191,0.55364417989418,1,1
"Focal adhesion kinase 1",0.132874603174603,1,1,1,1,1,1,1,1,1,1
"Mitogen-activated protein kinase kinase kinase 11",0.511567222222222,1,0.511567222222222,0,1,1,0.511567222222222,0.683355102040816,1,0.511567222222222,0.683355102040816
"Histone deacetylase 7",0,1,1,1,0.0166093253968254,0.409696693121693,0.863684920634921,1,1,1,0.969984603174603
"Phosphodiesterase 11A",0.166093253968254,0.84375373015873,1,1,0.963340873015873,0.963340873015873,0.84375373015873,1,1,0.84375373015873,0.84375373015873
"Cytochrome P450 11B2",0.0332186507936508,0.43184246031746,0.605317636684303,0.605317636684303,0.232530555555556,1,0.406928472222222,0.605317636684303,0.661051150793651,0.605317636684303,0.0996559523809524
"Protein-glutamine gamma-glutamyltransferase",0.764028968253968,1,1,1,1,1,0.764028968253968,1,1,1,1
"Phospholipase D2",0.083046626984127,0.819393386243386,1,0.0664373015873016,0.191007242063492,0.819393386243386,1,0.12180171957672,1,1,1
"Metabotropic glutamate receptor 4",1,1,0.591291984126984,1,0.365405158730159,1,1,0.0332186507936508,0.591291984126984,0.591291984126984,1
"C-C chemokine receptor type 5",1,1,1,1,1,1,1,1,1,1,1
"Fibroblast growth factor receptor 3",0.458417380952381,1,0.458417380952381,0.792502097505669,1,1,0.458417380952381,0.458417380952381,0.792502097505669,1,0.43184246031746
"Phosphodiesterase 4B",1,1,1,1,0,1,0.382014484126984,0.0166093253968254,1,1,0.0332186507936508
"Ileal bile acid transporter",0.963340873015873,1,1,1,0.963340873015873,1,1,0.963340873015873,0.963340873015873,1,1
"Integrin alpha-4",1,1,1,1,1,1,1,1,1,1,1
"Sodium/hydrogen exchanger 1",0.542571296296296,1,1,0.542571296296296,0.542571296296296,1,0.542571296296296,1,1,0.542571296296296,0.365405158730159
"Acyl coenzyme A:cholesterol acyltransferase 1",0.968086394557823,1,1,0.968086394557823,0.968086394557823,1,0.968086394557823,0.968086394557823,0.968086394557823,0.968086394557823,1
"Estradiol 17-beta-dehydrogenase 2",0.110728835978836,0.631154365079365,0.110728835978836,1,0.110728835978836,0.511567222222222,0.631154365079365,0.298967857142857,0.631154365079365,0.542571296296296,1
"Vascular endothelial growth factor receptor 2",0.12456994047619,0.39862380952381,0.514889087301587,0.6754458994709,1,0.522007369614512,0,0.0110728835978836,1,0.6754458994709,0
"Matrix metalloproteinase 13",0,0.166093253968254,1,1,1,1,1,0.116265277777778,1,1,1
"Tyrosine-protein kinase ZAP-70",0.0332186507936508,0.559180621693122,0.0996559523809524,0.559180621693122,1,0.593190192743764,1,0.710048660714286,0.786174735449735,0.498279761904762,0.559180621693122
"LXR-alpha",0.15502037037037,1,1,0.15502037037037,1,1,1,1,0.15502037037037,1,1
"Protein-glutamine gamma-glutamyltransferase K",0.0332186507936508,0.948577028218695,1,0.686518783068783,0,0.948577028218695,0.969984603174603,0.758492526455027,0.758492526455027,0.934867743764172,0.758492526455027
"Nerve growth factor receptor Trk-A",1,0.298967857142857,1,0.265749206349206,1,0.764028968253968,1,0.936765952380952,1,0.764028968253968,1
"Coagulation factor XI",0.642227248677249,1,1,1,1,1,1,1,0.642227248677249,1,0.642227248677249
"Casein kinase I delta",0.487206878306878,0,1,0.963340873015873,0.938426884920635,1,1,0.487206878306878,1,1,1
"Matrix metalloproteinase 3",0.139518333333333,0.204848346560847,0.139518333333333,1,0.0996559523809524,1,0.237276077097506,0.0996559523809524,0.280513051146384,0.269901537698413,0.139518333333333
"Tyrosine-protein kinase JAK1",0.357100496031746,1,0.91166741622575,0.616917800453515,0.726657986111111,0.357100496031746,1,0.357100496031746,0.55364417989418,0.55364417989418,0.357100496031746
"Dipeptidyl peptidase IV",0.476133994708995,0.607426757369614,0.607426757369614,0.607426757369614,0.476133994708995,0.800267496392497,0.635306696428571,0.730810317460317,0.800267496392497,0.607426757369614,0.476133994708995
"Serine/threonine-protein kinase mTOR",0.705896329365079,0.625617923280423,1,0.705896329365079,0.0664373015873016,1,0.323881845238095,0.0664373015873016,0.778792813051146,0.484992301587302,0.166093253968254
"Glycogen synthase kinase-3 alpha",1,1,0.950053412698413,0.863684920634921,0.298967857142857,1,1,0.863684920634921,0.950053412698413,1,1
"Renin",0.487206878306878,0.573021726190476,0.692846145124717,1,0.692846145124717,0.487206878306878,0.747419642857143,0.684304206349206,0.487206878306878,0.747419642857143,0.747419642857143
"Sigma opioid receptor",0.0664373015873016,1,0.12180171957672,1,0.736346759259259,1,0.318899047619048,0.0664373015873016,1,1,0.166093253968254
"Mitogen-activated protein kinase kinase kinase 9",1,0.83046626984127,1,1,1,1,1,1,1,1,1
"Phosphodiesterase 4D",0.934867743764172,0.797247619047619,1,0,0.934867743764172,0.880294246031746,1,1,0.531498412698413,0.930122222222222,1
"Carbonic anhydrase III",1,1,1,0.976628333333333,0.465061111111111,0.797247619047619,0.465061111111111,1,1,1,0.465061111111111
"Hematopoietic cell protein-tyrosine phosphatase 70Z-PEP",1,0.996559523809524,1,0.0885830687830688,0,1,1,0.083046626984127,1,0.647763690476191,1
"Phosphodiesterase 3B",0.943409682539682,0.943409682539682,0.943409682539682,0.943409682539682,0.506584424603175,0.943409682539682,0.0332186507936508,1,0.943409682539682,0.506584424603175,0
"Arachidonate 15-lipoxygenase",0.631154365079365,0.631154365079365,1,0.631154365079365,0.631154365079365,0.631154365079365,1,0.166093253968254,1,0.631154365079365,1
"Phosphodiesterase 4C",0.84375373015873,0.84375373015873,1,0.132874603174603,1,1,1,1,0.84375373015873,0.84375373015873,1
"Telomerase reverse transcriptase",1,1,1,1,0.0996559523809524,1,1,0.166093253968254,0.498279761904762,1,1
"Protein kinase C gamma",0.199311904761905,1,1,1,1,1,1,1,1,1,1
"Cathepsin S",0.631154365079365,0.92181755952381,0.631154365079365,0.631154365079365,0.786174735449735,1,1,1,0.631154365079365,0.631154365079365,0.92181755952381
"Sphingosine 1-phosphate receptor Edg-5",1,1,1,0,0.664373015873016,0.664373015873016,0.0996559523809524,1,0.664373015873016,1,0.664373015873016
"Tyrosine-protein kinase ITK/TSK",0.0332186507936508,0.983272063492064,1,0.182702579365079,1,1,1,1,0.0332186507936508,0.12180171957672,1
"Dual specificity mitogen-activated protein kinase kinase 2",0.390319146825397,0.730810317460317,0.390319146825397,0.0996559523809524,0.390319146825397,0.597935714285714,0.730810317460317,1,0.730810317460317,1,0.730810317460317
"Tyrosine-protein kinase JAK2",0.12456994047619,0.453988227513228,0.857041190476191,0,0,1,0.701743998015873,0.12456994047619,0.701743998015873,0.856302998236332,0.232530555555556
"Rho-associated protein kinase 2",1,1,1,0.365405158730159,1,1,1,1,1,1,1
"Cholecystokinin B receptor",0.885830687830688,0.885830687830688,1,0.885830687830688,1,1,0.885830687830688,1,1,0.885830687830688,0.885830687830688
"Protein kinase C alpha",0.0332186507936508,1,1,0.0664373015873016,0.179380714285714,0.315577182539683,0.948577028218695,0.327440986394558,0.116265277777778,0.685134672619048,0.0332186507936508
"Protein kinase C delta",0,1,0.730810317460317,0.531498412698413,0.0332186507936508,0.626408843537415,0.626408843537415,0.551429603174603,0.74926512345679,1,0.551429603174603
"P2X purinoceptor 3",0.930122222222222,1,0.930122222222222,0.930122222222222,0.930122222222222,0.930122222222222,0.930122222222222,1,1,1,0.930122222222222
"Multidrug resistance-associated protein 1",1,1,1,1,1,1,1,1,1,1,1
"Receptor protein-tyrosine kinase erbB-4",0,1,0.43184246031746,0,1,1,1,0.43184246031746,1,1,1
"Cyclin-dependent kinase 2",0,0.0332186507936508,0.484992301587302,0.689287003968254,0.224225892857143,0.953375277777778,0.689287003968254,0.224225892857143,0.689287003968254,1,0.87106684303351
"Phosphodiesterase 7A",0.0332186507936508,0.487206878306878,0.597935714285714,0.487206878306878,0.487206878306878,1,0.487206878306878,0.43184246031746,0.716046472663139,0.84375373015873,0.716046472663139
"Matriptase",0,0.370150680272109,0.0110728835978836,0,0.0249139880952381,0.370150680272109,0.885830687830688,1,0.370150680272109,1,0.863684920634921
"Sphingosine kinase 2",0,0.0498279761904762,1,0.41286037414966,0.15502037037037,0.70866455026455,0.139518333333333,0.055364417989418,0.85039746031746,0.506584424603175,0.0913512896825397
"Serine/threonine-protein kinase PLK1",0.664373015873016,1,0.664373015873016,0.589631051587302,0.332186507936508,1,0.863684920634921,0.575789947089947,0.332186507936508,0.664373015873016,0.664373015873016
"Carbonic anhydrase VI",0.0996559523809524,0.660682054673721,0.387550925925926,1,0.536243934240363,0.536243934240363,1,0.536243934240363,0.0996559523809524,0.536243934240363,0.635306696428571
"Protein kinase C beta",0.0332186507936508,1,0.116265277777778,0.0332186507936508,0.212599365079365,0.730810317460317,1,0.116265277777778,0.70866455026455,1,0.730810317460317
"Cyclin-dependent kinase 7",0,1,1,0.232530555555556,0.943409682539682,1,1,1,0.943409682539682,0.943409682539682,1
"Glycine transporter 2",0.963340873015873,0,0.963340873015873,0.976628333333333,0.976628333333333,0.963340873015873,0.0913512896825397,0.055364417989418,1,0.976628333333333,0
"Cyclin-dependent kinase 1",0,1,1,0.0996559523809524,1,1,1,1,1,1,1
"Excitatory amino acid transporter 1",0.622849702380952,1,0.873175963718821,0.376478042328042,1,0.873175963718821,0.376478042328042,0.265749206349206,0.651085555555556,1,1
"Plasma retinol-binding protein",1,0.15502037037037,1,0.498279761904762,0.15502037037037,1,1,1,1,0.15502037037037,1
"Poly [ADP-ribose] polymerase-1",0.95503621031746,1,1,0.132874603174603,0.750741507936508,0.95503621031746,0.420769576719577,1,0.21592123015873,0.907976455026455,0.750741507936508
"Thymidine phosphorylase",0.847075595238095,1,0.847075595238095,1,1,1,1,1,0.0332186507936508,0.847075595238095,1
"Cyclin-dependent kinase 9",0.0166093253968254,1,1,1,0.0664373015873016,1,1,0,1,1,1
"PI3-kinase p110-delta subunit",1,0.265749206349206,1,0.446079024943311,0.132874603174603,0.265749206349206,0.834157231040564,0.0996559523809524,0.293431415343915,0.734962648809524,0.132874603174603
"DNA-dependent protein kinase",1,1,1,1,1,1,1,1,1,1,1
"PI3-kinase p110-beta subunit",0,0.797247619047619,1,0.055364417989418,1,1,0.896903571428571,0,0.656068353174603,0.896903571428571,1
"Serotonin 7 (5-HT7) receptor",0.910191031746032,0.910191031746032,0.847075595238095,0,0.989177601410935,1,0.989177601410935,0.910191031746032,0.963340873015873,1,0.989177601410935
"Bradykinin B2 receptor",1,1,1,1,1,1,1,1,1,1,1
"Protein-tyrosine phosphatase 1C",0.141179265873016,1,0.768181299603175,0.841539153439153,0.292324126984127,1,0.0442915343915344,0.0442915343915344,0.512516326530612,0.365405158730159,0.0442915343915344
"Carboxylesterase 2",1,1,1,0.631154365079365,1,0.498279761904762,0.498279761904762,0.631154365079365,0.847075595238095,1,0.498279761904762
"Estradiol 17-beta-dehydrogenase 1",0.265749206349206,1,1,1,1,1,1,1,1,0.847075595238095,1
"Histone deacetylase 8",0.232530555555556,1,0.6754458994709,0.6754458994709,1,1,1,1,1,1,1
"Prolyl endopeptidase",0.0110728835978836,1,0.0415233134920635,0.880294246031746,0,1,0.880294246031746,0,1,0.880294246031746,0.880294246031746
"Matrix metalloproteinase 9",1,0.913512896825397,1,0.265749206349206,0.27682208994709,1,1,0.132874603174603,1,1,1
"CD22",1,1,0.979950198412698,1,0.98548664021164,1,1,1,0.979950198412698,1,1
"Metabotropic glutamate receptor 5",0.265749206349206,1,1,0.788942956349206,1,1,1,0.81717880952381,0.788942956349206,0.788942956349206,1
"Sphingosine 1-phosphate receptor Edg-6",1,1,1,1,1,1,1,1,1,1,1
"Rho-associated protein kinase 1",0.752956084656085,0.784790625,1,0.106299682539683,0.106299682539683,0.106299682539683,0.106299682539683,0.0996559523809524,0.784790625,1,1
"Tyrosine-protein kinase HCK",0.49274332010582,0.323881845238095,0.878448765432099,0.550480498866213,0.49274332010582,0.323881845238095,0.880294246031746,0.323881845238095,0.323881845238095,0.878448765432099,0.996559523809524
"Carbonic anhydrase XII",0.450824546485261,0.0996559523809524,0.456756448412698,0.166093253968254,0.265749206349206,1,0.0996559523809524,0.0996559523809524,0.840431865079365,0.660682054673721,0.0996559523809524
"Histone deacetylase 1",1,1,1,0.996559523809524,1,1,0.996559523809524,0.996559523809524,1,1,1
"Lysophosphatidic acid receptor Edg-7",0.376478042328042,0.376478042328042,1,0.858148478835979,1,0.858148478835979,1,0.365405158730159,1,1,0.805552281746032
"PI3-kinase p110-gamma subunit",0.365405158730159,0,0.981795679012346,0.551429603174603,1,1,0.669118537414966,0.551429603174603,0.981795679012346,0.642227248677249,0.551429603174603
"PI4-kinase beta subunit",0.0332186507936508,1,1,0.083046626984127,1,1,1,1,1,1,1
"Cathepsin L2",0.0110728835978836,0,1,1,0.0332186507936508,0.564717063492063,1,0,1,0.524854682539683,1
"Urokinase-type plasminogen activator",1,1,1,1,1,1,1,1,1,1,1
"Testis-specific androgen-binding protein",0.0664373015873016,0.806307251082251,0.716573752834467,0.716573752834467,0.0775101851851852,0.806307251082251,0.806307251082251,0.0332186507936508,0.083046626984127,0.806307251082251,0.378692619047619
"Caspase-6",0,1,1,0.487206878306878,1,1,1,0.487206878306878,1,1,1
"Cyclin-dependent kinase 4",1,1,0.824929828042328,0.354332275132275,0,1,0.824929828042328,0.354332275132275,1,1,0.824929828042328
"Histone deacetylase 11",0.265749206349206,0.465061111111111,0.469806632653061,1,0.465061111111111,1,1,0.265749206349206,0.469806632653061,1,0.465061111111111
"Sodium-dependent proline transporter",0.39862380952381,1,1,1,0.556412400793651,1,1,0.556412400793651,0.556412400793651,1,0.969984603174603
"Matrix metalloproteinase-1",0.966662738095238,0.966662738095238,0.966662738095238,0.365405158730159,0.966662738095238,0.966662738095238,0.966662738095238,0.966662738095238,0.966662738095238,1,0.966662738095238
"Matrix metalloproteinase-2",0.257444543650794,0.963340873015873,0.963340873015873,0,0.963340873015873,0.257444543650794,0.758492526455027,0.797247619047619,0.418555,0.257444543650794,0.797247619047619
"Protein-tyrosine phosphatase 1B",1,1,0.968877314814815,1,0.968877314814815,1,0.968877314814815,0.365405158730159,1,0.968877314814815,0.968877314814815
"Acetyl-CoA carboxylase 1",0.166093253968254,1,1,0.489975099206349,1,0.92458578042328,1,0.489975099206349,0.92458578042328,1,0.489975099206349
"Serotonin 6 (5-HT6) receptor",0,1,0.806738662131519,1,0.365405158730159,0.365405158730159,0.0498279761904762,0.365405158730159,1,1,0.365405158730159
"MAP kinase ERK1",0.934867743764172,1,0.934867743764172,1,0.70866455026455,0.934867743764172,1,0.95503621031746,0.70866455026455,0.934867743764172,0.70866455026455
"Cytochrome P450 2C9",0,1,0.520425529100529,1,1,1,1,0.0166093253968254,1,1,1
"Probable G-protein coupled receptor 88",1,1,1,1,1,1,1,1,1,1,1
"Cytochrome P450 3A4",1,1,1,0.132874603174603,0.498279761904762,1,1,0.498279761904762,1,1,1
"Pregnane X receptor",0.212599365079365,1,1,0.0442915343915344,0.107960615079365,1,0.0442915343915344,1,1,1,0.0442915343915344
"Carboxypeptidase B2 isoform A",0,0.910191031746032,0.910191031746032,0.188239021164021,0.199311904761905,0.910191031746032,1,0.0996559523809524,0.298967857142857,0.910191031746032,0.498279761904762
"Serotonin 5a (5-HT5a) receptor",0.0996559523809524,0.325542777777778,1,0.232530555555556,1,0.177166137566138,1,0.465061111111111,0.177166137566138,0.360659637188209,0.360659637188209
"Estrogen-related receptor alpha",0.996559523809524,1,0.764028968253968,1,0.996559523809524,0.741883201058201,0.741883201058201,1,0.996559523809524,0.996559523809524,0.531498412698413
"Amine oxidase, copper containing",1,1,1,1,1,1,1,1,1,0.930122222222222,1
"Protein kinase C zeta",0.210384788359788,0.210384788359788,0.808320502645503,0.476133994708995,0.721319274376417,1,0.808320502645503,0,0.21592123015873,0.867006785714286,0.476133994708995
"Melanin-concentrating hormone receptor 1",1,1,1,1,0.564717063492064,1,1,1,1,1,1
"Caspase-7",0.188239021164021,0.597935714285714,0.345473968253968,0.188239021164021,1,0.826313938492064,0.188239021164021,1,0.448451785714286,1,0.282358531746032
"C-C chemokine receptor type 3",1,1,1,1,1,1,1,1,1,1,1
"Phospholipase A2 group IIA",0.797247619047619,0.87614191468254,0.87614191468254,0.87614191468254,0,1,0.797247619047619,0,0.955958950617284,1,0.166093253968254
"Plasminogen activator inhibitor-1",0.0166093253968254,1,1,0,1,1,1,1,1,1,1
"Inhibitor of nuclear factor kappa B kinase alpha subunit",0.132874603174603,0.969984603174603,1,0.232530555555556,1,1,0.969984603174603,0.797247619047619,1,1,1
"Proteasome Macropain subunit",0.653300132275132,1,0.653300132275132,1,1,1,1,0.653300132275132,1,1,0.730810317460317
"Carbonic anhydrase XIV",1,1,1,0.92181755952381,0.92181755952381,1,0.92181755952381,1,1,1,0.92181755952381
"LDL-associated phospholipase A2",1,1,1,1,1,1,1,1,1,1,1
"Cytochrome P450 17A1",0.564717063492064,1,1,1,1,1,1,1,1,1,1
"Histone deacetylase 4",0.800569484126984,0.800569484126984,0.800569484126984,0.465061111111111,0.800569484126984,0.800569484126984,0.800569484126984,0.465061111111111,0.800569484126984,1,0.800569484126984
"Inhibitor of nuclear factor kappa B kinase epsilon subunit",0,1,1,0.265749206349206,0.509352645502645,1,0.265749206349206,1,0.265749206349206,1,0.385336349206349
"Phosphodiesterase 9A",0,1,0.373709821428571,0,1,1,1,0.373709821428571,1,1,1
"Tyrosine-protein kinase TYK2",0.996559523809524,1,0.996559523809524,0.996559523809524,0.996559523809524,1,0.697591666666667,0.996559523809524,0.996559523809524,0.996559523809524,0
"Steryl-sulfatase",0.199311904761905,1,0.606240376984127,0.199311904761905,1,1,1,1,0.387550925925926,1,0.923478492063492
"Nitric-oxide synthase, brain",0.471704841269841,0.448451785714286,1,1,0.448451785714286,0.913512896825397,0.913512896825397,0.448451785714286,0.448451785714286,0.913512896825397,1
"Cholesteryl ester transfer protein",0.348795833333333,1,1,0.442915343915344,1,1,1,0.348795833333333,0.971645535714286,1,1
"Protein kinase C epsilon",0.0166093253968254,0,0.505661684303351,0.249139880952381,0.505661684303351,1,1,0.0885830687830688,0.470597552910053,0.43184246031746,0.505661684303351
"Dual specificity mitogen-activated protein kinase kinase 1",1,1,1,1,0.348795833333333,1,1,0.132874603174603,1,1,1
"Adenosine kinase",1,1,0.474552154195011,0,0.43184246031746,0.474552154195011,0.232530555555556,0.474552154195011,1,0.52319375,0.474552154195011
"Hormone sensitive lipase",1,1,1,1,0,1,1,0.0332186507936508,1,1,1
"Carbonic anhydrase IX",0.719737433862434,1,1,0.719737433862434,0.199311904761905,1,0.930122222222222,0.481670436507937,1,0.719737433862434,0.719737433862434
"Protein kinase C eta",0.420769576719577,0.0664373015873016,1,1,1,1,1,0.182702579365079,0.764028968253968,0.548107738095238,0.89136712962963
"Cytochrome P450 2C19",1,0.340491170634921,1,0.340491170634921,0.915885657596372,1,0.775101851851852,0.132874603174603,0.775101851851852,1,0.340491170634921
"Quinone reductase 1)",1,0.650136451247166,0.650136451247166,0,1,1,1,0.650136451247166,0.650136451247166,0.650136451247166,0.650136451247166
"Casein kinase II alpha",0.0415233134920635,0.33772294973545,0.556412400793651,0.0332186507936508,0.0332186507936508,1,0.564717063492064,0,1,0.318899047619048,0.555226020408163
"Opioid growth factor receptor-like protein 1",0.0664373015873016,1,0.317949943310658,0,0.0664373015873016,0.975797867063492,0.212599365079365,0.0664373015873016,1,1,0.260212764550265
"Kininogen-1",0.321113624338624,1,1,0.772333630952381,1,0.989915793650794,0.321113624338624,1,0.0332186507936508,1,1
"Acetyl-coenzyme A transporter 1",0,0.426306018518519,0.81717880952381,0.81717880952381,0.298967857142857,0.298967857142857,0.81717880952381,0.39862380952381,0.0166093253968254,1,0.81717880952381
"Fibroblast growth factor receptor 1",0.0332186507936508,1,1,1,1,1,1,1,1,1,1
"PI4-kinase alpha subunit",1,0.514889087301587,0.491636031746032,0,0,1,1,0.536243934240363,1,0.43184246031746,0.409696693121693
"Arachidonate 12-lipoxygenase",0.15502037037037,0.510736755952381,0.40811485260771,0.304504298941799,0.0332186507936508,0.661051150793651,0.0332186507936508,0.207616567460317,1,0.605317636684303,0.304504298941799
"Autotaxin",0.834618601190476,1,0.933813183421517,0.265749206349206,0.49274332010582,0.602681235827664,0.265749206349206,0.265749206349206,0.418555,1,0.265749206349206
"ADAM17",0.0664373015873016,1,0.673864058956916,1,1,1,0.637798095238095,0.673864058956916,0.287894973544974,0.637798095238095,0.232530555555556
"Prostanoid EP3 receptor",0.199311904761905,1,1,1,1,1,1,0.697591666666667,1,1,1
"Hepatocyte growth factor receptor",0.12180171957672,1,1,1,1,1,0.12180171957672,1,1,0.30727251984127,0.0996559523809524
"Carbonic anhydrase IV",0.0664373015873016,0.0664373015873016,0.166093253968254,0.0664373015873016,0.923478492063492,0.428151499118166,0.191007242063492,0,0.132874603174603,1,0.0664373015873016
"11-beta-hydroxysteroid dehydrogenase 2",1,1,0.996559523809524,0.996559523809524,0.265749206349206,1,1,0.498279761904762,1,1,1
"Histamine H4 receptor",0.12180171957672,0.61454503968254,1,0,0.493534240362812,0.61454503968254,0.61454503968254,0.12180171957672,0.493534240362812,0.493534240362812,0.43184246031746
"Beta-glucosidase",0.265749206349206,0.315577182539683,1,0,0.315577182539683,0.315577182539683,0.315577182539683,1,1,1,1
"Urotensin II receptor",0.0166093253968254,0.348795833333333,0.487206878306878,0,0.974413756613757,1,0.451773650793651,0.664373015873016,1,0.0332186507936508,0.664373015873016
"Metabotropic glutamate receptor 1",1,1,1,1,0.166093253968254,1,1,0,1,1,1
"Dual specificity phosphatase Cdc25A",0.586862830687831,0.0996559523809524,0.823084347442681,0.586862830687831,1,0.714200992063492,0.298967857142857,0.586862830687831,1,0.714200992063492,0.0664373015873016
"Caspase-8",1,0.635306696428571,0.793556657848325,0.635306696428571,0.635306696428571,0.635306696428571,0.635306696428571,0.0332186507936508,0.635306696428571,0.883616111111111,0.635306696428571
"Interleukin-1 receptor-associated kinase 4",0.143947486772487,0.623772442680776,0.623772442680776,0.63719411976912,0.191007242063492,0.63719411976912,0.623772442680776,0.132874603174603,0.199311904761905,0.623772442680776,0.143947486772487
"Histone acetyltransferase p300",0.0996559523809524,1,0.420769576719577,0.240835218253968,0.21592123015873,1,1,0.240835218253968,0.420769576719577,0.925969890873016,0.85419387755102
"Hydroxycarboxylic acid receptor 2",1,1,1,0.564717063492064,1,1,0.863684920634921,1,0.564717063492064,1,1
"Serine/threonine-protein kinase PLK4",0.724166587301587,0.232530555555556,0.724166587301587,0.423537797619048,1,0.415233134920635,0.445129920634921,0.423537797619048,0.724166587301587,0.724166587301587,0.724166587301587
"Melanocortin receptor 1",1,1,1,1,1,1,1,1,0.880294246031746,1,0.880294246031746
"Calcitonin gene-related peptide type 1 receptor",0.538142142857143,0.538142142857143,1,0.509352645502645,0.177166137566138,0.332186507936508,0.338830238095238,0.538142142857143,0.538142142857143,0.0664373015873016,0.0332186507936508
"T-cell protein-tyrosine phosphatase",0.813856944444444,0.803891349206349,0.182702579365079,0,1,1,0.182702579365079,1,1,1,0.0498279761904762
"Cytosolic phospholipase A2",0.265749206349206,1,0.730810317460317,1,1,1,1,0.481670436507937,1,1,1
"Hexokinase type IV",1,0.730810317460317,0.802784060846561,0.802784060846561,0.802784060846561,0.802784060846561,1,1,1,0.802784060846561,1
"Serine/threonine-protein kinase NEK2",0.991023082010582,0.531498412698413,1,1,0,1,0.697591666666667,0,1,0.991023082010582,1
"LIM domain kinase 1",0.0442915343915344,0.0913512896825397,0.0442915343915344,0.730810317460317,0.639459027777778,0.348795833333333,0.612172278911565,0.0442915343915344,0.916834761904762,1,0.292324126984127
"Cathepsin L",1,1,1,1,1,1,1,1,1,1,1
"Protein kinase C mu",0,0.0332186507936508,1,0.298967857142857,0.52319375,0.374896201814059,0.586862830687831,0.374896201814059,0.374896201814059,0.740775912698413,0.348795833333333
"Protein-tyrosine phosphatase 2C",0.0166093253968254,1,0.240835218253968,1,0.166093253968254,1,1,0,0.458417380952381,1,1
"Matrix metalloproteinase 14",0.0110728835978836,0.0110728835978836,0.43184246031746,0,0.96636075036075,0.96636075036075,0.465061111111111,0.0332186507936508,0.409696693121693,0.96636075036075,0.119587142857143
"Heat shock protein HSP 90-alpha",0.548107738095238,1,0.647763690476191,1,1,0.548107738095238,0.265749206349206,0.764028968253968,1,0.558073333333333,0.265749206349206
"Sodium/glucose cotransporter 2",1,1,1,1,1,1,1,1,1,1,1
"Calpain 1",0.0996559523809524,1,0.544785873015873,1,0.544785873015873,1,0.420769576719577,1,0.166093253968254,1,1
"Sphingosine 1-phosphate receptor Edg-3",0.775101851851852,0.938426884920635,0.775101851851852,0.166093253968254,0.498279761904762,1,0.775101851851852,0.775101851851852,0.938426884920635,1,1
"Bone morphogenetic protein 1",0,1,1,0.0166093253968254,0.575789947089947,1,1,1,1,1,1
"Glutathione S-transferase Pi",0,0.0664373015873016,1,1,1,1,1,0.0332186507936508,0.257444543650794,1,1
"Tyrosine-protein kinase Lyn",0.85039746031746,0.85039746031746,0.925969890873016,0.925969890873016,0.925969890873016,1,0.85039746031746,1,1,0.85039746031746,0.85039746031746
"Ribosomal protein S6 kinase alpha 2",0.12180171957672,0.841539153439153,0.12180171957672,0.12180171957672,0.841539153439153,1,1,0.911140136054422,0.257444543650794,1,1
"Carbonic anhydrase XIII",0.373709821428571,0.637798095238095,0.780638293650794,1,0.0166093253968254,0.82572074829932,1,0,1,1,0.373709821428571
"Complement C1s",0.43184246031746,0.43184246031746,1,0.0996559523809524,0.0996559523809524,1,1,0.298967857142857,0.43184246031746,1,0.298967857142857
"Protein kinase C theta",1,0,1,0.0332186507936508,1,0.27682208994709,1,0.352117698412698,1,1,0.332186507936508
"Heparanase",0.847075595238095,1,1,1,1,1,1,1,1,1,0.847075595238095
"Methionine aminopeptidase 2",0.793556657848325,0.294222335600907,0.107960615079365,1,0.294222335600907,0.107960615079365,1,0,0.294222335600907,0.535650744047619,0.107960615079365
"Serine/threonine-protein kinase Aurora-C",1,0.357100496031746,0.398623809523809,0.536243934240363,0,1,0.378692619047619,0,1,1,0.357100496031746
"Quinone reductase 2",1,1,1,1,1,1,1,1,0.564717063492064,1,1
"MAP kinase p38 beta",0.0332186507936508,1,1,1,1,1,1,0.764028968253968,1,1,1
"Carbonic anhydrase VB",0.232530555555556,1,1,1,1,1,1,0.813856944444445,1,1,1
"GAR transformylase",1,1,1,1,1,1,1,1,1,1,1
"Proteinase-activated receptor 1",1,0.536243934240363,0.536243934240363,0.0442915343915344,0.0166093253968254,0.581326388888889,0.952267989417989,0,0.536243934240363,0.456756448412698,1
"Fructose-1,6-bisphosphatase",1,0.514889087301587,0.656068353174603,0.656068353174603,0.803891349206349,1,1,0.514889087301587,1,1,1
"Dipeptidyl peptidase II",1,1,0.597935714285714,1,0,1,0.597935714285714,0.0498279761904762,1,1,0.597935714285714
"Peroxisome proliferator-activated receptor delta",0.730810317460317,0.889521649029982,1,1,0.664373015873016,0.754537925170068,0.730810317460317,0.664373015873016,0.880294246031746,0.664373015873016,0.664373015873016
"Serine/threonine-protein kinase 10",0,0.669909457671958,0.863684920634921,0.863684920634921,0,0.863684920634921,0.0747419642857143,0.112943412698413,0.673864058956916,1,0.0442915343915344
"Dual specificity protein kinase TTK",0.212599365079365,1,0.166093253968254,0,0.166093253968254,1,1,0.132874603174603,1,0.714200992063492,0.963340873015873
"Coagulation factor VII",1,1,1,1,0.0664373015873016,1,1,0.0664373015873016,1,1,1
"PI3-kinase p110-alpha subunit",1,0.531498412698413,1,0.199311904761905,1,1,1,0.43184246031746,1,1,1
"Tyrosine-protein kinase ABL2",0.21592123015873,1,1,1,0.310040740740741,1,1,0.21592123015873,0.514889087301587,1,1
"C-C chemokine receptor type 2",1,1,0.340491170634921,0.982322959183673,0.0996559523809524,1,0.0996559523809524,0.372048888888889,1,0.982322959183673,0.0996559523809524
"Glutamate receptor ionotropic, AMPA 2",1,1,1,1,1,1,1,1,1,1,1
"Neuropeptide Y receptor type 2",1,0.83046626984127,1,0.83046626984127,1,1,1,1,1,1,1
"HMG-CoA reductase",0.0332186507936508,0.166093253968254,1,0.166093253968254,0.292324126984127,1,1,0.474552154195011,0.474552154195011,0.292324126984127,1
"Signal transducer and activator of transcription 3",0.573021726190476,1,0.542571296296296,1,1,1,0.542571296296296,1,1,1,0.542571296296296
"Interleukin-8 receptor A",0.116265277777778,1,1,0.941195105820106,1,1,1,0.116265277777778,1,1,1
"Cyclin-dependent kinase 5",0.232530555555556,1,1,1,0,1,0.415233134920635,1,0.491636031746032,1,0.376478042328042
"MAP kinase ERK2",0.83046626984127,0.83046626984127,0.83046626984127,0.83046626984127,0.83046626984127,0.83046626984127,0.132874603174603,1,0.775101851851852,1,0.775101851851852
"Cystic fibrosis transmembrane conductance regulator",0.378692619047619,0.904285493827161,1,0.378692619047619,1,0.378692619047619,0.589631051587302,0.378692619047619,0.589631051587302,0.589631051587302,0.199311904761905
"Chymase",0.904285493827161,0.76956541005291,1,0,0.0996559523809524,1,0.82572074829932,0.083046626984127,0.357100496031746,0.491636031746032,0.904285493827161
"Casein kinase II alpha (prime)",0.40526753968254,0.40526753968254,0.664373015873016,1,0.664373015873016,1,0.40526753968254,1,0.40526753968254,0.664373015873016,0.40526753968254
"Cathepsin B",0.0332186507936508,1,0.338830238095238,0.298967857142857,1,0.701743998015873,0.701743998015873,1,0.338830238095238,0.701743998015873,0.338830238095238
"Matrix metalloproteinase 7",1,0.491636031746032,1,0.365405158730159,0.491636031746032,1,0.365405158730159,0.621663321995465,1,0.621663321995465,0.365405158730159
"Bombesin receptor subtype-3",1,1,1,1,1,1,1,1,1,1,1
"LXR-beta",0.913512896825397,1,0.913512896825397,0.888598908730159,0.298967857142857,0.888598908730159,1,1,1,0.888598908730159,1
"Neurotensin receptor 1",1,0.254676322751323,0.149483928571429,0.484043197278912,0.484043197278912,1,1,0.0332186507936508,0.390319146825397,1,0.484043197278912
"Tyrosine-protein kinase TIE-2",0.0166093253968254,1,0.0913512896825397,0,0.0442915343915344,1,0.813856944444444,1,0.750741507936508,1,0.83521179138322
"Fibroblast growth factor receptor 2",0.858148478835979,0.858148478835979,1,0.664373015873016,1,0.858148478835979,1,0.858148478835979,0.858148478835979,1,1
"Histone deacetylase 9",1,1,1,1,1,1,1,1,1,1,1
"Fatty acid synthase",0.39862380952381,0.387550925925926,1,0.387550925925926,1,1,0.387550925925926,0.39862380952381,0.620081481481481,1,1
"c-Jun N-terminal kinase 2",0.834618601190476,0.834618601190476,0.906869166666667,0.639459027777778,0.639459027777778,0.834618601190476,0.906869166666667,0.639459027777778,0.834618601190476,0.639459027777778,1
"Sodium channel protein type II alpha subunit",0,0.915358377425044,0.631154365079365,0.631154365079365,0.166093253968254,0.951261363636364,0.631154365079365,0.631154365079365,0.631154365079365,0.476133994708995,0.951261363636364
"Monoglyceride lipase",0.192668174603175,0.727119356261023,0.942201731601732,0.188239021164021,0.192668174603175,0.727119356261023,0.669118537414966,0.116265277777778,0.116265277777778,0.221457671957672,0.827144404761905
"Inhibitor of apoptosis protein 3",1,0.21592123015873,0.21592123015873,1,0.43184246031746,1,1,1,0.232530555555556,0.518210952380952,1
"Serine/threonine-protein kinase 2",0.166093253968254,0.741883201058201,0.877921485260771,1,0.166093253968254,1,1,0.166093253968254,1,0.741883201058201,0.465061111111111
"Dual specificity protein kinase CLK4",1,1,1,1,0.689287003968254,1,0.689287003968254,0.689287003968254,1,1,0.689287003968254
"MAP kinase signal-integrating kinase 2",0.12180171957672,0.671016746031746,0.0664373015873016,0.224225892857143,1,1,1,0.819393386243386,0.12180171957672,1,1
"Proteasome component C5",0.210384788359788,0.149483928571429,0.504923492063492,0.298967857142857,0.298967857142857,0.504923492063492,0.761009090909091,0.149483928571429,0.43184246031746,0.504923492063492,0.298967857142857
"Tyrosine-protein kinase FRK",0.481670436507937,1,1,0.564717063492063,0.298967857142857,1,1,1,1,1,1
"Dual specificty protein kinase CLK1",0,0.919049338624339,0.0166093253968254,0.0221457671957672,1,1,0.724166587301587,1,1,1,0.724166587301587
"Dual specificity protein kinase CLK2",0.132874603174603,1,0.971645535714286,1,0.971645535714286,1,1,0.498279761904762,1,1,1
"Lipoxin A4 receptor",0,0.578004523809524,0.76956541005291,0.930122222222222,0.0332186507936508,1,0.0332186507936508,1,0.199311904761905,1,0.882667006802721
"Estradiol 17-beta-dehydrogenase 3",0.0332186507936508,0.741883201058201,0.741883201058201,0,0.465061111111111,0.978104717813051,0.978104717813051,1,1,0.199311904761905,0.778265532879819
"11-beta-hydroxysteroid dehydrogenase 1",1,0.70866455026455,1,1,0.70866455026455,1,0.70866455026455,1,1,1,1
"Ribosomal protein S6 kinase alpha 5",1,1,0.382014484126984,1,1,0.697591666666667,1,0.697591666666667,0.382014484126984,1,0.983272063492064
"ALK tyrosine kinase receptor",1,1,1,1,1,1,1,1,1,1,1
"Hypoxia-inducible factor 1 alpha",1,1,1,0.0332186507936508,0.471704841269841,1,1,0.177166137566138,0.935658664021164,0.406928472222222,0.177166137566138
"TGF-beta receptor type II",0.963340873015873,0.540989455782313,0.863684920634921,0.39862380952381,0.199311904761905,0.274053869047619,0.863684920634921,0.0332186507936508,0.199311904761905,0.540989455782313,0.863684920634921
"Serine/threonine-protein kinase AKT",0,0.0332186507936508,0.780638293650794,1,0.518210952380952,0.780638293650794,1,0.0332186507936508,0.141179265873016,0.780638293650794,1
"Sodium channel protein type IX alpha subunit",0.476133994708995,1,0.896903571428571,0.597935714285714,0.166093253968254,0.896903571428571,1,1,1,0.0996559523809524,1
"P-glycoprotein 1",0.98548664021164,0.98548664021164,1,1,0.98548664021164,1,1,0.98548664021164,0.98548664021164,0.764028968253968,1
"Heat shock protein HSP 90-beta",0.0730810317460318,0.0730810317460318,0.808320502645503,0.326650066137566,0.0730810317460318,0.327440986394558,1,0.0730810317460318,1,0.0730810317460318,0.336338839285714
"Calcium-activated potassium channel subunit alpha-1",0.707082709750567,0.287894973544974,0.727119356261023,0.448451785714286,0.287894973544974,0.448451785714286,0.415233134920635,0.714200992063492,0.842545779220779,0.842545779220779,0.265749206349206
"Intermediate conductance calcium-activated potassium channel protein 4",1,1,0.498279761904762,0.0664373015873016,0.498279761904762,1,0.801993140589569,0.21592123015873,1,0.465061111111111,0.692055224867725
"Voltage-gated potassium channel subunit Kv1.5",1,1,1,1,1,1,1,0.83046626984127,1,1,1
"Bradykinin B1 receptor",0.166093253968254,1,1,1,1,1,1,1,1,1,1
"Purinergic receptor P2Y1",1,0.232530555555556,1,1,1,1,1,1,1,0.332186507936508,0.332186507936508
"Sphingosine 1-phosphate receptor Edg-1",0.318899047619048,1,1,0,0.759876636904762,0.526752891156463,0.526752891156463,0.318899047619048,0.318899047619048,1,0.083046626984127
"Purine nucleoside phosphorylase",0.622849702380952,0.493534240362812,0.143947486772487,0.0332186507936508,0.21592123015873,1,0.493534240362812,0.0332186507936508,0.700913531746032,0.682827821869489,0.259105476190476
"Serine/threonine-protein kinase GAK",0.437378902116402,1,0.257444543650794,0,0.437378902116402,0.441333503401361,0.554751468253968,0.554751468253968,0.0442915343915344,0.554751468253968,0
"Induced myeloid leukemia cell differentiation protein Mcl-1",0.640645408163265,0.640645408163265,0.640645408163265,0.640645408163265,1,1,1,0.640645408163265,0.640645408163265,1,0.640645408163265
"Dual-specificity tyrosine-phosphorylation regulated kinase 2",0.199311904761905,1,0.40526753968254,0.0664373015873016,0.21592123015873,1,0.574208106575964,0.0332186507936508,1,1,0.503816203703704
"Gastric inhibitory polypeptide receptor",1,1,1,1,1,1,1,1,1,1,1
"Matrix metalloproteinase 12",0.232530555555556,1,1,1,1,1,1,1,1,0.996559523809524,1
"Sphingosine kinase 1",0,1,0.770672698412698,1,1,1,0.786174735449735,0.770672698412698,0.254676322751323,1,0.254676322751323
"Phosphodiesterase 8B",1,1,1,1,1,1,1,1,1,1,1
"Phosphodiesterase 10A",1,0.556412400793651,1,0.631154365079365,0.43184246031746,0.635899886621315,1,0.631154365079365,0.43184246031746,0.442915343915344,1
"Free fatty acid receptor 1",1,0.963340873015873,1,1,1,1,1,1,1,1,1
"Prostanoid DP receptor",0.999579401154401,0.548107738095238,0.710879126984127,0.710879126984127,0.548107738095238,0.548107738095238,0.548107738095238,0.548107738095238,0.298967857142857,0.548107738095238,0.265749206349206
"Neurokinin 3 receptor",0.581326388888889,0.581326388888889,1,1,1,1,1,0.581326388888889,0.581326388888889,1,1
"TGF-beta receptor type I",1,1,1,1,1,1,0.581326388888889,1,1,1,0.581326388888889
"C-X-C chemokine receptor type 3",1,0.531498412698413,0.711828231292517,0.597935714285714,0,1,1,0.711828231292517,0.0332186507936508,1,0.332186507936508
"Vitamin K-dependent protein C",0.616917800453515,0.616917800453515,0.616917800453515,0.616917800453515,0.581326388888889,1,1,0.581326388888889,0.616917800453515,1,1
"Tyrosine-protein kinase FGR",0.256258163265306,0.880294246031746,1,0.0996559523809524,0,1,0.166093253968254,0.166093253968254,1,0.166093253968254,0.238066997354497
"NAD-dependent deacetylase sirtuin 3",0.639459027777778,0.878448765432099,1,0.639459027777778,0.82097522675737,0.871989583333333,0.752956084656085,1,0.639459027777778,0.752956084656085,0.166093253968254
"NAD-dependent deacetylase sirtuin 2",0.232530555555556,1,1,1,0.232530555555556,1,1,0.232530555555556,1,1,1
"Acyl coenzyme A:cholesterol acyltransferase 2",1,0.764028968253968,1,0.764028968253968,1,0.764028968253968,0.764028968253968,0.0332186507936508,1,1,1
"Voltage-gated N-type calcium channel alpha-1B subunit",0,1,1,1,0.132874603174603,1,1,1,1,1,0.221457671957672
"Nitric oxide synthase, inducible",1,1,1,1,1,1,1,1,1,1,1
"Serine/threonine-protein kinase PAK 4",1,1,1,1,1,1,1,1,1,1,1
"Ribosomal protein S6 kinase 1",0.714200992063492,0.714200992063492,1,1,1,1,0.838770932539683,1,1,0.764028968253968,1
"NAD-dependent deacetylase sirtuin 1",1,1,1,1,0,1,1,0,1,1,1
"Glutaminyl-peptide cyclotransferase",0.772333630952381,1,1,0.772333630952381,1,1,1,0.772333630952381,0,1,1
"Serine/threonine-protein kinase PIM2",0.0332186507936508,1,0.81717880952381,0.902440013227513,0.81717880952381,1,0.81717880952381,1,1,0.81717880952381,1
"TRAF2- and NCK-interacting kinase",1,1,1,1,1,1,0.182702579365079,1,1,1,0.132874603174603
"Coagulation factor XIII",0,0.21592123015873,1,0,0.199311904761905,1,0.275240249433107,0.107960615079365,1,1,0.107960615079365
"5-lipoxygenase activating protein",0.149483928571429,0.426306018518519,0.981795679012346,0.254676322751323,0.40526753968254,0.981795679012346,1,1,0.507770804988662,0.340491170634921,0.0996559523809524
"Neuropeptide Y receptor type 5",0.12180171957672,0.586862830687831,0.586862830687831,0.0332186507936508,0.514889087301587,0.559971541950113,0.448451785714286,0.780638293650794,0.498279761904762,1,0
"Kinesin-like protein 1",0.780638293650794,0.372048888888889,1,0.282358531746032,1,1,0.282358531746032,1,0.166093253968254,1,0.282358531746032
"Matrix metalloproteinase 8",1,0.930122222222222,1,1,1,1,1,1,1,0.930122222222222,1
"C-C chemokine receptor type 8",1,1,1,1,1,1,1,1,1,1,1
"Tyrosine kinase non-receptor protein 2",1,1,1,1,1,1,0.0332186507936508,1,1,1,0.0332186507936508
"Serine/threonine-protein kinase PAK 1",1,1,1,1,0.166093253968254,1,1,0.564717063492064,1,1,1
"Tyrosine-protein kinase BRK",0.933444087301587,0.913512896825397,0.669909457671958,0.298967857142857,0.669909457671958,0.933444087301587,0.711828231292517,0.669909457671958,0.669909457671958,1,0.669909457671958
"Melanocortin receptor 5",0.132874603174603,1,0.869221362433862,1,1,1,0.182702579365079,0.182702579365079,1,0.651085555555556,0
"Ghrelin receptor",0.465061111111111,0.465061111111111,1,0.465061111111111,0.465061111111111,0.878448765432099,1,0.465061111111111,0.780638293650794,0.465061111111111,0.465061111111111
"Phenylethanolamine N-methyltransferase",1,1,1,1,0,1,1,0.116265277777778,1,1,1
"Leukotriene A4 hydrolase",0,0.616054978354978,0.60790130952381,0.232530555555556,0.149483928571429,0.510736755952381,0.459524669312169,0.279036666666667,0.568408024691358,0.510736755952381,0.279036666666667
"Apoptosis regulator Bcl-X",0,0.298967857142857,0.304504298941799,1,0.0332186507936508,1,0.0498279761904762,0.621663321995465,1,0.867837251984127,0
"Serine/threonine-protein kinase Chk1",0.0166093253968254,0.208802947845805,0.0664373015873016,0.0249139880952381,0.0249139880952381,0.193775462962963,0.686518783068783,0.0166093253968254,1,1,0.411080803571429
"Voltage-gated potassium channel subunit Kv1.3",0.0332186507936508,1,1,1,1,1,1,1,1,1,1
"Voltage-gated T-type calcium channel alpha-1G subunit",1,0.863684920634921,1,1,1,1,1,1,1,1,1
"Melanocortin receptor 3",0.987499891774892,0.609008597883598,0.743267311507936,0.265749206349206,0.730810317460317,0.987499891774892,0.083046626984127,0.0885830687830688,0.285680396825397,0.930122222222222,0.083046626984127
"Dipeptidyl peptidase VIII",0.664373015873016,1,0.669118537414966,0.664373015873016,0.132874603174603,1,1,0.664373015873016,0.669118537414966,1,0.282358531746032
"Lymphocyte differentiation antigen CD38",0,1,0.348795833333333,0.573021726190476,1,1,1,1,1,1,0.573021726190476
"Proteasome Macropain subunit MB1",0,1,1,1,1,1,1,1,1,1,1
"Apoptosis regulator Bcl-W",0.0664373015873016,0.245818015873016,0.149483928571429,0.260212764550265,0.0775101851851852,0.284731292517007,1,0,0.303120188492064,1,1
"Aldo-keto-reductase family 1 member C3",0.84375373015873,0.365405158730159,1,0.84375373015873,1,0.84375373015873,1,1,0.974413756613757,0.813856944444445,1
"Fibroblast activation protein alpha",0.944358786848073,1,0.944358786848073,0.896903571428571,1,0.896903571428571,1,0.896903571428571,1,0.944358786848073,0.896903571428571
"Indoleamine 2,3-dioxygenase",1,1,0.906394614512472,0.938426884920635,0.906394614512472,1,0.906394614512472,0.906394614512472,0.906394614512472,0.906394614512472,0.906394614512472
"Malonyl-CoA decarboxylase",0.882667006802721,1,1,0.265749206349206,1,0.882667006802721,0.882667006802721,0.882667006802721,1,0.741883201058201,0.741883201058201
"Isoprenylcysteine carboxyl methyltransferase",1,1,1,1,1,1,1,1,1,1,0.631154365079365
"Serine/threonine-protein kinase Aurora-A",0,1,1,0.95503621031746,1,1,1,0.420769576719577,0.420769576719577,1,1
"C3a anaphylatoxin chemotactic receptor",0.747419642857143,0.747419642857143,0.818009275793651,0.818009275793651,0.747419642857143,1,1,0.747419642857143,0.747419642857143,1,0.747419642857143
"Vesicular acetylcholine transporter",0.52319375,0.52319375,1,0.132874603174603,0.597935714285714,1,1,0.52319375,1,0.719737433862434,1
"Geranylgeranyl pyrophosphate synthetase",1,1,1,0.0498279761904762,0.0775101851851852,1,0.224225892857143,0.813856944444444,1,0.345473968253968,0
"Neuropeptide Y receptor type 1",1,1,0.672677678571429,0.672677678571429,0.672677678571429,1,1,1,1,0.672677678571429,1
"Carbonic anhydrase VA",1,1,1,0.730810317460317,1,1,1,1,1,1,1
"Endothelin-converting enzyme 1",0.348795833333333,1,1,1,1,1,1,1,0.465061111111111,1,0.348795833333333
"Orexin receptor 2",1,0.938426884920635,1,0.697591666666667,1,1,1,1,1,0.697591666666667,0.664373015873016
"Dipeptidyl peptidase IX",0.0332186507936508,1,1,1,0.0332186507936508,1,0.0332186507936508,0.391980079365079,1,0.935658664021164,0
"Vanilloid receptor",0.21592123015873,0.558073333333333,0.564717063492063,0.21592123015873,0.558073333333333,1,0.69343933531746,0.43184246031746,1,1,0.69343933531746
"Caspase-1",0.741883201058201,0.741883201058201,0.741883201058201,0.741883201058201,1,0.741883201058201,0.741883201058201,0.741883201058201,0.741883201058201,1,0
"Nitric-oxide synthase, endothelial",1,1,0.509352645502645,1,1,1,1,0.509352645502645,0.509352645502645,1,0.539803075396825
"Dual specificity phosphatase Cdc25B",1,1,1,1,0.930122222222222,1,1,1,1,1,1
"P2X purinoceptor 7",0.531498412698413,1,1,1,0.531498412698413,1,1,1,1,1,1
"Serine/threonine-protein kinase AKT3",0.0498279761904762,0.631154365079365,0.249139880952381,0.318899047619048,1,1,1,0.0996559523809524,0.0498279761904762,1,1
"Beta-secretase 1",0.0221457671957672,0.786174735449735,0.786174735449735,0.083046626984127,0,1,0.083046626984127,0,0.786174735449735,1,0.083046626984127
"Acetyl-CoA carboxylase 2",0.611223174603175,1,0.697591666666667,1,0.611223174603175,0.647763690476191,1,0.0664373015873016,1,0.611223174603175,0.611223174603175
"L-lactate dehydrogenase A chain",0.0996559523809524,1,1,1,1,1,0.298967857142857,0.440147123015873,1,1,0.440147123015873
"C-X3-C chemokine receptor 1",0.885830687830688,1,0.885830687830688,0,0,0.642227248677249,0,0.544785873015873,1,0.885830687830688,0
"Eukaryotic translation initation factor",0.0664373015873016,1,1,1,0,0.642227248677249,0.285680396825397,0,0.157788591269841,1,1
"Apoptosis regulator Bcl-2",0.0166093253968254,0.930122222222222,0.243603439153439,0.285680396825397,0,1,0.310040740740741,0.638536287477954,0.285680396825397,0.638536287477954,0.638536287477954
"Cytochrome P450 1B1",0.751571974206349,0.597935714285714,1,0.952267989417989,0.265749206349206,0.740301360544218,0.597935714285714,0.0664373015873016,0.597935714285714,1,0.487206878306878
"Tyrosine-protein kinase receptor UFO",0,0.979950198412698,0.979950198412698,1,0.210384788359788,1,1,0.0996559523809524,1,0.979950198412698,1
"Neurotrophic tyrosine kinase receptor type 2",1,1,0.586862830687831,0.348795833333333,0.348795833333333,1,0.586862830687831,0.586862830687831,1,1,0.453988227513228
"Mitogen-activated protein kinase kinase kinase 8",0.946731547619048,0.946731547619048,0.96636075036075,0.946731547619048,0.946731547619048,0.96636075036075,0.96636075036075,0.96636075036075,0.96636075036075,0.946731547619048,0.946731547619048
"Low molecular weight phosphotyrosine protein phosphatase",0.265749206349206,1,1,1,0.481670436507937,1,0.387550925925926,1,1,1,0.265749206349206
"Casein kinase I epsilon",0.382014484126984,1,1,0.382014484126984,0.315577182539683,1,0.989915793650794,0.265749206349206,1,1,1
"L-lactate dehydrogenase B chain",0.878784307359307,0.478348571428571,0.493534240362812,0.493534240362812,0.12180171957672,0.63484532627866,0.740775912698413,0.116265277777778,0.502432093253968,0.157788591269841,0.116265277777778
"S-methyl-5-thioadenosine phosphorylase",1,1,0.888598908730159,1,0,1,1,0.0498279761904762,1,1,0.542571296296296
"Proto-oncogene c-JUN",0.645390929705215,0.586862830687831,0.41191126984127,0.387550925925926,0.21592123015873,0.730810317460317,1,0,0.41191126984127,0.730810317460317,1
"Sodium/glucose cotransporter 1",0.132874603174603,1,0.747419642857143,0.747419642857143,0.747419642857143,0.365405158730159,1,0.771410890652557,0.265749206349206,0.771410890652557,0.771410890652557
"Transketolase",0.986593928571429,0.759876636904762,0.0332186507936508,0.986593928571429,0.0332186507936508,1,0.704235396825397,0,0.704235396825397,0.759876636904762,0.759876636904762
"Serine/threonine-protein kinase RIPK2",0,1,1,1,1,1,1,1,1,1,1
"p53-binding protein Mdm-2",0,0.845230114638448,0.867006785714286,0.174397916666667,0.0442915343915344,0.40526753968254,0.845230114638448,0,0.570253505291005,0.845230114638448,1
"Serine-protein kinase ATR",0.149483928571429,0.701743998015873,1,0.701743998015873,0.27682208994709,0.701743998015873,1,0.149483928571429,0.701743998015873,0.701743998015873,0.815702425044092
"ADAM10",1,1,1,0.730810317460317,0,0.919049338624339,1,0.0166093253968254,0.838770932539683,0.919049338624339,1
"Endoplasmic reticulum aminopeptidase 2",0.365405158730159,1,1,1,1,1,1,1,1,1,1
"G protein-coupled receptor 44",1,0.930122222222222,1,1,0.0996559523809524,1,1,0,0.930122222222222,1,0.930122222222222
"Endothelial lipase",1,1,1,1,1,1,1,1,0.697591666666667,1,1
"Histone deacetylase 10",0.055364417989418,0.658836574074074,0.659627494331066,0.0166093253968254,0.0747419642857143,1,1,0,0.934274553571429,1,0.584648253968254
"GABA receptor alpha-5 subunit",1,0.725273875661376,1,0.332186507936508,0.551429603174603,0.539803075396825,0.930122222222222,1,0.509352645502645,1,0.509352645502645
"Orexin receptor 1",0.710879126984127,0.797247619047619,0.710879126984127,1,0.710879126984127,1,1,1,0.710879126984127,0.710879126984127,1
"Discoidin domain-containing receptor 2",0.0498279761904762,1,0.12180171957672,0.0498279761904762,0.876972380952381,1,1,0.61454503968254,1,1,1
"Metabotropic glutamate receptor 2",1,1,1,1,1,1,1,1,0.265749206349206,1,1
"Cytochrome P450 26A1",0.406928472222222,0.734132182539683,0.406928472222222,0.406928472222222,0.406928472222222,0.602088045634921,0.734132182539683,0.564717063492063,0.564717063492063,1,0.602088045634921
"Serine/threonine-protein kinase B-raf",1,1,1,1,1,1,1,1,1,1,0.232530555555556
"Ephrin type-B receptor 4",0,1,1,0.149483928571429,1,1,0.166093253968254,1,1,0.813856944444445,1
"Neuropilin-1",0,0.936765952380952,0.719737433862434,0.936765952380952,1,0.936765952380952,0.936765952380952,0.21592123015873,0.936765952380952,0.936765952380952,0.936765952380952
"dUTP pyrophosphatase",1,1,1,1,1,1,1,0.797247619047619,1,1,1
"Serine/threonine-protein kinase ILK-1",0.448451785714286,0.448451785714286,1,1,1,1,0.254676322751323,1,0.448451785714286,0.249139880952381,0.249139880952381
"Tyrosine-protein kinase BTK",1,1,1,1,0.885830687830688,1,1,0.885830687830688,1,1,0.597935714285714
"Serine/threonine-protein kinase TNNI3K",1,1,1,1,1,1,1,1,1,1,1
"Cytochrome P450 2A6",1,1,1,0,1,0.487206878306878,1,1,1,1,0.0498279761904762
"Mitogen-activated protein kinase kinase kinase 5",0.0996559523809524,1,0.874757804232804,0.149483928571429,0.0996559523809524,0.874757804232804,1,0.0996559523809524,1,1,1
"Tyrosine-protein kinase receptor TYRO3",0.321113624338624,0.906869166666667,0.321113624338624,0.571360793650794,0.571360793650794,0.321113624338624,0.969380627705628,0.867837251984127,0.889521649029982,0.603472156084656,0.867837251984127
"Epithelial discoidin domain-containing receptor 1",1,0.647763690476191,0.863684920634921,1,1,0.647763690476191,1,0.719737433862434,1,1,1
"Proto-oncogene tyrosine-protein kinase MER",0.597935714285714,1,1,1,1,0.597935714285714,1,0.597935714285714,1,0.597935714285714,1
"Baculoviral IAP repeat-containing protein 3",1,1,0.83046626984127,1,0.83046626984127,1,1,1,1,1,1
"Poly [ADP-ribose] polymerase 2",0,0.207616567460317,0.418555,0.937504144620811,0,0.960320995670996,0.960320995670996,0,0.937504144620811,0.937504144620811,0.531498412698413
"P-selectin",1,0.0332186507936508,1,1,1,1,1,0.232530555555556,1,1,0.232530555555556
"ATP-binding cassette sub-family G member 2",0,0.0498279761904762,0.138411044973545,0.0110728835978836,1,0.35294816468254,0.35294816468254,0.0110728835978836,1,0.970722795414462,0.138411044973545
"Pituitary adenylate cyclase-activating polypeptide type I receptor",0,0.384387244897959,1,0,0.188239021164021,0.564717063492064,1,0,1,0.152805793650794,0.0332186507936508
"Serine/threonine-protein kinase PIM3",0.210384788359788,0.265749206349206,1,1,0.0332186507936508,1,1,0.210384788359788,1,0.265749206349206,0.963340873015873
"G-protein coupled bile acid receptor 1",1,1,0.498279761904762,0.132874603174603,0.0332186507936508,1,0.12180171957672,0.0996559523809524,0.498279761904762,0.498279761904762,0.298967857142857
"Metastin receptor",1,1,1,0.199311904761905,1,1,0.974413756613757,1,1,1,0.974413756613757
"Cell division cycle 7-related protein kinase",1,1,1,1,1,1,1,1,1,1,1
"Sodium channel protein type X alpha subunit",0.149483928571429,1,1,0.149483928571429,1,1,0.149483928571429,1,0.0996559523809524,0.149483928571429,0.132874603174603
"Baculoviral IAP repeat-containing protein 2",1,0.603472156084656,0.440147123015873,1,0.721319274376417,1,1,0.132874603174603,0.491636031746032,0.365405158730159,0.365405158730159
"Receptor-interacting serine/threonine-protein kinase 1",0.199311904761905,0.282358531746032,0.573021726190476,1,1,1,0.770672698412698,1,1,1,0.573021726190476
"Protein tyrosine kinase 2 beta",0,1,1,0.265749206349206,1,1,1,0.6754458994709,1,1,1
"Perforin-1",0.974413756613757,0.437378902116402,1,1,0.0166093253968254,0.437378902116402,0.437378902116402,0.437378902116402,0.697591666666667,0.697591666666667,0.0166093253968254
"D-amino-acid oxidase",0.166093253968254,1,0.863684920634921,1,0.653300132275132,1,1,1,1,0.653300132275132,1
"Serine/threonine-protein kinase WEE1",0.426306018518519,1,0.426306018518519,1,1,0.157788591269841,1,0.0332186507936508,1,0.157788591269841,0.157788591269841
"Histone acetyltransferase PCAF",0.923478492063492,1,0.923478492063492,0.923478492063492,0.923478492063492,1,1,1,1,0.923478492063492,1
"Secreted frizzled-related protein 1",0.188239021164021,1,0.915885657596372,0.083046626984127,1,1,1,0.915885657596372,0.915885657596372,0.730810317460317,0.083046626984127
"Transient receptor potential cation channel subfamily V member 3",0.116265277777778,1,0.552260069444445,0.0664373015873016,0.40336933106576,0.819393386243386,0.343259391534392,1,0.315577182539683,0.343259391534392,0.310040740740741
"Protein-arginine N-methyltransferase 1",0.559971541950113,0.559971541950113,1,0.0166093253968254,0.376478042328042,1,0.559971541950113,0.559971541950113,1,1,0.0166093253968254
"Nuclear factor NF-kappa-B p65 subunit",0.0996559523809524,0.556412400793651,0.873650515873016,1,0.873650515873016,0.873650515873016,0.873650515873016,0.873650515873016,0.873650515873016,0.556412400793651,0.282358531746032
"Dual specificity tyrosine-phosphorylation-regulated kinase 1B",1,1,1,1,1,1,0.282358531746032,0.847075595238095,1,0.847075595238095,0
"Acyl-CoA desaturase",0,1,0.104401473922902,0.0110728835978836,0.0465061111111111,0.644441825396825,0.602088045634921,0,0.644441825396825,0.104401473922902,0.0465061111111111
"Proto-oncogene tyrosine-protein kinase ROS",0,1,1,0.597935714285714,1,1,1,0.656068353174603,0.332186507936508,1,1
"Lysyl-tRNA synthetase",0.664373015873016,1,0.199311904761905,1,0.221457671957672,1,1,0.199311904761905,0.323881845238095,1,1
"DNA-(apurinic or apyrimidinic site) lyase",0.182702579365079,0.481670436507937,1,0,1,1,1,0.481670436507937,0.581326388888889,1,0.581326388888889
"Glucose-dependent insulinotropic receptor",1,0.758492526455027,0.758492526455027,0.664373015873016,0.581326388888889,0.758492526455027,1,0.581326388888889,0.764028968253968,1,0.805552281746032
"Prostaglandin E synthase",1,1,0.943409682539682,0.943409682539682,0.943409682539682,1,1,0.298967857142857,0.647763690476191,1,1
"G protein-coupled receptor kinase 5",0.132874603174603,0.847075595238095,1,1,0.265749206349206,1,1,1,0.847075595238095,1,1
"Egl nine homolog 1",1,1,1,1,0.055364417989418,1,0.055364417989418,0.116265277777778,1,1,0.055364417989418
"Elongation of very long chain fatty acids protein 6",0,0.775101851851852,0.974413756613757,0.232530555555556,0.775101851851852,0.974413756613757,0.877921485260771,0.775101851851852,0.775101851851852,1,1
"Glucagon",0.116265277777778,0.143947486772487,0.450824546485261,0.668525347222222,1,0.293431415343915,0.166093253968254,0.279036666666667,1,1,0.0996559523809524
"CREB-binding protein",0.177166137566138,0.192668174603175,0.730810317460317,0.177166137566138,0.192668174603175,1,0.780638293650794,1,0.409696693121693,1,0.177166137566138
"Mitogen-activated protein kinase kinase kinase 7",0.0996559523809524,0.0996559523809524,1,1,1,1,1,0.606240376984127,0.575789947089947,1,1
"Interferon-induced, double-stranded RNA-activated protein kinase",1,1,1,0.863684920634921,1,1,1,1,1,1,1
"Aldo-keto reductase family 1 member C2",1,1,1,1,1,1,1,1,1,1,1
"Trace amine-associated receptor 1",0.348795833333333,1,1,0.199311904761905,1,1,1,1,1,1,1
"Nuclear receptor ROR-alpha",0.470597552910053,0.893212610229277,0.640645408163265,0.212599365079365,0.0664373015873016,1,0.107960615079365,0.107960615079365,1,0.892751240079365,0.107960615079365
"Heat shock factor protein 1",0,0.745046882086168,1,0.0664373015873016,0.967493204365079,0.597935714285714,0.116265277777778,0.597935714285714,1,1,0.0664373015873016
"Hematopoietic prostaglandin D synthase",1,1,1,0.656068353174603,0.863684920634921,1,0.249139880952381,0.863684920634921,0.863684920634921,0.656068353174603,0
"Aldo-keto reductase family 1 member C1",1,0.548107738095238,1,0.548107738095238,1,1,1,1,1,0.548107738095238,0.265749206349206
"Bifunctional protein NCOAT",1,1,1,1,1,1,1,1,1,1,1
"LIM domain kinase 2",0.365405158730159,1,0.531498412698413,1,1,1,1,1,0.642227248677249,1,1
"Serine/threonine-protein kinase PLK2",0.43184246031746,1,1,1,1,1,0.43184246031746,1,1,1,0.775101851851852
"Neuropeptide FF receptor 1",1,1,1,0.805552281746032,0,1,0.6754458994709,0,1,1,1
"Neuropeptide FF receptor 2",1,1,1,1,1,0.974413756613757,0.61454503968254,1,1,1,0.61454503968254
"IgG receptor FcRn large subunit p51",0.0110728835978836,1,1,0.741883201058201,0,1,0.0913512896825397,0.0110728835978836,0.564717063492064,1,1
"Smoothened homolog",0.442915343915344,0.207616567460317,0.733830194805195,0.43184246031746,0.43184246031746,0.578004523809524,0.0664373015873016,0.252461746031746,0.0664373015873016,0.43184246031746,0.0664373015873016
"Aldo-keto reductase family 1 member B10",0.343259391534392,1,0.0885830687830688,0.0885830687830688,0.0885830687830688,0.440147123015873,1,0.152805793650794,0.152805793650794,0.440147123015873,0.498279761904762
"Serine/threonine-protein kinase 33",1,0.0332186507936508,1,1,0,1,1,0,1,1,0.971645535714286
"Transient receptor potential cation channel subfamily A member 1",0.777316428571429,1,0.0885830687830688,0.0996559523809524,0.823084347442681,1,0.823084347442681,0.823084347442681,0,0.823084347442681,0.0166093253968254
"Diacylglycerol O-acyltransferase 1",0,0.900225436507937,0.0616917800453515,0,0.0415233134920635,0.631154365079365,0.0442915343915344,0.0442915343915344,0.0996559523809524,0.924082467532468,0.0110728835978836
"Histone-lysine N-methyltransferase, H3 lysine-9 specific 3",0,1,1,0.736346759259259,0.0166093253968254,0.736346759259259,0.143947486772487,0.754537925170068,0.373709821428571,1,1
"Lysine-specific histone demethylase 1",0.438486190476191,0.21592123015873,1,1,0.265749206349206,1,0.265749206349206,0,1,1,1
"Alpha-synuclein",0.92181755952381,1,1,0.149483928571429,1,1,0.298967857142857,1,1,1,0.149483928571429
"Tankyrase-2",0.083046626984127,0.390319146825397,1,0.0332186507936508,1,1,1,1,1,1,0.27682208994709
"Tankyrase-1",1,0.651085555555556,1,0.282358531746032,0,1,1,0.651085555555556,0.409696693121693,1,1
"Mitogen-activated protein kinase kinase kinase kinase 4",0.647763690476191,0.298967857142857,1,1,0.647763690476191,0.647763690476191,0.647763690476191,0.132874603174603,0.647763690476191,0.647763690476191,1
"Lysine-specific demethylase 4C",1,1,1,0.896903571428571,0.896903571428571,1,1,0.896903571428571,1,1,1
