"","EGFR","Hypoxia","JAK.STAT","MAPK","NFkB","PI3K","TGFb","TNFa","Trail","VEGF","p53"
"Arginase-1",0.134,0.14,0.39,0.079,0.085,0.207,0.502,0.301,0.437,0.14,0.151
"Leucine-rich repeat serine/threonine-protein kinase 2",0.184,0.211,0.336,0.012,0,0.299,0.009,0.001,0.034,0.375,0.013
"Tyrosyl-DNA phosphodiesterase 1",0.27,0.19,0.075,0.079,0.419,0.233,0.348,0.36,0.222,0.392,0.458
"Transitional endoplasmic reticulum ATPase",0.173,0.084,0.094,0.018,0.256,0.166,0.104,0.213,0.259,0.251,0.334
"Glucokinase regulatory protein",0.494,0.215,0.332,0.01,0.262,0.443,0.204,0.318,0.237,0.463,0.435
"Pyruvate kinase isozymes M1/M2",0.068,0.432,0.479,0.398,0.091,0.302,0.066,0.412,0.341,0.034,0.028
"Transient receptor potential cation channel subfamily M member 8",0.005,0.279,0.067,0.311,0.25,0.447,0.377,0.338,0.237,0.39,0.113
"G-protein coupled receptor 55",0.001,0.107,0.183,0.007,0.04,0.468,0.208,0.146,0.1,0.072,0.266
"Endoplasmin",0.083,0.519,0.479,0.001,0.037,0.069,0.191,0.069,0.374,0.277,0.141
"Serine/threonine-protein kinase/endoribonuclease IRE1",0.416,0.115,0.358,0.038,0.32,0.344,0.106,0.353,0.499,0.119,0.384
"NADPH oxidase 4",0.067,0.056,0.365,0.346,0.151,0.3,0.338,0.482,0.049,0.229,0.26
"Ketohexokinase",0,0.012,0.034,0.218,0.266,0.215,0.252,0.104,0.282,0.492,0.455
"Lethal(3)malignant brain tumor-like protein 1",0.238,0,0.447,0.002,0.165,0.072,0.125,0.005,0.159,0.46,0.071
"Microtubule-associated protein tau",0.416,0.097,0.314,0.092,0.022,0.311,0.036,0.455,0.385,0.038,0.018
"15-hydroxyprostaglandin dehydrogenase [NAD+]",0.333,0.103,0.272,0.407,0.052,0.271,0.137,0,0.084,0.39,0.33
"G-protein coupled receptor 35",0.123,0.471,0.502,0.415,0.266,0.583,0.215,0.024,0.224,0.099,0.069
"ATP-sensitive inward rectifier potassium channel 1",0.555,0.376,0.38,0.479,0.094,0.231,0.534,0.041,0.192,0.22,0.247
"Neuropeptides B/W receptor type 1",0.101,0.221,0.473,0.559,0.414,0.556,0.054,0.096,0.036,0.148,0.068
"Nuclear receptor ROR-gamma",0.044,0.031,0.01,0,0.487,0.388,0.384,0.005,0.31,0.104,0.49
"DNA topoisomerase I",0.032,0.162,0.215,0.105,0.137,0.343,0.375,0.089,0.213,0.448,0.047
"Farnesyl diphosphate synthase",0.161,0.221,0.022,0.355,0.1,0.389,0.067,0.076,0.408,0.539,0.009
"Glucagon-like peptide 1 receptor",0.02,0.292,0.321,0.132,0.497,0.083,0.216,0.16,0.08,0.268,0.333
"Endothelin receptor ET-B",0.252,0.079,0.168,0.289,0.019,0.416,0.08,0.068,0.011,0.391,0.054
"Steroid 5-alpha-reductase 1",0.127,0.386,0.05,0.023,0.022,0.214,0.338,0.004,0.247,0.433,0.368
"Vasopressin V2 receptor",0.005,0.113,0.249,0.238,0.38,0.036,0.281,0.556,0.292,0.133,0.551
"Somatostatin receptor 5",0.004,0.215,0.273,0,0.028,0.046,0.086,0.016,0.409,0.022,0.024
"Histone-lysine N-methyltransferase, H3 lysine-79 specific",0.005,0.195,0.118,0.101,0.355,0.045,0.199,0.034,0.255,0.29,0.424
"Bromodomain-containing protein 3",0.021,0.075,0.196,0.396,0.003,0.381,0.076,0.472,0.087,0.204,0.007
"Cysteinyl leukotriene receptor 1",0.015,0.392,0.292,0.33,0.474,0.397,0.289,0.424,0.408,0.414,0.002
"Plasminogen",0.004,0.531,0.175,0.259,0.228,0.362,0.08,0.054,0.141,0.502,0.385
"Leukocyte adhesion glycoprotein LFA-1 alpha",0.021,0.5,0.105,0.086,0.049,0.341,0.319,0.316,0.531,0.564,0.069
"Somatostatin receptor 2",0.009,0.464,0.072,0.001,0.198,0.242,0.249,0.022,0.391,0.045,0.04
"Muscarinic acetylcholine receptor M4",0.225,0.161,0.381,0.302,0.421,0.179,0.167,0.007,0.256,0.498,0
"Inosine-5'-monophosphate dehydrogenase 1",0.004,0.053,0.157,0.015,0.332,0.449,0.393,0.279,0.301,0.096,0.137
"Receptor protein-tyrosine kinase erbB-2",0.174,0.537,0.224,0.005,0.029,0.138,0.371,0.384,0.312,0.437,0.111
"TNF-alpha",0.007,0.404,0.166,0.059,0.151,0.175,0.043,0.085,0.194,0.195,0.203
"Phosphodiesterase 5A",0.14,0.392,0.557,0.281,0.181,0.185,0.093,0.525,0.165,0.075,0.133
"Serotonin 2b (5-HT2b) receptor",0.439,0.533,0.039,0.103,0.426,0.299,0.37,0.425,0.555,0.308,0.137
"Thromboxane-A synthase",0.052,0.21,0.426,0.252,0.004,0.131,0.31,0.357,0.277,0.328,0.01
"Prostanoid EP4 receptor",0.371,0.201,0.002,0.161,0.002,0.602,0.476,0.027,0.017,0.547,0.09
"Dopamine D5 receptor",0.152,0.203,0.071,0.015,0.004,0.146,0.009,0.03,0.266,0.133,0.019
"Somatostatin receptor 4",0.053,0.138,0.296,0.007,0.04,0.46,0.076,0.016,0.006,0.356,0.157
"Gonadotropin-releasing hormone receptor",0.001,0.015,0.202,0,0.219,0.231,0.265,0.149,0.499,0.135,0.31
"4-hydroxyphenylpyruvate dioxygenase",0.136,0.42,0.126,0.107,0.468,0.221,0.051,0.256,0.478,0.142,0.034
"Tyrosine-protein kinase ABL",0.161,0.184,0.083,0.19,0.204,0.069,0.284,0.514,0.365,0.14,0.467
"Vascular endothelial growth factor receptor 1",0.024,0.407,0.198,0.022,0.239,0.057,0.354,0.34,0.058,0.048,0.172
"Tissue-type plasminogen activator",0.006,0.422,0.021,0,0.405,0.313,0.304,0.462,0.231,0.294,0.264
"Calcium sensing receptor",0.128,0.354,0.072,0.065,0.129,0.246,0.455,0.205,0.092,0.026,0.438
"Neuronal acetylcholine receptor protein alpha-4 subunit",0,0.43,0.247,0.114,0.083,0.182,0.202,0.101,0.033,0.274,0.022
"Potassium channel, inwardly rectifying, subfamily J, member 11",0.131,0.164,0.344,0.002,0.347,0.435,0.086,0.11,0.289,0.332,0.001
"Vasopressin V1a receptor",0.096,0.469,0.204,0.458,0.018,0.404,0.417,0.26,0.094,0.346,0.23
"Glutamate carboxypeptidase II",0.008,0.186,0.225,0.206,0.123,0.161,0.094,0.384,0.286,0.066,0.15
"Serotonin 1b (5-HT1b) receptor",0.005,0.087,0.074,0.147,0.008,0.337,0.19,0.089,0.128,0.005,0.367
"Serotonin 3a (5-HT3a) receptor",0.016,0.463,0.263,0.01,0,0.22,0.141,0.04,0.054,0.472,0.305
"Aldose reductase",0.002,0.267,0.262,0.058,0.103,0.305,0.482,0.085,0.165,0.249,0.267
"Glutamate [NMDA] receptor subunit epsilon 2",0.463,0.417,0.415,0.071,0.321,0.375,0.078,0.192,0.21,0.233,0.172
"Serine/threonine-protein kinase RAF",0.001,0.145,0.099,0.001,0.428,0.077,0.285,0.225,0.092,0.147,0.064
"Aminopeptidase N",0.429,0.41,0.567,0.506,0.046,0.439,0.432,0.048,0.391,0.292,0.268
"Cytochrome P450 11B1",0,0.062,0.102,0.002,0.344,0.257,0.403,0.158,0.367,0.096,0.223
"Butyrylcholinesterase",0.488,0.258,0.364,0.247,0.036,0.515,0.151,0.014,0.119,0.419,0.133
"Alpha-2c adrenergic receptor",0.085,0.375,0.505,0.01,0.201,0.398,0.158,0.057,0.056,0.063,0.251
"Melatonin receptor 1A",0.041,0.346,0.256,0.021,0.181,0.487,0.295,0.05,0.292,0.362,0.314
"Melatonin receptor 1B",0.037,0.141,0.03,0.322,0.186,0.166,0.284,0.168,0.011,0.593,0.1
"Thyroid hormone receptor beta-1",0.2,0.029,0.245,0.057,0.115,0.129,0.052,0.038,0.011,0.313,0.011
"Cyclophilin A",0.264,0.111,0.101,0.094,0.017,0.428,0.293,0.165,0.449,0.057,0.459
"Thymidylate synthase",0.006,0.005,0.359,0,0.056,0.151,0.403,0,0.333,0.41,0.119
"Vascular endothelial growth factor receptor 3",0.002,0.018,0.269,0.073,0.329,0.293,0.122,0.287,0.147,0.123,0.124
"Insulin-like growth factor I receptor",0.035,0.528,0.016,0.5,0.149,0.508,0.284,0.415,0.277,0.379,0.085
"Epoxide hydrolase 1",0.267,0.133,0.395,0.041,0,0.524,0.026,0.049,0.123,0.052,0.047
"Tyrosine-protein kinase receptor FLT3",0.09,0.004,0.355,0.408,0.034,0.372,0.565,0.008,0.219,0.003,0.177
"Vitamin D receptor",0.293,0.179,0.119,0.042,0.117,0.41,0.202,0.195,0.486,0.068,0.076
"Cytochrome P450 19A1",0.001,0.467,0.143,0,0.416,0.125,0.167,0.103,0.343,0.393,0.464
"Insulin receptor",0.002,0.11,0.064,0.27,0.301,0.364,0.023,0.165,0.438,0.076,0.084
"Serotonin 1d (5-HT1d) receptor",0.003,0.44,0.044,0.067,0.155,0.365,0.061,0.26,0.455,0.465,0.107
"Inhibitor of nuclear factor kappa B kinase beta subunit",0.258,0.14,0.224,0.019,0.339,0.279,0.475,0.522,0.185,0.172,0.036
"Prostanoid IP receptor",0.128,0.028,0.32,0.203,0.076,0.077,0.157,0.036,0.025,0.111,0.061
"Equilibrative nucleoside transporter 1",0.139,0.458,0.124,0.027,0.4,0.383,0.398,0.042,0.327,0.226,0.462
"Purinergic receptor P2Y12",0.209,0.065,0.141,0.16,0.013,0.063,0.485,0.152,0.039,0.516,0.003
"Retinoic acid receptor gamma",0,0.11,0.061,0,0.483,0.325,0.113,0.156,0.32,0.119,0.025
"Platelet-derived growth factor receptor alpha",0.101,0.338,0.186,0,0.047,0.083,0.076,0.125,0.232,0.312,0.027
"Retinoic acid receptor beta",0.027,0.363,0.274,0.327,0.023,0.337,0.501,0.01,0.524,0.173,0.511
"Nociceptin receptor",0.038,0.048,0.37,0,0.024,0.126,0.066,0.078,0.155,0.315,0.102
"Dihydrofolate reductase",0.006,0.408,0.438,0.036,0.424,0.167,0.463,0.249,0.217,0.325,0.318
"Epidermal growth factor receptor erbB1",0.351,0.002,0.142,0.033,0.43,0.045,0.402,0.026,0.129,0.423,0.2
"Muscarinic acetylcholine receptor M5",0.357,0.036,0.384,0.169,0.47,0.371,0.493,0.009,0.37,0.337,0.18
"Peptidyl-prolyl cis-trans isomerase FKBP5",0.45,0.05,0.325,0.029,0.016,0.179,0.476,0.006,0.47,0.428,0.288
"Retinoic acid receptor alpha",0.241,0.208,0.372,0.182,0.282,0.089,0.125,0.024,0.317,0.351,0.002
"Estrogen receptor alpha",0.104,0.343,0.105,0.001,0.422,0.037,0.03,0.246,0.011,0.253,0.005
"Beta-2 adrenergic receptor",0.106,0.421,0.136,0.133,0.009,0.236,0.044,0.299,0.078,0.184,0.091
"Cyclin T1",0.329,0.013,0.066,0.038,0,0.393,0.234,0.001,0.428,0.188,0.251
"Muscarinic acetylcholine receptor M2",0.001,0.09,0.172,0.189,0.431,0.055,0.214,0.525,0.009,0.651,0.231
"Beta-1 adrenergic receptor",0.124,0.2,0.107,0.04,0.278,0.215,0.072,0.059,0.221,0.282,0.297
"Dopamine D2 receptor",0.004,0.027,0.09,0.014,0.003,0.061,0.268,0.001,0.173,0.229,0.2
"Beta-glucocerebrosidase",0.212,0.361,0.251,0,0.175,0.098,0.153,0.169,0.503,0.06,0.195
"Motilin receptor",0.049,0.101,0.104,0.317,0.242,0.365,0.082,0.192,0.201,0.405,0.029
"MAP kinase-activated protein kinase 2",0.041,0.304,0.074,0.078,0.44,0.296,0.301,0.137,0.133,0.19,0.151
"Cyclooxygenase-1",0.09,0.238,0.295,0.018,0.62,0.481,0.123,0.582,0.586,0.252,0.228
"Norepinephrine transporter",0.013,0.303,0.149,0.022,0.139,0.173,0.459,0.375,0.473,0.371,0.056
"Anandamide amidohydrolase",0.418,0.157,0.449,0.313,0.213,0.422,0.088,0.382,0.209,0.133,0.047
"Serotonin 2c (5-HT2c) receptor",0.062,0.526,0.287,0.033,0.098,0.148,0.241,0.07,0.383,0.367,0.556
"Dipeptidyl peptidase I",0.011,0.192,0.545,0.103,0.048,0.562,0.424,0.285,0.195,0.605,0.215
"Serotonin transporter",0.05,0.277,0.097,0.054,0.605,0.204,0.588,0.323,0.095,0.028,0.337
"Peroxisome proliferator-activated receptor alpha",0.005,0.02,0.066,0.085,0.016,0.476,0.366,0.286,0.103,0.401,0.385
"HERG",0.072,0.115,0.041,0.023,0.203,0.412,0.099,0.528,0.201,0.365,0.501
"Epoxide hydratase",0.463,0.385,0.481,0.226,0.438,0.078,0.039,0.157,0.02,0.141,0.021
"Phosphodiesterase 3A",0.103,0.413,0.155,0.18,0.08,0.397,0.393,0.346,0.101,0.103,0.4
"C-C chemokine receptor type 1",0.026,0.454,0.14,0.016,0.099,0.413,0.294,0.333,0.37,0.24,0.033
"C-C chemokine receptor type 4",0.447,0.078,0.441,0.121,0.283,0.193,0.474,0.333,0.321,0.396,0.149
"Estrogen receptor beta",0.073,0.549,0.011,0.055,0.07,0.024,0.427,0.305,0.037,0.188,0.274
"Glyoxalase I",0.105,0.333,0.306,0.059,0.063,0.303,0.159,0,0.09,0.244,0.325
"Myosin light chain kinase, smooth muscle",0.017,0.001,0.003,0.515,0.03,0.045,0.074,0.028,0.07,0.125,0.134
"Serine/threonine-protein kinase AKT2",0.191,0.317,0.206,0.355,0.009,0.062,0.4,0.155,0.035,0.398,0.412
"Interleukin-8 receptor B",0.295,0.019,0.323,0.136,0.543,0.327,0.497,0.015,0.024,0.366,0.04
"Myeloperoxidase",0.363,0.109,0.309,0.213,0.091,0.252,0.378,0.011,0.404,0.372,0.115
"Coagulation factor X",0,0.142,0.095,0.209,0.027,0.204,0.126,0.236,0.04,0.375,0.245
"Deoxycytidine kinase",0.166,0.356,0.317,0.062,0.109,0.236,0.044,0.247,0.284,0.126,0.109
"Muscarinic acetylcholine receptor M3",0.15,0.009,0.362,0.284,0.376,0.376,0.085,0.103,0.51,0.378,0.316
"Beta-3 adrenergic receptor",0.058,0.133,0.079,0.3,0.363,0.228,0.142,0.162,0.072,0.344,0.355
"Death-associated protein kinase 3",0.035,0.041,0.376,0.493,0.153,0.451,0.103,0.01,0.19,0.064,0.223
"Methionine aminopeptidase 1",0.453,0.193,0.423,0.072,0.288,0.339,0.302,0.026,0.06,0.435,0.119
"Leukocyte elastase",0.082,0.054,0.391,0.113,0,0.115,0.12,0.032,0.057,0.401,0.063
"Beta amyloid A4 protein",0.02,0.296,0.51,0.049,0.001,0.417,0.047,0.006,0.24,0.338,0.04
"Neurokinin 1 receptor",0.22,0.048,0.012,0.038,0.354,0.281,0.088,0.295,0.081,0.089,0.068
"Neuronal acetylcholine receptor protein alpha-7 subunit",0,0.168,0.061,0.006,0.048,0.425,0.13,0.084,0.2,0.372,0.423
"Adenosine A2a receptor",0.003,0.221,0.201,0.259,0.006,0.189,0.242,0.166,0.332,0.179,0.141
"Endothelin receptor ET-A",0.326,0.512,0.157,0.19,0.256,0.121,0.231,0.036,0.009,0.063,0.1
"Beta secretase 2",0.011,0.48,0.194,0.462,0.324,0.495,0.071,0.173,0.152,0.208,0.264
"Serine/threonine-protein kinase Chk2",0.017,0.279,0.246,0.389,0.021,0.355,0.349,0,0.022,0.082,0.111
"Cannabinoid CB2 receptor",0.009,0.267,0.255,0.409,0.299,0.424,0.478,0.155,0.111,0.355,0.47
"3-phosphoinositide dependent protein kinase-1",0,0.395,0.354,0.002,0,0.081,0.013,0.346,0.076,0.217,0.208
"Phospholipase D1",0.006,0.067,0.352,0.05,0.01,0.002,0.086,0.002,0.005,0.396,0.008
"Phosphodiesterase 4A",0.03,0.419,0.131,0.184,0.124,0.522,0.224,0.501,0.099,0.453,0.27
"Adenosine A2b receptor",0.001,0.383,0.284,0.126,0.063,0.49,0.232,0.115,0.145,0.423,0.134
"Carboxypeptidase B",0.001,0,0.05,0.466,0,0.06,0.208,0,0.259,0.201,0.006
"Adenosine A3 receptor",0.302,0.149,0.093,0.004,0.192,0.179,0.069,0.289,0.289,0.303,0.325
"Histone deacetylase 5",0,0.011,0.052,0.262,0.177,0.203,0.052,0.008,0.52,0.181,0.118
"Liver glycogen phosphorylase",0.446,0.545,0.44,0.127,0.194,0.583,0.355,0.377,0.162,0.333,0.418
"Tyrosine-protein kinase LCK",0.108,0.088,0.547,0.4,0.003,0.196,0.005,0.002,0.252,0.288,0.068
"Cathepsin D",0.074,0.1,0.147,0.459,0.138,0.31,0.167,0.268,0.046,0.289,0.47
"Melanocortin receptor 4",0.104,0.015,0.315,0.054,0.013,0.036,0.071,0,0.357,0.393,0.016
"Peptide N-myristoyltransferase 1",0.393,0.054,0.242,0.026,0.362,0.265,0.149,0.007,0.257,0.151,0.043
"Tyrosine-protein kinase SYK",0,0.003,0.207,0.158,0.438,0.094,0.044,0.001,0.475,0.342,0.026
"MAP kinase p38 alpha",0.089,0.065,0.223,0.388,0.089,0.15,0.012,0.205,0.399,0.368,0.002
"Carbonic anhydrase I",0.05,0.095,0.106,0.002,0.011,0.012,0.345,0.178,0.23,0.153,0.138
"Furin",0,0.172,0.105,0.023,0.429,0.341,0.008,0.065,0.048,0.101,0.028
"Tryptase beta-1",0,0.109,0.393,0.376,0.025,0.101,0.267,0.3,0.245,0.117,0.301
"Glycogen synthase kinase-3 beta",0.031,0.086,0.305,0.269,0.388,0.417,0.402,0.113,0.174,0.226,0.378
"Dual specificity protein phosphatase 3",0.204,0.441,0.04,0.018,0.002,0.192,0.35,0.004,0.064,0.056,0.438
"c-Jun N-terminal kinase 3",0.005,0.005,0.294,0.461,0.133,0.439,0.296,0.036,0.028,0.022,0.105
"Histamine H3 receptor",0.471,0.013,0.272,0,0.001,0.049,0.231,0,0.218,0.289,0.001
"Phosphodiesterase 2A",0.154,0.368,0.546,0.01,0.245,0.202,0.084,0.073,0.332,0.02,0.009
"Adenosylhomocysteinase",0,0.173,0.106,0.31,0.004,0.178,0.189,0.46,0.411,0.209,0.145
"Tyrosine-protein kinase SRC",0,0.378,0.144,0.002,0.148,0.541,0.082,0.196,0.436,0.195,0.039
"Cathepsin K",0.389,0.252,0.02,0.218,0.119,0.124,0.483,0.038,0.426,0.283,0.494
"Macrophage-stimulating protein receptor",0.452,0.064,0.032,0.032,0.002,0.416,0.449,0.256,0.368,0.02,0.375
"Cystinyl aminopeptidase",0.431,0.048,0.165,0.386,0.035,0.312,0.445,0.078,0.05,0.267,0.299
"Focal adhesion kinase 1",0.004,0.142,0.083,0.193,0.487,0.394,0.494,0.457,0.408,0.241,0.264
"Mitogen-activated protein kinase kinase kinase 11",0.058,0.507,0.07,0,0.476,0.347,0.031,0.144,0.326,0.077,0.137
"Histone deacetylase 7",0,0.391,0.511,0.428,0.001,0.037,0.104,0.193,0.334,0.332,0.146
"Phosphodiesterase 11A",0.005,0.104,0.327,0.448,0.203,0.189,0.054,0.489,0.389,0.112,0.127
"Cytochrome P450 11B2",0.001,0.065,0.135,0.149,0.021,0.448,0.049,0.164,0.199,0.137,0.006
"Protein-glutamine gamma-glutamyltransferase",0.046,0.1,0.141,0.246,0.268,0.215,0.038,0.174,0.411,0.319,0.422
"Phospholipase D2",0.005,0.148,0.427,0.002,0.023,0.126,0.386,0.011,0.312,0.398,0.289
"Metabotropic glutamate receptor 4",0.453,0.343,0.059,0.361,0.022,0.466,0.476,0.001,0.075,0.089,0.374
"C-C chemokine receptor type 5",0.199,0.353,0.492,0.418,0.395,0.255,0.455,0.339,0.266,0.482,0.159
"Fibroblast growth factor receptor 3",0.035,0.509,0.069,0.152,0.389,0.378,0.047,0.068,0.167,0.407,0.013
"Phosphodiesterase 4B",0.368,0.262,0.293,0.499,0,0.458,0.046,0.001,0.348,0.347,0.003
"Ileal bile acid transporter",0.116,0.174,0.281,0.298,0.094,0.288,0.283,0.061,0.037,0.461,0.403
"Integrin alpha-4",0.316,0.556,0.441,0.34,0.536,0.304,0.29,0.052,0.321,0.259,0.24
"Sodium/hydrogen exchanger 1",0.077,0.462,0.213,0.094,0.098,0.309,0.096,0.347,0.359,0.091,0.011
"Acyl coenzyme A:cholesterol acyltransferase 1",0.204,0.332,0.417,0.175,0.045,0.426,0.142,0.159,0.061,0.198,0.314
"Estradiol 17-beta-dehydrogenase 2",0.009,0.169,0.01,0.619,0.008,0.077,0.171,0.036,0.138,0.098,0.502
"Vascular endothelial growth factor receptor 2",0.015,0.06,0.093,0.177,0.376,0.11,0,0.001,0.406,0.183,0
"Matrix metalloproteinase 13",0,0.015,0.442,0.483,0.326,0.168,0.304,0.007,0.29,0.198,0.378
"Tyrosine-protein kinase ZAP-70",0.001,0.096,0.006,0.098,0.526,0.125,0.396,0.171,0.213,0.045,0.101
"LXR-alpha",0.009,0.462,0.476,0.013,0.458,0.385,0.134,0.284,0.014,0.482,0.444
"Protein-glutamine gamma-glutamyltransferase K",0.002,0.257,0.388,0.062,0,0.237,0.292,0.137,0.113,0.197,0.134
"Nerve growth factor receptor Trk-A",0.358,0.018,0.467,0.008,0.181,0.092,0.283,0.141,0.287,0.07,0.3
"Coagulation factor XI",0.058,0.286,0.501,0.565,0.224,0.492,0.143,0.444,0.05,0.169,0.035
"Casein kinase I delta",0.044,0,0.218,0.145,0.113,0.553,0.334,0.035,0.345,0.316,0.33
"Matrix metalloproteinase 3",0.016,0.037,0.017,0.524,0.003,0.367,0.05,0.006,0.076,0.065,0.021
"Tyrosine-protein kinase JAK1",0.014,0.419,0.247,0.13,0.175,0.034,0.364,0.043,0.091,0.1,0.024
"Dipeptidyl peptidase IV",0.043,0.098,0.128,0.079,0.017,0.265,0.153,0.198,0.258,0.111,0.039
"Serine/threonine-protein kinase mTOR",0.149,0.113,0.317,0.17,0.002,0.518,0.039,0.004,0.211,0.073,0.015
"Glycogen synthase kinase-3 alpha",0.402,0.435,0.143,0.078,0.009,0.237,0.394,0.054,0.122,0.4,0.315
"Renin",0.044,0.069,0.141,0.442,0.146,0.037,0.214,0.103,0.039,0.225,0.185
"Sigma opioid receptor",0.004,0.428,0.011,0.217,0.133,0.468,0.048,0.002,0.336,0.25,0.02
"Mitogen-activated protein kinase kinase kinase 9",0.536,0.025,0.426,0.099,0.269,0.546,0.419,0.158,0.233,0.309,0.289
"Phosphodiesterase 4D",0.169,0.072,0.36,0,0.197,0.106,0.415,0.355,0.032,0.14,0.343
"Carbonic anhydrase III",0.378,0.359,0.446,0.147,0.039,0.096,0.039,0.371,0.365,0.258,0.042
"Hematopoietic cell protein-tyrosine phosphatase 70Z-PEP",0.556,0.15,0.26,0.008,0,0.342,0.374,0.005,0.275,0.078,0.239
"Phosphodiesterase 3B",0.284,0.266,0.272,0.171,0.048,0.222,0.002,0.508,0.174,0.061,0
"Arachidonate 15-lipoxygenase",0.085,0.1,0.42,0.133,0.094,0.123,0.437,0.005,0.318,0.11,0.259
"Phosphodiesterase 4C",0.119,0.089,0.474,0.004,0.444,0.412,0.423,0.25,0.055,0.127,0.195
"Telomerase reverse transcriptase",0.15,0.182,0.48,0.433,0.003,0.188,0.335,0.01,0.045,0.491,0.279
"Protein kinase C gamma",0.006,0.357,0.448,0.457,0.384,0.343,0.069,0.513,0.365,0.309,0.294
"Cathepsin S",0.055,0.212,0.088,0.057,0.142,0.604,0.578,0.446,0.095,0.055,0.222
"Sphingosine 1-phosphate receptor Edg-5",0.362,0.327,0.314,0,0.117,0.093,0.006,0.452,0.106,0.356,0.12
"Tyrosine-protein kinase ITK/TSK",0.001,0.148,0.312,0.022,0.265,0.459,0.396,0.225,0.002,0.011,0.381
"Dual specificity mitogen-activated protein kinase kinase 2",0.036,0.198,0.04,0.003,0.047,0.09,0.193,0.42,0.157,0.423,0.191
"Tyrosine-protein kinase JAK2",0.015,0.082,0.258,0,0,0.411,0.169,0.015,0.152,0.232,0.035
"Rho-associated protein kinase 2",0.159,0.213,0.383,0.011,0.351,0.072,0.212,0.351,0.139,0.315,0.321
"Cholecystokinin B receptor",0.16,0.076,0.306,0.12,0.439,0.418,0.153,0.435,0.318,0.084,0.042
"Protein kinase C alpha",0.002,0.391,0.429,0.006,0.027,0.057,0.257,0.069,0.014,0.165,0.002
"Protein kinase C delta",0,0.412,0.176,0.048,0.002,0.125,0.132,0.077,0.203,0.517,0.083
"P2X purinoceptor 3",0.112,0.451,0.128,0.141,0.171,0.104,0.196,0.326,0.428,0.357,0.122
"Multidrug resistance-associated protein 1",0.032,0.401,0.333,0.364,0.078,0.368,0.251,0.355,0.135,0.363,0.1
"Receptor protein-tyrosine kinase erbB-4",0,0.264,0.052,0,0.204,0.306,0.362,0.041,0.344,0.532,0.264
"Cyclin-dependent kinase 2",0,0.002,0.073,0.166,0.027,0.287,0.156,0.022,0.148,0.478,0.236
"Phosphodiesterase 7A",0.001,0.064,0.126,0.077,0.045,0.338,0.088,0.026,0.179,0.254,0.194
"Matriptase",0,0.078,0.001,0,0.003,0.07,0.24,0.455,0.076,0.371,0.208
"Sphingosine kinase 2",0,0.003,0.336,0.087,0.028,0.192,0.021,0.005,0.256,0.122,0.011
"Serine/threonine-protein kinase PLK1",0.154,0.567,0.132,0.071,0.02,0.378,0.234,0.052,0.012,0.16,0.112
"Carbonic anhydrase VI",0.004,0.179,0.035,0.345,0.113,0.101,0.316,0.065,0.006,0.1,0.153
"Protein kinase C beta",0.001,0.454,0.011,0.002,0.032,0.156,0.381,0.014,0.128,0.335,0.176
"Cyclin-dependent kinase 7",0,0.337,0.471,0.014,0.141,0.366,0.291,0.275,0.127,0.142,0.413
"Glycine transporter 2",0.182,0,0.185,0.294,0.24,0.203,0.011,0.005,0.345,0.272,0
"Cyclin-dependent kinase 1",0,0.513,0.229,0.006,0.421,0.261,0.216,0.266,0.351,0.154,0.15
"Excitatory amino acid transporter 1",0.075,0.257,0.184,0.026,0.48,0.175,0.034,0.008,0.098,0.292,0.318
"Plasma retinol-binding protein",0.239,0.011,0.314,0.06,0.011,0.273,0.359,0.294,0.395,0.014,0.155
"Poly [ADP-ribose] polymerase-1",0.23,0.295,0.438,0.004,0.113,0.226,0.038,0.44,0.013,0.164,0.104
"Thymidine phosphorylase",0.076,0.343,0.102,0.341,0.497,0.432,0.299,0.253,0.001,0.09,0.153
"Cyclin-dependent kinase 9",0.001,0.176,0.334,0.319,0.006,0.224,0.19,0,0.47,0.381,0.218
"PI3-kinase p110-delta subunit",0.498,0.04,0.499,0.094,0.01,0.032,0.226,0.003,0.053,0.177,0.012
"DNA-dependent protein kinase",0.068,0.558,0.439,0.18,0.473,0.275,0.32,0.353,0.573,0.297,0.166
"PI3-kinase p110-beta subunit",0,0.12,0.372,0.005,0.42,0.279,0.189,0,0.079,0.179,0.532
"Serotonin 7 (5-HT7) receptor",0.137,0.118,0.051,0,0.268,0.433,0.231,0.12,0.174,0.507,0.246
"Bradykinin B2 receptor",0.362,0.124,0.255,0.26,0.233,0.321,0.42,0.118,0.115,0.164,0.504
"Protein-tyrosine phosphatase 1C",0.017,0.374,0.185,0.228,0.044,0.329,0.003,0.004,0.108,0.066,0.004
"Carboxylesterase 2",0.454,0.237,0.573,0.095,0.551,0.041,0.022,0.081,0.153,0.301,0.045
"Estradiol 17-beta-dehydrogenase 1",0.008,0.105,0.53,0.195,0.634,0.62,0.49,0.191,0.337,0.051,0.257
"Histone deacetylase 8",0.007,0.287,0.051,0.061,0.356,0.285,0.292,0.32,0.304,0.515,0.213
"Prolyl endopeptidase",0.001,0.424,0.005,0.188,0,0.408,0.198,0,0.407,0.142,0.212
"Matrix metalloproteinase 9",0.381,0.11,0.425,0.016,0.025,0.376,0.252,0.004,0.468,0.371,0.347
"CD22",0.364,0.315,0.059,0.409,0.089,0.357,0.361,0.38,0.053,0.236,0.219
"Metabotropic glutamate receptor 5",0.008,0.216,0.198,0.079,0.287,0.258,0.449,0.123,0.059,0.095,0.361
"Sphingosine 1-phosphate receptor Edg-6",0.099,0.425,0.097,0.255,0.454,0.464,0.253,0.189,0.233,0.355,0.209
"Rho-associated protein kinase 1",0.136,0.175,0.307,0.01,0.008,0.016,0.015,0.003,0.189,0.448,0.305
"Tyrosine-protein kinase HCK",0.089,0.013,0.217,0.116,0.083,0.036,0.265,0.024,0.039,0.238,0.33
"Carbonic anhydrase XII",0.095,0.004,0.11,0.025,0.048,0.432,0.006,0.009,0.253,0.179,0.012
"Histone deacetylase 1",0.446,0.395,0.195,0.09,0.311,0.15,0.035,0.075,0.425,0.365,0.519
"Lysophosphatidic acid receptor Edg-7",0.033,0.034,0.293,0.149,0.219,0.155,0.512,0.011,0.405,0.308,0.097
"PI3-kinase p110-gamma subunit",0.022,0,0.238,0.083,0.314,0.368,0.141,0.069,0.266,0.116,0.074
"PI4-kinase beta subunit",0.001,0.189,0.326,0.005,0.174,0.405,0.406,0.322,0.347,0.374,0.142
"Cathepsin L2",0.001,0,0.465,0.225,0.004,0.102,0.317,0,0.269,0.079,0.321
"Urokinase-type plasminogen activator",0.493,0.198,0.441,0.338,0.126,0.47,0.163,0.44,0.107,0.216,0.242
"Testis-specific androgen-binding protein",0.004,0.261,0.151,0.132,0.007,0.266,0.228,0.001,0.01,0.267,0.057
"Caspase-6",0,0.367,0.45,0.044,0.3,0.306,0.268,0.04,0.249,0.353,0.124
"Cyclin-dependent kinase 4",0.488,0.373,0.149,0.028,0,0.462,0.112,0.032,0.311,0.375,0.131
"Histone deacetylase 11",0.016,0.07,0.09,0.393,0.065,0.407,0.252,0.013,0.099,0.418,0.044
"Sodium-dependent proline transporter",0.012,0.289,0.396,0.414,0.067,0.202,0.353,0.037,0.06,0.353,0.146
"Matrix metalloproteinase-1",0.199,0.257,0.261,0.011,0.076,0.131,0.291,0.161,0.27,0.379,0.196
"Matrix metalloproteinase-2",0.019,0.281,0.319,0,0.302,0.029,0.137,0.179,0.063,0.031,0.192
"Protein-tyrosine phosphatase 1B",0.3,0.524,0.175,0.37,0.097,0.323,0.166,0.011,0.388,0.102,0.143
"Acetyl-CoA carboxylase 1",0.005,0.213,0.453,0.059,0.293,0.167,0.254,0.052,0.151,0.33,0.055
"Serotonin 6 (5-HT6) receptor",0,0.345,0.17,0.453,0.066,0.055,0.003,0.049,0.49,0.466,0.037
"MAP kinase ERK1",0.129,0.436,0.197,0.453,0.027,0.151,0.344,0.23,0.053,0.177,0.064
"Cytochrome P450 2C9",0,0.239,0.047,0.374,0.306,0.554,0.277,0.001,0.21,0.442,0.44
"Probable G-protein coupled receptor 88",0.039,0.238,0.181,0.24,0.107,0.383,0.222,0.468,0.133,0.385,0.243
"Cytochrome P450 3A4",0.336,0.54,0.338,0.004,0.032,0.199,0.339,0.045,0.202,0.171,0.304
"Pregnane X receptor",0.032,0.592,0.277,0.004,0.013,0.389,0.002,0.337,0.333,0.375,0.003
"Carboxypeptidase B2 isoform A",0,0.249,0.252,0.017,0.024,0.274,0.488,0.006,0.045,0.231,0.09
"Serotonin 5a (5-HT5a) receptor",0.003,0.049,0.419,0.028,0.318,0.011,0.355,0.112,0.016,0.067,0.076
"Estrogen-related receptor alpha",0.222,0.574,0.092,0.432,0.24,0.061,0.067,0.344,0.216,0.167,0.016
"Amine oxidase, copper containing",0.114,0.271,0.127,0.503,0.428,0.294,0.408,0.069,0.302,0.028,0.23
"Protein kinase C zeta",0.019,0.017,0.212,0.085,0.152,0.459,0.219,0,0.026,0.261,0.086
"Melanin-concentrating hormone receptor 1",0.349,0.306,0.215,0.39,0.017,0.463,0.581,0.076,0.355,0.279,0.505
"Caspase-7",0.017,0.126,0.052,0.016,0.388,0.199,0.016,0.567,0.081,0.483,0.034
"C-C chemokine receptor type 3",0.392,0.243,0.152,0.517,0.103,0.357,0.134,0.109,0.355,0.307,0.419
"Phospholipase A2 group IIA",0.12,0.211,0.166,0.198,0,0.432,0.103,0,0.259,0.555,0.015
"Plasminogen activator inhibitor-1",0.001,0.484,0.302,0,0.209,0.11,0.165,0.304,0.473,0.373,0.124
"Inhibitor of nuclear factor kappa B kinase alpha subunit",0.004,0.124,0.371,0.014,0.502,0.295,0.146,0.072,0.414,0.329,0.308
"Proteasome Macropain subunit",0.054,0.323,0.022,0.187,0.494,0.29,0.258,0.059,0.219,0.287,0.088
"Carbonic anhydrase XIV",0.192,0.272,0.33,0.072,0.08,0.471,0.111,0.451,0.399,0.314,0.111
"LDL-associated phospholipase A2",0.169,0.167,0.545,0.283,0.42,0.166,0.522,0.185,0.15,0.349,0.351
"Cytochrome P450 17A1",0.017,0.082,0.329,0.296,0.46,0.265,0.212,0.456,0.415,0.165,0.158
"Histone deacetylase 4",0.094,0.241,0.107,0.02,0.216,0.232,0.19,0.028,0.221,0.427,0.153
"Inhibitor of nuclear factor kappa B kinase epsilon subunit",0,0.347,0.249,0.032,0.092,0.299,0.025,0.37,0.029,0.23,0.058
"Phosphodiesterase 9A",0,0.517,0.045,0,0.344,0.202,0.283,0.035,0.456,0.327,0.235
"Tyrosine-protein kinase TYK2",0.191,0.406,0.215,0.158,0.113,0.442,0.042,0.222,0.243,0.27,0
"Steryl-sulfatase",0.011,0.309,0.073,0.012,0.325,0.437,0.329,0.304,0.035,0.296,0.139
"Nitric-oxide synthase, brain",0.071,0.054,0.398,0.348,0.023,0.22,0.183,0.029,0.043,0.201,0.442
"Cholesteryl ester transfer protein",0.021,0.493,0.154,0.04,0.228,0.27,0.312,0.02,0.117,0.2,0.37
"Protein kinase C epsilon",0.001,0,0.137,0.03,0.135,0.362,0.336,0.008,0.085,0.065,0.134
"Dual specificity mitogen-activated protein kinase kinase 1",0.628,0.219,0.426,0.096,0.021,0.548,0.443,0.004,0.595,0.634,0.124
"Adenosine kinase",0.494,0.403,0.1,0,0.039,0.063,0.014,0.078,0.385,0.126,0.091
"Hormone sensitive lipase",0.408,0.289,0.308,0.477,0,0.379,0.247,0.002,0.385,0.181,0.356
"Carbonic anhydrase IX",0.076,0.261,0.401,0.09,0.006,0.493,0.196,0.029,0.454,0.118,0.13
"Protein kinase C eta",0.038,0.002,0.426,0.426,0.566,0.4,0.456,0.011,0.115,0.066,0.161
"Cytochrome P450 2C19",0.449,0.041,0.465,0.038,0.193,0.497,0.14,0.004,0.122,0.25,0.021
"Quinone reductase 1)",0.268,0.122,0.096,0,0.484,0.457,0.292,0.052,0.109,0.132,0.137
"Casein kinase II alpha",0.005,0.061,0.134,0.003,0.003,0.333,0.153,0,0.455,0.048,0.117
"Opioid growth factor receptor-like protein 1",0.008,0.327,0.067,0,0.005,0.235,0.032,0.006,0.39,0.401,0.047
"Kininogen-1",0.028,0.217,0.481,0.093,0.335,0.149,0.029,0.364,0.001,0.247,0.351
"Acetyl-coenzyme A transporter 1",0,0.077,0.219,0.24,0.027,0.036,0.201,0.06,0.001,0.399,0.246
"Fibroblast growth factor receptor 1",0.001,0.225,0.302,0.488,0.297,0.335,0.47,0.198,0.575,0.114,0.147
"PI4-kinase alpha subunit",0.276,0.093,0.074,0,0,0.445,0.263,0.113,0.345,0.052,0.037
"Arachidonate 12-lipoxygenase",0.014,0.123,0.086,0.055,0.002,0.199,0.002,0.025,0.366,0.164,0.047
"Autotaxin",0.201,0.365,0.253,0.032,0.089,0.127,0.016,0.024,0.063,0.45,0.008
"ADAM17",0.002,0.243,0.141,0.283,0.4,0.458,0.08,0.142,0.026,0.096,0.014
"Prostanoid EP3 receptor",0.006,0.239,0.438,0.409,0.443,0.461,0.137,0.042,0.353,0.321,0.151
"Hepatocyte growth factor receptor",0.01,0.285,0.29,0.297,0.179,0.412,0.011,0.359,0.405,0.037,0.003
"Carbonic anhydrase IV",0.01,0.009,0.035,0.007,0.278,0.116,0.046,0,0.024,0.514,0.004
"11-beta-hydroxysteroid dehydrogenase 2",0.245,0.465,0.12,0.097,0.008,0.415,0.25,0.03,0.213,0.342,0.368
"Histamine H4 receptor",0.008,0.185,0.353,0,0.085,0.173,0.161,0.011,0.104,0.098,0.052
"Beta-glucosidase",0.016,0.057,0.54,0,0.057,0.043,0.05,0.243,0.481,0.231,0.452
"Urotensin II receptor",0.001,0.042,0.088,0,0.264,0.532,0.068,0.16,0.372,0.003,0.148
"Metabotropic glutamate receptor 1",0.222,0.463,0.259,0.269,0.01,0.171,0.31,0,0.293,0.425,0.442
"Dual specificity phosphatase Cdc25A",0.106,0.006,0.223,0.096,0.415,0.154,0.027,0.1,0.421,0.172,0.002
"Caspase-8",0.463,0.089,0.215,0.112,0.061,0.149,0.153,0.001,0.144,0.266,0.081
"Interleukin-1 receptor-associated kinase 4",0.013,0.169,0.12,0.199,0.023,0.211,0.168,0.004,0.03,0.159,0.013
"Histone acetyltransferase p300",0.003,0.307,0.076,0.029,0.013,0.325,0.376,0.026,0.075,0.223,0.18
"Hydroxycarboxylic acid receptor 2",0.367,0.473,0.448,0.018,0.473,0.327,0.078,0.227,0.034,0.346,0.238
"Serine/threonine-protein kinase PLK4",0.171,0.007,0.214,0.04,0.365,0.025,0.067,0.051,0.218,0.138,0.203
"Melanocortin receptor 1",0.551,0.152,0.201,0.298,0.445,0.329,0.323,0.293,0.04,0.107,0.053
"Calcitonin gene-related peptide type 1 receptor",0.162,0.142,0.491,0.092,0.016,0.04,0.051,0.126,0.146,0.004,0.001
"T-cell protein-tyrosine phosphatase",0.147,0.121,0.02,0,0.504,0.439,0.022,0.421,0.441,0.357,0.003
"Cytosolic phospholipase A2",0.008,0.444,0.066,0.28,0.452,0.224,0.373,0.029,0.33,0.445,0.444
"Hexokinase type IV",0.224,0.022,0.145,0.083,0.064,0.123,0.457,0.39,0.357,0.1,0.438
"Serine/threonine-protein kinase NEK2",0.179,0.048,0.426,0.47,0,0.236,0.084,0,0.287,0.166,0.258
"LIM domain kinase 1",0.002,0.011,0.004,0.198,0.154,0.063,0.129,0.003,0.276,0.427,0.044
"Cathepsin L",0.051,0.389,0.403,0.221,0.167,0.346,0.485,0.459,0.429,0.179,0.337
"Protein kinase C mu",0,0.002,0.477,0.027,0.126,0.079,0.159,0.075,0.065,0.223,0.042
"Protein-tyrosine phosphatase 2C",0.001,0.186,0.029,0.412,0.015,0.384,0.337,0,0.069,0.264,0.47
"Matrix metalloproteinase 14",0.001,0.001,0.091,0,0.3,0.303,0.112,0.004,0.074,0.32,0.018
"Heat shock protein HSP 90-alpha",0.061,0.412,0.117,0.249,0.344,0.066,0.016,0.161,0.468,0.084,0.008
"Sodium/glucose cotransporter 2",0.167,0.273,0.117,0.215,0.425,0.138,0.273,0.449,0.299,0.396,0.315
"Calpain 1",0.003,0.194,0.082,0.247,0.07,0.34,0.038,0.334,0.01,0.468,0.387
"Sphingosine 1-phosphate receptor Edg-3",0.093,0.226,0.102,0.005,0.03,0.47,0.14,0.138,0.205,0.501,0.301
"Bone morphogenetic protein 1",0,0.334,0.426,0.001,0.052,0.136,0.561,0.334,0.507,0.291,0.438
"Glutathione S-transferase Pi",0,0.006,0.37,0.367,0.417,0.241,0.271,0.002,0.031,0.315,0.364
"Tyrosine-protein kinase Lyn",0.128,0.065,0.223,0.216,0.181,0.438,0.103,0.459,0.445,0.108,0.041
"Ribosomal protein S6 kinase alpha 2",0.011,0.152,0.009,0.007,0.139,0.494,0.321,0.192,0.031,0.312,0.279
"Carbonic anhydrase XIII",0.041,0.096,0.141,0.4,0.001,0.174,0.254,0,0.281,0.355,0.045
"Complement C1s",0.091,0.087,0.328,0.004,0.006,0.288,0.361,0.027,0.09,0.369,0.036
"Protein kinase C theta",0.437,0,0.455,0.002,0.232,0.025,0.589,0.053,0.314,0.37,0.04
"Heparanase",0.051,0.224,0.334,0.232,0.437,0.443,0.413,0.354,0.176,0.276,0.032
"Methionine aminopeptidase 2",0.215,0.062,0.013,0.404,0.06,0.009,0.491,0,0.047,0.129,0.01
"Serine/threonine-protein kinase Aurora-C",0.244,0.043,0.072,0.113,0,0.524,0.057,0,0.432,0.351,0.042
"Quinone reductase 2",0.136,0.208,0.518,0.129,0.189,0.141,0.313,0.222,0.017,0.262,0.284
"MAP kinase p38 beta",0.001,0.309,0.346,0.531,0.238,0.375,0.204,0.046,0.19,0.351,0.246
"Carbonic anhydrase VB",0.007,0.101,0.318,0.157,0.445,0.293,0.359,0.049,0.36,0.385,0.179
"GAR transformylase",0.108,0.278,0.421,0.352,0.197,0.377,0.165,0.078,0.198,0.052,0.47
"Proteinase-activated receptor 1",0.396,0.085,0.113,0.004,0.001,0.14,0.258,0,0.102,0.055,0.473
"Fructose-1,6-bisphosphatase",0.345,0.031,0.076,0.079,0.121,0.523,0.442,0.019,0.472,0.454,0.451
"Dipeptidyl peptidase II",0.357,0.351,0.09,0.226,0,0.419,0.077,0.003,0.476,0.43,0.073
"Peroxisome proliferator-activated receptor delta",0.11,0.241,0.318,0.49,0.062,0.159,0.132,0.067,0.212,0.08,0.03
"Serine/threonine-protein kinase 10",0,0.121,0.239,0.223,0,0.26,0.009,0.017,0.142,0.336,0.004
"Dual specificity protein kinase TTK",0.032,0.489,0.02,0,0.017,0.53,0.379,0.008,0.507,0.129,0.203
"Coagulation factor VII",0.385,0.344,0.103,0.354,0.002,0.174,0.323,0.004,0.272,0.201,0.321
"PI3-kinase p110-alpha subunit",0.223,0.048,0.506,0.006,0.449,0.313,0.197,0.026,0.229,0.464,0.27
"Tyrosine-protein kinase ABL2",0.013,0.362,0.475,0.207,0.028,0.31,0.308,0.009,0.062,0.243,0.22
"C-C chemokine receptor type 2",0.423,0.278,0.041,0.192,0.009,0.284,0.008,0.056,0.345,0.207,0.003
"Glutamate receptor ionotropic, AMPA 2",0.32,0.294,0.169,0.224,0.289,0.351,0.264,0.241,0.337,0.067,0.31
"Neuropeptide Y receptor type 2",0.372,0.025,0.376,0.05,0.108,0.174,0.373,0.342,0.497,0.236,0.334
"HMG-CoA reductase",0.001,0.013,0.552,0.015,0.044,0.363,0.434,0.1,0.096,0.036,0.287
"Signal transducer and activator of transcription 3",0.069,0.447,0.049,0.247,0.257,0.389,0.039,0.331,0.186,0.509,0.042
"Interleukin-8 receptor A",0.007,0.225,0.264,0.085,0.207,0.356,0.509,0.006,0.3,0.432,0.287
"Cyclin-dependent kinase 5",0.014,0.486,0.274,0.273,0,0.186,0.05,0.289,0.074,0.523,0.034
"MAP kinase ERK2",0.157,0.185,0.212,0.14,0.178,0.225,0.004,0.582,0.07,0.485,0.047
"Cystic fibrosis transmembrane conductance regulator",0.055,0.245,0.413,0.051,0.353,0.057,0.14,0.032,0.137,0.142,0.006
"Chymase",0.245,0.139,0.362,0,0.009,0.407,0.174,0.005,0.043,0.074,0.241
"Casein kinase II alpha (prime)",0.022,0.039,0.141,0.529,0.158,0.319,0.049,0.572,0.036,0.16,0.061
"Cathepsin B",0.001,0.364,0.051,0.018,0.311,0.135,0.161,0.389,0.034,0.169,0.045
"Matrix metalloproteinase 7",0.294,0.071,0.486,0.025,0.074,0.445,0.017,0.131,0.254,0.114,0.033
"Bombesin receptor subtype-3",0.198,0.441,0.308,0.306,0.124,0.124,0.413,0.586,0.368,0.223,0.2
"LXR-beta",0.165,0.401,0.162,0.101,0.009,0.057,0.378,0.248,0.532,0.107,0.345
"Neurotensin receptor 1",0.432,0.023,0.009,0.087,0.1,0.331,0.362,0.001,0.047,0.397,0.102
"Tyrosine-protein kinase TIE-2",0.001,0.349,0.011,0,0.004,0.503,0.147,0.401,0.113,0.507,0.176
"Fibroblast growth factor receptor 2",0.155,0.053,0.219,0.02,0.383,0.097,0.489,0.142,0.149,0.295,0.249
"Histone deacetylase 9",0.366,0.209,0.36,0.276,0.42,0.183,0.239,0.046,0.26,0.342,0.3
"Fatty acid synthase",0.055,0.027,0.461,0.014,0.285,0.368,0.035,0.06,0.112,0.521,0.307
"c-Jun N-terminal kinase 2",0.143,0.179,0.266,0.077,0.077,0.161,0.273,0.073,0.201,0.022,0.363
"Sodium channel protein type II alpha subunit",0,0.248,0.132,0.118,0.01,0.315,0.152,0.135,0.145,0.043,0.311
"Monoglyceride lipase",0.029,0.185,0.312,0.017,0.028,0.197,0.141,0.006,0.007,0.04,0.249
"Inhibitor of apoptosis protein 3",0.294,0.008,0.013,0.181,0.052,0.489,0.379,0.391,0.021,0.078,0.374
"Serine/threonine-protein kinase 2",0.015,0.134,0.185,0.455,0.01,0.271,0.328,0.007,0.278,0.131,0.056
"Dual specificity protein kinase CLK4",0.318,0.154,0.389,0.46,0.051,0.406,0.083,0.074,0.213,0.445,0.053
"MAP kinase signal-integrating kinase 2",0.011,0.101,0.002,0.027,0.327,0.322,0.484,0.148,0.011,0.412,0.429
"Proteasome component C5",0.019,0.009,0.146,0.05,0.054,0.15,0.252,0.008,0.091,0.152,0.046
"Tyrosine-protein kinase FRK",0.029,0.293,0.22,0.051,0.009,0.366,0.333,0.224,0.463,0.179,0.32
"Dual specificty protein kinase CLK1",0,0.166,0.001,0.002,0.364,0.255,0.108,0.421,0.267,0.372,0.109
"Dual specificity protein kinase CLK2",0.004,0.246,0.117,0.483,0.112,0.349,0.205,0.03,0.339,0.245,0.36
"Lipoxin A4 receptor",0,0.087,0.139,0.224,0.002,0.548,0.003,0.393,0.024,0.395,0.186
"Estradiol 17-beta-dehydrogenase 3",0.002,0.128,0.134,0,0.056,0.265,0.252,0.527,0.405,0.018,0.164
"11-beta-hydroxysteroid dehydrogenase 1",0.207,0.064,0.454,0.428,0.029,0.236,0.045,0.498,0.207,0.308,0.199
"Ribosomal protein S6 kinase alpha 5",0.443,0.249,0.023,0.185,0.334,0.084,0.38,0.064,0.012,0.249,0.148
"ALK tyrosine kinase receptor",0.213,0.229,0.509,0.184,0.365,0.389,0.497,0.181,0.399,0.113,0.409
"Hypoxia-inducible factor 1 alpha",0.298,0.404,0.307,0.001,0.071,0.36,0.451,0.016,0.169,0.049,0.011
"TGF-beta receptor type II",0.319,0.114,0.233,0.06,0.018,0.033,0.236,0.001,0.015,0.113,0.26
"Serine/threonine-protein kinase AKT",0,0.002,0.17,0.415,0.078,0.188,0.392,0.003,0.017,0.157,0.52
"Sodium channel protein type IX alpha subunit",0.043,0.62,0.162,0.072,0.01,0.154,0.306,0.34,0.287,0.003,0.248
"P-glycoprotein 1",0.155,0.175,0.346,0.473,0.076,0.458,0.234,0.174,0.178,0.023,0.399
"Heat shock protein HSP 90-beta",0.008,0.011,0.219,0.059,0.009,0.069,0.423,0.008,0.36,0.004,0.081
"Calcium-activated potassium channel subunit alpha-1",0.149,0.026,0.197,0.081,0.026,0.077,0.05,0.172,0.279,0.276,0.008
"Intermediate conductance calcium-activated potassium channel protein 4",0.433,0.326,0.075,0.002,0.07,0.413,0.169,0.013,0.442,0.042,0.125
"Voltage-gated potassium channel subunit Kv1.5",0.381,0.499,0.148,0.203,0.243,0.369,0.063,0.025,0.129,0.534,0.283
"Bradykinin B1 receptor",0.005,0.225,0.475,0.212,0.484,0.095,0.105,0.2,0.241,0.14,0.387
"Purinergic receptor P2Y1",0.289,0.007,0.397,0.285,0.224,0.367,0.292,0.23,0.154,0.021,0.03
"Sphingosine 1-phosphate receptor Edg-1",0.048,0.299,0.441,0,0.183,0.111,0.11,0.045,0.047,0.327,0.005
"Purine nucleoside phosphorylase",0.15,0.104,0.013,0.001,0.026,0.484,0.092,0.002,0.211,0.185,0.039
"Serine/threonine-protein kinase GAK",0.079,0.383,0.031,0,0.076,0.093,0.164,0.163,0.004,0.167,0
"Induced myeloid leukemia cell differentiation protein Mcl-1",0.126,0.087,0.091,0.135,0.297,0.46,0.268,0.117,0.043,0.345,0.055
"Dual-specificity tyrosine-phosphorylation regulated kinase 2",0.018,0.45,0.061,0.004,0.026,0.422,0.121,0.001,0.291,0.387,0.091
"Gastric inhibitory polypeptide receptor",0.549,0.241,0.395,0.346,0.069,0.226,0.456,0.217,0.178,0.168,0.049
"Matrix metalloproteinase 12",0.007,0.32,0.225,0.191,0.165,0.332,0.427,0.395,0.495,0.06,0.393
"Sphingosine kinase 1",0,0.214,0.093,0.339,0.284,0.345,0.142,0.116,0.018,0.501,0.023
"Phosphodiesterase 8B",0.257,0.313,0.442,0.262,0.379,0.203,0.227,0.085,0.442,0.058,0.129
"Phosphodiesterase 10A",0.272,0.067,0.424,0.114,0.026,0.134,0.337,0.095,0.021,0.04,0.385
"Free fatty acid receptor 1",0.086,0.029,0.383,0.328,0.091,0.486,0.471,0.289,0.327,0.195,0.361
"Prostanoid DP receptor",0.331,0.076,0.214,0.202,0.108,0.09,0.131,0.055,0.018,0.132,0.008
"Neurokinin 3 receptor",0.07,0.036,0.387,0.274,0.346,0.236,0.276,0.047,0.061,0.45,0.177
"TGF-beta receptor type I",0.371,0.255,0.155,0.203,0.389,0.283,0.035,0.262,0.465,0.124,0.02
"C-X-C chemokine receptor type 3",0.372,0.064,0.15,0.09,0,0.414,0.451,0.129,0.002,0.498,0.03
"Vitamin K-dependent protein C",0.123,0.109,0.119,0.103,0.02,0.301,0.465,0.035,0.13,0.513,0.392
"Tyrosine-protein kinase FGR",0.054,0.212,0.42,0.006,0,0.334,0.018,0.02,0.272,0.025,0.043
"NAD-dependent deacetylase sirtuin 3",0.064,0.238,0.328,0.077,0.173,0.21,0.136,0.495,0.059,0.132,0.005
"NAD-dependent deacetylase sirtuin 2",0.017,0.398,0.125,0.279,0.008,0.152,0.355,0.021,0.421,0.261,0.259
"Acyl coenzyme A:cholesterol acyltransferase 2",0.216,0.068,0.244,0.115,0.299,0.104,0.09,0.001,0.217,0.442,0.418
"Voltage-gated N-type calcium channel alpha-1B subunit",0,0.363,0.283,0.374,0.008,0.41,0.516,0.154,0.368,0.441,0.02
"Nitric oxide synthase, inducible",0.409,0.114,0.062,0.221,0.479,0.173,0.231,0.372,0.389,0.38,0.484
"Serine/threonine-protein kinase PAK 4",0.317,0.037,0.396,0.492,0.139,0.189,0.397,0.188,0.196,0.183,0.326
"Ribosomal protein S6 kinase 1",0.036,0.043,0.29,0.42,0.169,0.392,0.101,0.255,0.325,0.069,0.213
"NAD-dependent deacetylase sirtuin 1",0.329,0.163,0.184,0.468,0,0.338,0.237,0,0.127,0.308,0.181
"Glutaminyl-peptide cyclotransferase",0.093,0.236,0.202,0.057,0.174,0.414,0.426,0.076,0,0.29,0.438
"Serine/threonine-protein kinase PIM2",0.001,0.286,0.092,0.163,0.092,0.516,0.112,0.414,0.511,0.123,0.378
"TRAF2- and NCK-interacting kinase",0.214,0.391,0.353,0.153,0.179,0.274,0.011,0.257,0.313,0.495,0.004
"Coagulation factor XIII",0,0.039,0.431,0,0.03,0.384,0.058,0.013,0.486,0.36,0.011
"5-lipoxygenase activating protein",0.009,0.077,0.247,0.023,0.061,0.266,0.348,0.404,0.107,0.041,0.003
"Neuropeptide Y receptor type 5",0.011,0.153,0.159,0.002,0.093,0.118,0.054,0.235,0.075,0.37,0
"Kinesin-like protein 1",0.141,0.056,0.284,0.034,0.419,0.321,0.017,0.564,0.005,0.261,0.031
"Matrix metalloproteinase 8",0.416,0.056,0.308,0.427,0.532,0.1,0.449,0.231,0.43,0.043,0.352
"C-C chemokine receptor type 8",0.157,0.402,0.526,0.064,0.396,0.354,0.422,0.286,0.253,0.243,0.141
"Tyrosine kinase non-receptor protein 2",0.197,0.42,0.365,0.114,0.19,0.262,0.002,0.259,0.465,0.222,0.002
"Serine/threonine-protein kinase PAK 1",0.126,0.399,0.419,0.218,0.005,0.153,0.253,0.034,0.328,0.14,0.398
"Tyrosine-protein kinase BRK",0.281,0.22,0.05,0.009,0.092,0.274,0.15,0.121,0.11,0.501,0.081
"Melanocortin receptor 5",0.008,0.51,0.157,0.298,0.293,0.333,0.022,0.018,0.456,0.098,0
"Ghrelin receptor",0.071,0.063,0.421,0.058,0.045,0.238,0.382,0.098,0.188,0.096,0.073
"Phenylethanolamine N-methyltransferase",0.305,0.137,0.134,0.568,0,0.441,0.382,0.007,0.358,0.432,0.371
"Leukotriene A4 hydrolase",0,0.204,0.183,0.021,0.009,0.117,0.083,0.041,0.154,0.123,0.042
"Apoptosis regulator Bcl-X",0,0.045,0.055,0.474,0.003,0.318,0.006,0.131,0.452,0.209,0
"Serine/threonine-protein kinase Chk1",0.001,0.044,0.01,0.003,0.003,0.035,0.186,0.001,0.649,0.349,0.099
"Voltage-gated potassium channel subunit Kv1.3",0.001,0.311,0.234,0.435,0.194,0.416,0.329,0.216,0.087,0.166,0.201
"Voltage-gated T-type calcium channel alpha-1G subunit",0.192,0.026,0.363,0.126,0.421,0.472,0.204,0.176,0.351,0.238,0.474
"Melanocortin receptor 3",0.302,0.11,0.179,0.032,0.154,0.327,0.005,0.008,0.043,0.252,0.004
"Dipeptidyl peptidase VIII",0.094,0.358,0.13,0.07,0.004,0.369,0.428,0.1,0.141,0.513,0.017
"Lymphocyte differentiation antigen CD38",0,0.201,0.021,0.063,0.203,0.274,0.337,0.367,0.538,0.479,0.069
"Proteasome Macropain subunit MB1",0,0.546,0.313,0.433,0.25,0.47,0.373,0.539,0.116,0.083,0.46
"Apoptosis regulator Bcl-W",0.004,0.037,0.018,0.047,0.007,0.06,0.397,0,0.073,0.44,0.33
"Aldo-keto-reductase family 1 member C3",0.099,0.011,0.348,0.127,0.575,0.105,0.466,0.317,0.176,0.049,0.398
"Fibroblast activation protein alpha",0.195,0.321,0.199,0.05,0.398,0.085,0.37,0.108,0.609,0.187,0.057
"Indoleamine 2,3-dioxygenase",0.415,0.308,0.087,0.226,0.074,0.396,0.138,0.159,0.114,0.191,0.171
"Malonyl-CoA decarboxylase",0.167,0.564,0.319,0.008,0.508,0.186,0.137,0.142,0.511,0.051,0.067
"Isoprenylcysteine carboxyl methyltransferase",0.38,0.529,0.504,0.244,0.572,0.65,0.133,0.333,0.143,0.333,0.019
"Serine/threonine-protein kinase Aurora-A",0,0.248,0.187,0.115,0.243,0.344,0.422,0.036,0.038,0.435,0.207
"C3a anaphylatoxin chemotactic receptor",0.115,0.135,0.197,0.188,0.124,0.486,0.42,0.049,0.042,0.364,0.128
"Vesicular acetylcholine transporter",0.059,0.063,0.445,0.004,0.09,0.303,0.369,0.034,0.4,0.13,0.358
"Geranylgeranyl pyrophosphate synthetase",0.318,0.412,0.318,0.003,0.007,0.302,0.027,0.147,0.4,0.052,0
"Neuropeptide Y receptor type 1",0.404,0.324,0.081,0.038,0.057,0.198,0.258,0.176,0.259,0.072,0.417
"Carbonic anhydrase VA",0.409,0.108,0.364,0.022,0.437,0.149,0.295,0.42,0.368,0.397,0.455
"Endothelin-converting enzyme 1",0.017,0.415,0.258,0.421,0.179,0.223,0.522,0.182,0.042,0.233,0.021
"Orexin receptor 2",0.567,0.113,0.382,0.063,0.259,0.318,0.199,0.381,0.246,0.053,0.02
"Dipeptidyl peptidase IX",0.004,0.42,0.37,0.329,0.002,0.331,0.004,0.059,0.295,0.169,0
"Vanilloid receptor",0.013,0.084,0.102,0.007,0.075,0.304,0.153,0.039,0.474,0.508,0.167
"Caspase-1",0.15,0.201,0.097,0.161,0.468,0.128,0.076,0.195,0.051,0.315,0
"Nitric-oxide synthase, endothelial",0.169,0.496,0.03,0.329,0.328,0.528,0.5,0.046,0.044,0.225,0.065
"Dual specificity phosphatase Cdc25B",0.383,0.328,0.287,0.096,0.028,0.56,0.276,0.184,0.217,0.353,0.346
"P2X purinoceptor 7",0.027,0.396,0.423,0.319,0.032,0.252,0.115,0.537,0.244,0.355,0.407
"Serine/threonine-protein kinase AKT3",0.002,0.114,0.03,0.048,0.535,0.274,0.38,0.009,0.003,0.246,0.247
"Beta-secretase 1",0.002,0.193,0.213,0.014,0,0.485,0.015,0,0.199,0.458,0.013
"Acetyl-CoA carboxylase 2",0.069,0.397,0.147,0.339,0.087,0.117,0.394,0.002,0.43,0.092,0.058
"L-lactate dehydrogenase A chain",0.003,0.296,0.469,0.212,0.388,0.471,0.018,0.053,0.157,0.359,0.04
"C-X3-C chemokine receptor 1",0.22,0.411,0.24,0,0,0.116,0,0.082,0.316,0.219,0
"Eukaryotic translation initation factor",0.006,0.363,0.43,0.356,0,0.116,0.043,0,0.019,0.256,0.525
"Apoptosis regulator Bcl-2",0.001,0.28,0.022,0.035,0,0.425,0.056,0.173,0.043,0.155,0.153
"Cytochrome P450 1B1",0.181,0.108,0.412,0.258,0.016,0.156,0.108,0.002,0.075,0.33,0.044
"Tyrosine-protein kinase receptor UFO",0,0.177,0.138,0.263,0.019,0.475,0.509,0.006,0.472,0.149,0.381
"Neurotrophic tyrosine kinase receptor type 2",0.311,0.323,0.071,0.012,0.021,0.389,0.106,0.106,0.348,0.375,0.041
"Mitogen-activated protein kinase kinase kinase 8",0.171,0.086,0.265,0.08,0.094,0.204,0.32,0.275,0.316,0.117,0.17
"Low molecular weight phosphotyrosine protein phosphatase",0.016,0.272,0.25,0.329,0.058,0.297,0.035,0.278,0.401,0.434,0.012
"Casein kinase I epsilon",0.044,0.202,0.43,0.046,0.019,0.344,0.149,0.008,0.233,0.29,0.315
"L-lactate dehydrogenase B chain",0.291,0.072,0.104,0.092,0.011,0.172,0.223,0.007,0.121,0.019,0.005
"S-methyl-5-thioadenosine phosphorylase",0.537,0.417,0.107,0.157,0,0.192,0.518,0.003,0.402,0.439,0.049
"Proto-oncogene c-JUN",0.136,0.106,0.054,0.035,0.013,0.194,0.306,0,0.062,0.198,0.602
"Sodium/glucose cotransporter 1",0.004,0.379,0.135,0.1,0.121,0.033,0.504,0.197,0.016,0.187,0.209
"Transketolase",0.282,0.164,0.002,0.297,0.003,0.45,0.095,0,0.106,0.183,0.168
"Serine/threonine-protein kinase RIPK2",0,0.076,0.421,0.2,0.143,0.104,0.249,0.432,0.312,0.474,0.242
"p53-binding protein Mdm-2",0,0.182,0.261,0.021,0.004,0.061,0.206,0,0.103,0.229,0.453
"Serine-protein kinase ATR",0.009,0.156,0.505,0.166,0.025,0.106,0.391,0.005,0.169,0.11,0.221
"ADAM10",0.272,0.321,0.473,0.066,0,0.166,0.307,0.001,0.101,0.161,0.352
"Endoplasmic reticulum aminopeptidase 2",0.011,0.396,0.24,0.44,0.374,0.351,0.335,0.153,0.273,0.249,0.282
"G protein-coupled receptor 44",0.247,0.127,0.312,0.337,0.006,0.304,0.391,0,0.14,0.404,0.115
"Endothelial lipase",0.4,0.205,0.388,0.163,0.224,0.487,0.327,0.122,0.021,0.406,0.128
"Histone deacetylase 10",0.005,0.119,0.139,0.001,0.009,0.326,0.397,0,0.225,0.346,0.088
"GABA receptor alpha-5 subunit",0.277,0.131,0.512,0.01,0.083,0.065,0.196,0.341,0.046,0.277,0.033
"Orexin receptor 1",0.029,0.144,0.076,0.296,0.079,0.352,0.248,0.235,0.107,0.093,0.33
"Discoidin domain-containing receptor 2",0.003,0.433,0.011,0.003,0.132,0.438,0.315,0.074,0.221,0.243,0.523
"Metabotropic glutamate receptor 2",0.487,0.233,0.379,0.065,0.303,0.434,0.351,0.457,0.008,0.442,0.286
"Cytochrome P450 26A1",0.042,0.202,0.018,0.044,0.049,0.145,0.221,0.096,0.102,0.337,0.137
"Serine/threonine-protein kinase B-raf",0.183,0.189,0.23,0.254,0.364,0.135,0.123,0.468,0.271,0.121,0.007
"Ephrin type-B receptor 4",0,0.417,0.309,0.009,0.351,0.185,0.015,0.505,0.157,0.098,0.212
"Neuropilin-1",0,0.223,0.065,0.282,0.452,0.129,0.185,0.013,0.261,0.255,0.147
"dUTP pyrophosphatase",0.307,0.372,0.41,0.191,0.226,0.43,0.1,0.024,0.071,0.291,0.274
"Serine/threonine-protein kinase ILK-1",0.076,0.054,0.262,0.37,0.416,0.327,0.023,0.509,0.081,0.01,0.015
"Tyrosine-protein kinase BTK",0.306,0.609,0.632,0.453,0.08,0.342,0.481,0.076,0.209,0.159,0.018
"Serine/threonine-protein kinase TNNI3K",0.343,0.243,0.49,0.308,0.231,0.164,0.267,0.257,0.053,0.266,0.093
"Cytochrome P450 2A6",0.4,0.279,0.271,0,0.347,0.044,0.147,0.204,0.485,0.157,0.003
"Mitogen-activated protein kinase kinase kinase 5",0.006,0.256,0.158,0.018,0.005,0.138,0.408,0.009,0.268,0.32,0.482
"Tyrosine-protein kinase receptor TYRO3",0.021,0.273,0.011,0.086,0.072,0.029,0.321,0.209,0.241,0.109,0.198
"Epithelial discoidin domain-containing receptor 1",0.223,0.026,0.104,0.296,0.275,0.039,0.282,0.065,0.385,0.191,0.322
"Proto-oncogene tyrosine-protein kinase MER",0.072,0.535,0.295,0.483,0.169,0.038,0.26,0.035,0.284,0.054,0.535
"Baculoviral IAP repeat-containing protein 3",0.428,0.294,0.05,0.213,0.037,0.38,0.327,0.377,0.24,0.276,0.397
"Poly [ADP-ribose] polymerase 2",0,0.025,0.063,0.232,0,0.318,0.316,0,0.198,0.254,0.096
"P-selectin",0.347,0.001,0.183,0.231,0.526,0.374,0.188,0.018,0.22,0.297,0.021
"ATP-binding cassette sub-family G member 2",0,0.006,0.022,0.001,0.438,0.08,0.085,0.001,0.43,0.263,0.025
"Pituitary adenylate cyclase-activating polypeptide type I receptor",0,0.081,0.456,0,0.034,0.136,0.299,0,0.46,0.023,0.004
"Serine/threonine-protein kinase PIM3",0.019,0.04,0.461,0.424,0.001,0.339,0.34,0.015,0.454,0.032,0.174
"G-protein coupled bile acid receptor 1",0.528,0.494,0.094,0.016,0.001,0.351,0.011,0.006,0.12,0.109,0.045
"Metastin receptor",0.448,0.234,0.152,0.006,0.199,0.386,0.08,0.302,0.162,0.439,0.088
"Cell division cycle 7-related protein kinase",0.311,0.077,0.394,0.271,0.389,0.44,0.193,0.106,0.416,0.485,0.064
"Sodium channel protein type X alpha subunit",0.027,0.48,0.31,0.027,0.51,0.325,0.017,0.227,0.003,0.018,0.008
"Baculoviral IAP repeat-containing protein 2",0.363,0.109,0.053,0.554,0.152,0.402,0.325,0.004,0.074,0.023,0.033
"Receptor-interacting serine/threonine-protein kinase 1",0.006,0.017,0.061,0.422,0.378,0.262,0.116,0.403,0.345,0.458,0.069
"Protein tyrosine kinase 2 beta",0,0.458,0.207,0.016,0.377,0.443,0.438,0.061,0.401,0.126,0.369
"Perforin-1",0.264,0.057,0.51,0.315,0.001,0.078,0.066,0.079,0.168,0.154,0.001
"D-amino-acid oxidase",0.005,0.16,0.104,0.356,0.058,0.391,0.426,0.271,0.385,0.059,0.241
"Serine/threonine-protein kinase WEE1",0.067,0.449,0.077,0.273,0.382,0.019,0.214,0.001,0.255,0.013,0.016
"Histone acetyltransferase PCAF",0.139,0.406,0.064,0.115,0.051,0.475,0.334,0.472,0.327,0.091,0.44
"Secreted frizzled-related protein 1",0.017,0.368,0.192,0.005,0.471,0.247,0.355,0.193,0.146,0.088,0.003
"Transient receptor potential cation channel subfamily V member 3",0.007,0.311,0.133,0.002,0.085,0.222,0.062,0.401,0.038,0.06,0.028
"Protein-arginine N-methyltransferase 1",0.118,0.105,0.437,0.001,0.034,0.386,0.1,0.115,0.467,0.246,0.001
"Nuclear factor NF-kappa-B p65 subunit",0.003,0.057,0.162,0.425,0.214,0.249,0.263,0.138,0.186,0.067,0.017
"Dual specificity tyrosine-phosphorylation-regulated kinase 1B",0.272,0.308,0.501,0.359,0.155,0.346,0.017,0.08,0.287,0.102,0
"Acyl-CoA desaturase",0,0.387,0.022,0.001,0.007,0.187,0.145,0,0.194,0.02,0.006
"Proto-oncogene tyrosine-protein kinase ROS",0,0.371,0.418,0.054,0.355,0.386,0.396,0.079,0.02,0.242,0.334
"Lysyl-tRNA synthetase",0.1,0.429,0.012,0.298,0.02,0.275,0.299,0.008,0.039,0.183,0.545
"DNA-(apurinic or apyrimidinic site) lyase",0.011,0.055,0.226,0,0.516,0.358,0.312,0.058,0.105,0.506,0.095
"Glucose-dependent insulinotropic receptor",0.332,0.137,0.117,0.06,0.035,0.113,0.349,0.024,0.161,0.305,0.194
"Prostaglandin E synthase",0.407,0.295,0.096,0.142,0.123,0.247,0.439,0.009,0.039,0.223,0.212
"G protein-coupled receptor kinase 5",0.004,0.102,0.267,0.289,0.016,0.205,0.457,0.469,0.08,0.277,0.531
"Egl nine homolog 1",0.327,0.383,0.243,0.243,0.004,0.385,0.005,0.014,0.425,0.42,0.005
"Elongation of very long chain fatty acids protein 6",0,0.089,0.255,0.014,0.104,0.264,0.185,0.14,0.138,0.327,0.401
"Glucagon",0.007,0.013,0.095,0.161,0.37,0.053,0.02,0.042,0.353,0.471,0.003
"CREB-binding protein",0.007,0.027,0.154,0.013,0.029,0.411,0.188,0.362,0.074,0.397,0.016
"Mitogen-activated protein kinase kinase kinase 7",0.006,0.006,0.259,0.427,0.258,0.193,0.26,0.073,0.052,0.491,0.409
"Interferon-induced, double-stranded RNA-activated protein kinase",0.087,0.449,0.294,0.026,0.484,0.129,0.192,0.245,0.277,0.238,0.099
"Aldo-keto reductase family 1 member C2",0.038,0.218,0.19,0.319,0.098,0.172,0.295,0.383,0.147,0.428,0.416
"Trace amine-associated receptor 1",0.021,0.364,0.196,0.006,0.154,0.301,0.379,0.209,0.422,0.153,0.44
"Nuclear receptor ROR-alpha",0.085,0.242,0.135,0.032,0.002,0.364,0.011,0.009,0.378,0.215,0.013
"Heat shock factor protein 1",0,0.157,0.301,0.006,0.233,0.098,0.014,0.108,0.37,0.422,0.006
"Hematopoietic prostaglandin D synthase",0.307,0.437,0.298,0.079,0.157,0.317,0.015,0.182,0.182,0.076,0
"Aldo-keto reductase family 1 member C1",0.473,0.044,0.291,0.055,0.471,0.379,0.439,0.322,0.308,0.066,0.008
"Bifunctional protein NCOAT",0.48,0.554,0.35,0.121,0.386,0.221,0.489,0.59,0.31,0.141,0.369
"LIM domain kinase 2",0.011,0.516,0.032,0.383,0.409,0.254,0.171,0.281,0.058,0.409,0.459
"Serine/threonine-protein kinase PLK2",0.026,0.166,0.33,0.445,0.379,0.21,0.024,0.357,0.13,0.383,0.07
"Neuropeptide FF receptor 1",0.159,0.553,0.6,0.097,0,0.275,0.061,0,0.194,0.575,0.211
"Neuropeptide FF receptor 2",0.272,0.266,0.335,0.519,0.162,0.088,0.037,0.231,0.348,0.14,0.023
"IgG receptor FcRn large subunit p51",0.001,0.487,0.334,0.134,0,0.51,0.011,0.001,0.085,0.507,0.276
"Smoothened homolog",0.12,0.025,0.243,0.097,0.098,0.174,0.006,0.038,0.006,0.104,0.003
"Aldo-keto reductase family 1 member B10",0.062,0.419,0.008,0.005,0.008,0.106,0.552,0.022,0.023,0.098,0.135
"Serine/threonine-protein kinase 33",0.572,0.003,0.214,0.293,0,0.205,0.504,0,0.417,0.307,0.117
"Transient receptor potential cation channel subfamily A member 1",0.117,0.382,0.008,0.012,0.223,0.305,0.211,0.2,0,0.218,0.001
"Diacylglycerol O-acyltransferase 1",0,0.271,0.013,0,0.005,0.171,0.008,0.008,0.024,0.306,0.001
"Histone-lysine N-methyltransferase, H3 lysine-9 specific 3",0,0.435,0.42,0.122,0.001,0.133,0.013,0.159,0.045,0.251,0.338
"Lysine-specific histone demethylase 1",0.066,0.013,0.289,0.438,0.024,0.197,0.032,0,0.405,0.508,0.293
"Alpha-synuclein",0.111,0.341,0.212,0.009,0.184,0.561,0.027,0.227,0.292,0.45,0.007
"Tankyrase-2",0.005,0.047,0.382,0.001,0.39,0.469,0.47,0.217,0.22,0.159,0.025
"Tankyrase-1",0.478,0.084,0.374,0.017,0,0.246,0.371,0.098,0.037,0.271,0.283
"Mitogen-activated protein kinase kinase kinase kinase 4",0.156,0.018,0.435,0.455,0.129,0.067,0.151,0.004,0.119,0.139,0.401
"Lysine-specific demethylase 4C",0.425,0.139,0.551,0.061,0.056,0.495,0.188,0.081,0.311,0.353,0.242
