"","EGFR","Hypoxia","JAK.STAT","MAPK","NFkB","PI3K","TGFb","TNFa","Trail","VEGF","p53"
"Arginase-1",0.138,0.329,0.102,0.014,0.465,0.004,0.177,0.309,0.066,0.084,0.15
"Leucine-rich repeat serine/threonine-protein kinase 2",0.079,0.138,0.181,0.431,0.315,0.426,0.332,0.108,0.168,0.512,0.113
"Tyrosyl-DNA phosphodiesterase 1",0.085,0.029,0.022,0.3,0.055,0.454,0.322,0.171,0.091,0.296,0.049
"Transitional endoplasmic reticulum ATPase",0.286,0.436,0.004,0.501,0.149,0.011,0.47,0.014,0.121,0.535,0.394
"Glucokinase regulatory protein",0.254,0.024,0.001,0.19,0.047,0.006,0.028,0.426,0.088,0.184,0.358
"Pyruvate kinase isozymes M1/M2",0.353,0.047,0,0.064,0.05,0.169,0.081,0.49,0.066,0.304,0.371
"Transient receptor potential cation channel subfamily M member 8",0.082,0.259,0.027,0.318,0.18,0.105,0.165,0.141,0.145,0.421,0.19
"G-protein coupled receptor 55",0.162,0.218,0.288,0.513,0.002,0,0.136,0.036,0.032,0.199,0.303
"Endoplasmin",0.149,0.178,0.168,0.316,0.455,0.323,0.539,0.375,0.325,0.417,0.178
"Serine/threonine-protein kinase/endoribonuclease IRE1",0.461,0.348,0.415,0.217,0.116,0.118,0.155,0.082,0.282,0.139,0.232
"NADPH oxidase 4",0.11,0.361,0.399,0.194,0.093,0.475,0.302,0.259,0.323,0.123,0.062
"Ketohexokinase",0.16,0.381,0.014,0.244,0.327,0.005,0.391,0.005,0.25,0.238,0.232
"Lethal(3)malignant brain tumor-like protein 1",0.492,0.302,0.104,0.074,0.03,0.126,0.402,0.046,0.162,0.202,0.116
"Microtubule-associated protein tau",0.167,0.32,0.204,0.435,0.038,0.294,0.463,0.016,0.097,0.382,0.475
"15-hydroxyprostaglandin dehydrogenase [NAD+]",0.168,0.177,0.003,0.107,0.275,0.136,0.176,0.037,0.301,0.296,0.293
"G-protein coupled receptor 35",0.085,0.034,0.001,0.004,0.458,0.248,0.196,0.191,0.146,0.311,0.329
"ATP-sensitive inward rectifier potassium channel 1",0.121,0.259,0.092,0.301,0.259,0.513,0.446,0.268,0.286,0.325,0.041
"Neuropeptides B/W receptor type 1",0.22,0.111,0.132,0.024,0.102,0.036,0.197,0.002,0.177,0.155,0.484
"Nuclear receptor ROR-gamma",0.345,0.306,0.252,0.3,0.05,0.302,0.358,0.433,0.197,0.13,0.412
"DNA topoisomerase I",0.393,0.111,0.143,0.178,0.216,0.127,0.387,0.176,0.044,0.486,0.192
"Farnesyl diphosphate synthase",0.124,0.514,0.272,0.058,0.082,0.458,0.224,0.028,0.531,0.359,0.177
"Glucagon-like peptide 1 receptor",0.272,0.041,0.078,0.009,0.071,0.142,0.241,0.292,0.132,0.397,0.145
"Endothelin receptor ET-B",0.216,0.318,0.005,0.602,0.012,0.344,0.391,0.267,0.5,0.37,0.365
"Steroid 5-alpha-reductase 1",0.499,0.065,0.003,0.042,0.317,0.468,0.425,0.172,0.403,0.422,0.04
"Vasopressin V2 receptor",0.439,0.412,0.034,0.207,0.124,0.441,0.402,0.319,0.383,0.336,0.137
"Somatostatin receptor 5",0.026,0.044,0.001,0.107,0.303,0.384,0.231,0.099,0.315,0.182,0.392
"Histone-lysine N-methyltransferase, H3 lysine-79 specific",0.435,0.295,0.193,0.012,0.009,0.332,0.208,0.224,0.202,0.515,0.135
"Bromodomain-containing protein 3",0.359,0.273,0.2,0.526,0.351,0.022,0.093,0.016,0.097,0.517,0.037
"Cysteinyl leukotriene receptor 1",0.412,0.38,0.332,0.194,0.111,0.491,0.185,0.321,0.54,0.46,0.412
"Plasminogen",0.336,0.295,0.199,0.129,0.3,0.274,0.344,0.036,0.216,0.319,0.47
"Leukocyte adhesion glycoprotein LFA-1 alpha",0.325,0.378,0.415,0.028,0.281,0.132,0.123,0.278,0.148,0.283,0.167
"Somatostatin receptor 2",0.204,0.12,0.257,0.379,0.098,0.297,0.375,0.076,0.194,0.38,0.392
"Muscarinic acetylcholine receptor M4",0.045,0.504,0.529,0.191,0.509,0.184,0.157,0.02,0.424,0.324,0.139
"Inosine-5'-monophosphate dehydrogenase 1",0.363,0.073,0.02,0.293,0.183,0.116,0.432,0.002,0.217,0.346,0.184
"Receptor protein-tyrosine kinase erbB-2",0.311,0.33,0.368,0.279,0.327,0.465,0.482,0.115,0.24,0.452,0.482
"TNF-alpha",0.515,0.222,0.184,0.478,0.387,0.262,0.184,0.165,0.425,0.29,0.374
"Phosphodiesterase 5A",0.252,0.087,0.386,0.41,0.106,0.011,0.148,0.062,0.396,0.291,0.338
"Serotonin 2b (5-HT2b) receptor",0.332,0.289,0.104,0.136,0.194,0.167,0.323,0.45,0.448,0.169,0.015
"Thromboxane-A synthase",0.066,0.327,0.495,0.146,0.074,0.013,0.323,0.445,0.179,0.143,0.074
"Prostanoid EP4 receptor",0.274,0.301,0.127,0.259,0.116,0.139,0.468,0.38,0.394,0.407,0.166
"Dopamine D5 receptor",0.062,0.427,0.022,0.19,0,0.463,0.498,0.052,0.376,0.263,0.082
"Somatostatin receptor 4",0.082,0.438,0.087,0.341,0.452,0.113,0.416,0,0.28,0.07,0.36
"Gonadotropin-releasing hormone receptor",0.168,0.492,0.397,0.015,0.183,0.157,0.042,0.315,0.184,0.273,0.084
"4-hydroxyphenylpyruvate dioxygenase",0.326,0.007,0.516,0.007,0.404,0.099,0.181,0.003,0.454,0.202,0.237
"Tyrosine-protein kinase ABL",0.472,0.243,0.477,0.194,0.106,0.511,0.379,0.462,0.148,0.37,0.059
"Vascular endothelial growth factor receptor 1",0.191,0.39,0.134,0.443,0.341,0.28,0.517,0.038,0.291,0.173,0.039
"Tissue-type plasminogen activator",0.297,0.42,0.28,0.052,0.109,0.27,0.29,0.124,0.183,0.129,0.104
"Calcium sensing receptor",0.245,0.294,0.022,0.248,0.142,0.166,0.15,0.043,0.3,0.345,0.116
"Neuronal acetylcholine receptor protein alpha-4 subunit",0.426,0.506,0,0.163,0.332,0.001,0.225,0.043,0.059,0.011,0.447
"Potassium channel, inwardly rectifying, subfamily J, member 11",0.244,0.403,0.141,0.179,0.326,0.391,0.409,0.446,0.303,0.186,0.487
"Vasopressin V1a receptor",0.242,0.364,0.001,0.021,0.071,0.107,0.209,0.388,0.288,0.601,0.358
"Glutamate carboxypeptidase II",0.237,0.293,0.124,0.154,0.345,0.295,0.394,0.327,0.269,0.317,0.14
"Serotonin 1b (5-HT1b) receptor",0.24,0.509,0.322,0.264,0.44,0.094,0.266,0.055,0.611,0.163,0.326
"Serotonin 3a (5-HT3a) receptor",0.211,0.484,0.314,0.248,0.024,0.099,0.28,0.449,0.327,0.373,0.441
"Aldose reductase",0.322,0.305,0.406,0.284,0.008,0.297,0.424,0.326,0.345,0.27,0.09
"Glutamate [NMDA] receptor subunit epsilon 2",0.033,0.377,0.155,0.097,0.391,0.444,0.386,0.044,0.352,0.346,0.007
"Serine/threonine-protein kinase RAF",0.446,0.042,0.166,0.091,0.407,0.467,0.329,0.271,0.384,0.419,0.338
"Aminopeptidase N",0.407,0.008,0.332,0.081,0.368,0.153,0.519,0.136,0.346,0.043,0.438
"Cytochrome P450 11B1",0.228,0.463,0.385,0.168,0.206,0.391,0.398,0.393,0.268,0.141,0.042
"Butyrylcholinesterase",0.197,0.396,0.396,0.008,0.197,0.299,0.239,0.382,0.367,0.21,0.488
"Alpha-2c adrenergic receptor",0.476,0.383,0.38,0.203,0.437,0.06,0.174,0.262,0.165,0.297,0.158
"Melatonin receptor 1A",0.066,0.066,0.173,0.433,0.188,0.006,0.277,0.067,0.287,0.375,0.04
"Melatonin receptor 1B",0.31,0.203,0.298,0.193,0.148,0.201,0.197,0.161,0.378,0.026,0.49
"Thyroid hormone receptor beta-1",0.112,0.205,0.044,0.201,0.127,0.479,0.468,0.018,0.303,0.037,0.338
"Cyclophilin A",0.518,0.119,0.019,0.119,0.042,0.171,0.355,0.025,0.076,0.125,0.076
"Thymidylate synthase",0.102,0.28,0,0.095,0.106,0,0.272,0.005,0.216,0.116,0.019
"Vascular endothelial growth factor receptor 3",0.083,0.377,0.033,0.081,0.185,0.007,0.346,0.149,0.325,0.056,0.16
"Insulin-like growth factor I receptor",0.337,0.52,0.013,0.483,0.367,0.311,0.388,0.143,0.183,0.483,0.313
"Epoxide hydrolase 1",0.327,0.396,0.315,0.269,0.456,0.395,0.178,0.174,0.155,0.363,0.171
"Tyrosine-protein kinase receptor FLT3",0.357,0.05,0.165,0.076,0.023,0.61,0.178,0.002,0.016,0.597,0.182
"Vitamin D receptor",0.137,0.352,0.457,0.241,0.19,0.299,0.197,0.024,0.38,0.219,0.24
"Cytochrome P450 19A1",0.21,0.382,0.26,0.436,0.345,0.186,0.239,0.166,0.306,0.357,0.269
"Insulin receptor",0.181,0.377,0.437,0.144,0.012,0.05,0.194,0.138,0.477,0.093,0.109
"Serotonin 1d (5-HT1d) receptor",0.104,0.372,0.242,0.365,0.038,0.329,0.222,0.338,0.262,0.395,0.12
"Inhibitor of nuclear factor kappa B kinase beta subunit",0.037,0.098,0.12,0.193,0.084,0.011,0.337,0.002,0.376,0.346,0.306
"Prostanoid IP receptor",0.232,0.096,0.143,0.376,0.395,0.048,0.419,0.032,0.321,0.359,0.214
"Equilibrative nucleoside transporter 1",0.169,0.138,0.376,0.262,0.045,0.219,0.537,0.397,0.541,0.399,0.294
"Purinergic receptor P2Y12",0.266,0.269,0.23,0.309,0.048,0.234,0.318,0.112,0.361,0.133,0.118
"Retinoic acid receptor gamma",0.338,0.137,0.221,0.121,0.072,0.244,0.386,0.329,0.099,0.256,0.03
"Platelet-derived growth factor receptor alpha",0.022,0.035,0.016,0.173,0.064,0.09,0.096,0.026,0.173,0.365,0.056
"Retinoic acid receptor beta",0.324,0.094,0.326,0.461,0.522,0.436,0.232,0.198,0.419,0.323,0.017
"Nociceptin receptor",0.199,0.294,0.089,0.039,0.136,0.056,0.379,0.011,0.431,0.328,0.502
"Dihydrofolate reductase",0.399,0.234,0.009,0.36,0.052,0.396,0.51,0.079,0.472,0.11,0.385
"Epidermal growth factor receptor erbB1",0.318,0.087,0.011,0.395,0.024,0.271,0.345,0.028,0.339,0.438,0.382
"Muscarinic acetylcholine receptor M5",0.111,0.432,0.28,0.157,0.017,0.231,0.425,0.088,0.119,0.216,0.402
"Peptidyl-prolyl cis-trans isomerase FKBP5",0.098,0.101,0,0.002,0.451,0.234,0.42,0.217,0.279,0.188,0.46
"Retinoic acid receptor alpha",0.013,0.347,0.046,0.001,0.288,0.248,0.169,0.049,0.21,0.073,0.27
"Estrogen receptor alpha",0.191,0.344,0,0.163,0.099,0.23,0.17,0.495,0.185,0.356,0.431
"Beta-2 adrenergic receptor",0.44,0.148,0.309,0.233,0.08,0.441,0.441,0.095,0.325,0.232,0.36
"Cyclin T1",0.53,0.198,0.379,0.466,0.253,0.486,0.483,0.525,0.514,0.19,0.329
"Muscarinic acetylcholine receptor M2",0.083,0.129,0.165,0.024,0.001,0.008,0.317,0.444,0.04,0.371,0.431
"Beta-1 adrenergic receptor",0.235,0.191,0.447,0.22,0.352,0.409,0.261,0.391,0.368,0.384,0.239
"Dopamine D2 receptor",0.146,0.269,0.096,0.016,0.158,0.103,0.374,0.416,0.495,0.292,0.016
"Beta-glucocerebrosidase",0.398,0.201,0.18,0.091,0.435,0.402,0.371,0.07,0.129,0.48,0.418
"Motilin receptor",0.29,0.57,0.353,0.35,0.004,0.004,0.232,0.005,0.473,0.286,0.276
"MAP kinase-activated protein kinase 2",0.012,0.238,0.333,0.006,0.161,0.308,0.235,0.18,0.225,0.422,0.167
"Cyclooxygenase-1",0.41,0.129,0.151,0.436,0.261,0.372,0.408,0.277,0.391,0.374,0.042
"Norepinephrine transporter",0.081,0.011,0.466,0.08,0.009,0.249,0.212,0.238,0.067,0.281,0.022
"Anandamide amidohydrolase",0.011,0.204,0.152,0.006,0.377,0.298,0.315,0.165,0.473,0.032,0.25
"Serotonin 2c (5-HT2c) receptor",0.381,0.368,0.051,0.337,0.069,0.173,0.446,0.007,0.151,0.497,0.313
"Dipeptidyl peptidase I",0.364,0.359,0.242,0.355,0.14,0.283,0.203,0.034,0.101,0.122,0.526
"Serotonin transporter",0.312,0.195,0.437,0.477,0.381,0.427,0.145,0.419,0.426,0.233,0.273
"Peroxisome proliferator-activated receptor alpha",0.042,0.201,0.201,0.078,0.003,0.05,0.434,0.071,0.051,0.088,0.381
"HERG",0.3,0.396,0.065,0.036,0.117,0.284,0.509,0.037,0.21,0.029,0.02
"Epoxide hydratase",0.109,0.308,0.483,0.049,0.355,0.06,0.063,0.002,0.32,0.474,0.359
"Phosphodiesterase 3A",0.099,0.391,0.04,0.359,0.003,0.013,0.473,0.101,0.097,0.115,0.15
"C-C chemokine receptor type 1",0.24,0.062,0.058,0.41,0.191,0.412,0.246,0.011,0.115,0.276,0.122
"C-C chemokine receptor type 4",0.164,0.505,0.456,0.201,0.008,0.46,0.186,0.068,0.357,0.163,0.225
"Estrogen receptor beta",0.446,0.22,0,0.047,0.047,0.147,0.264,0.044,0.164,0.257,0.126
"Glyoxalase I",0.54,0.13,0.255,0.322,0.038,0.23,0.4,0.032,0.382,0.4,0.306
"Myosin light chain kinase, smooth muscle",0.017,0.364,0.003,0.009,0.061,0.026,0.102,0.176,0.106,0.211,0.231
"Serine/threonine-protein kinase AKT2",0.157,0.029,0.45,0.42,0.198,0.219,0.032,0.386,0.034,0.304,0.409
"Interleukin-8 receptor B",0.223,0.115,0.236,0.069,0.353,0.226,0.324,0.038,0.498,0.288,0.218
"Myeloperoxidase",0.434,0.29,0.046,0.184,0.163,0.004,0.275,0.03,0.225,0.367,0.209
"Coagulation factor X",0.399,0.332,0.406,0.152,0.025,0.024,0.469,0.117,0.198,0.338,0.444
"Deoxycytidine kinase",0.376,0.254,0.208,0.161,0.104,0.235,0.378,0.072,0.356,0.426,0.406
"Muscarinic acetylcholine receptor M3",0.065,0.412,0.506,0.301,0.005,0.334,0.493,0.028,0.07,0.314,0.369
"Beta-3 adrenergic receptor",0.287,0.107,0.069,0.065,0.014,0.003,0.303,0.079,0.09,0.326,0.422
"Death-associated protein kinase 3",0.51,0.135,0.001,0.484,0.035,0.04,0.277,0.01,0.457,0.374,0.058
"Methionine aminopeptidase 1",0.325,0.264,0.333,0.217,0.224,0.156,0.347,0.154,0.133,0.096,0.29
"Leukocyte elastase",0.212,0.539,0.037,0.315,0.327,0.221,0.566,0.575,0.527,0.244,0.454
"Beta amyloid A4 protein",0.031,0.27,0.206,0.078,0.017,0.453,0.287,0.01,0.368,0.229,0.428
"Neurokinin 1 receptor",0.206,0.126,0.065,0.416,0.309,0.048,0.295,0.412,0.392,0.473,0.022
"Neuronal acetylcholine receptor protein alpha-7 subunit",0.181,0.008,0.485,0.286,0.372,0.058,0.218,0.095,0.314,0.072,0.021
"Adenosine A2a receptor",0.363,0.354,0.268,0.162,0.082,0.014,0.221,0.068,0.197,0.283,0.301
"Endothelin receptor ET-A",0.382,0.301,0.035,0.289,0.087,0.146,0.415,0.146,0.262,0.28,0.186
"Beta secretase 2",0.287,0.262,0.23,0.255,0.311,0.499,0.323,0.349,0.312,0.302,0.071
"Serine/threonine-protein kinase Chk2",0.182,0.092,0.483,0.041,0.421,0.152,0.15,0.306,0.302,0.366,0.301
"Cannabinoid CB2 receptor",0.383,0.125,0.053,0.405,0.267,0.126,0.47,0.315,0.397,0.297,0.26
"3-phosphoinositide dependent protein kinase-1",0.154,0.103,0.001,0.005,0.085,0.439,0.247,0.096,0.277,0.326,0.116
"Phospholipase D1",0.443,0.483,0,0.413,0.099,0.068,0.135,0.01,0.081,0.209,0.392
"Phosphodiesterase 4A",0.368,0.518,0.141,0.15,0.007,0.054,0.316,0.073,0.1,0.345,0.209
"Adenosine A2b receptor",0.205,0.279,0.244,0.042,0.096,0.46,0.46,0.514,0.187,0.219,0.387
"Carboxypeptidase B",0.39,0.374,0.066,0.21,0.032,0.035,0.35,0.013,0.303,0.382,0.348
"Adenosine A3 receptor",0.103,0.39,0.176,0.172,0.379,0.017,0.377,0.137,0.338,0.305,0.305
"Histone deacetylase 5",0.106,0.031,0.247,0.537,0.261,0.345,0.119,0.331,0.087,0.282,0.106
"Liver glycogen phosphorylase",0.052,0.039,0.318,0.35,0.127,0.012,0.384,0.012,0.301,0.296,0.364
"Tyrosine-protein kinase LCK",0.148,0.274,0.003,0.224,0.262,0.225,0.271,0.254,0.439,0.442,0.086
"Cathepsin D",0.261,0.223,0.044,0.455,0.368,0.141,0.407,0.4,0.17,0.496,0.119
"Melanocortin receptor 4",0.191,0.021,0.392,0.009,0.256,0.209,0.483,0.198,0.381,0.249,0.131
"Peptide N-myristoyltransferase 1",0.497,0.411,0.379,0.273,0.079,0.228,0.435,0.237,0.584,0.444,0.117
"Tyrosine-protein kinase SYK",0.339,0.051,0.173,0.288,0.245,0.304,0.307,0.045,0.282,0.351,0.295
"MAP kinase p38 alpha",0.086,0.101,0.282,0.252,0.013,0.118,0.454,0.104,0.463,0.358,0.457
"Carbonic anhydrase I",0.475,0.399,0.116,0.401,0.353,0.276,0.493,0.379,0.37,0.269,0.141
"Furin",0.096,0.03,0.538,0.09,0.305,0.03,0.456,0.212,0.317,0.493,0.124
"Tryptase beta-1",0.477,0.552,0.255,0.254,0.52,0.01,0.325,0.151,0.344,0.359,0.232
"Glycogen synthase kinase-3 beta",0.077,0.104,0.038,0.012,0.299,0.12,0.192,0.123,0.39,0.336,0.111
"Dual specificity protein phosphatase 3",0.402,0.225,0.183,0.3,0.131,0.078,0.491,0.064,0.43,0.372,0.422
"c-Jun N-terminal kinase 3",0.368,0.3,0.045,0.46,0.003,0.432,0.514,0.027,0.451,0.249,0.484
"Histamine H3 receptor",0.267,0.029,0.114,0.101,0.057,0.016,0.026,0.001,0.37,0.097,0.052
"Phosphodiesterase 2A",0.353,0.309,0.472,0.256,0.065,0.035,0.411,0.068,0.137,0.278,0.112
"Adenosylhomocysteinase",0.064,0.388,0.129,0.43,0.081,0.247,0.429,0.126,0.215,0.395,0.314
"Tyrosine-protein kinase SRC",0.265,0.208,0.438,0.255,0.214,0.161,0.171,0.057,0.449,0.496,0.159
"Cathepsin K",0.438,0.043,0.293,0.388,0.264,0.009,0.283,0.074,0.197,0.055,0.134
"Macrophage-stimulating protein receptor",0.121,0.356,0.347,0.37,0.212,0.142,0.466,0.006,0.244,0.321,0.237
"Cystinyl aminopeptidase",0.379,0.114,0.38,0.025,0.032,0.286,0.218,0.022,0.106,0.267,0.322
"Focal adhesion kinase 1",0.441,0.521,0.087,0.531,0.134,0.115,0.357,0.092,0.349,0.028,0.321
"Mitogen-activated protein kinase kinase kinase 11",0.086,0.137,0.329,0.382,0.481,0.089,0.354,0.078,0.359,0.258,0.086
"Histone deacetylase 7",0.439,0.403,0.508,0.319,0.11,0.447,0.102,0.184,0.244,0.101,0.227
"Phosphodiesterase 11A",0.191,0.042,0.105,0.013,0.189,0.484,0.405,0.173,0.331,0.443,0.234
"Cytochrome P450 11B2",0.282,0.061,0.296,0.179,0.077,0.303,0.379,0.011,0.559,0.444,0.462
"Protein-glutamine gamma-glutamyltransferase",0.197,0.182,0.404,0.225,0.316,0.198,0.283,0.005,0.288,0.408,0.516
"Phospholipase D2",0.083,0.086,0.269,0.001,0.065,0.026,0.016,0.001,0.291,0.323,0.068
"Metabotropic glutamate receptor 4",0.302,0.069,0.015,0.386,0.066,0.174,0.436,0.246,0.413,0.302,0.087
"C-C chemokine receptor type 5",0.33,0.248,0.226,0.176,0.072,0.023,0.356,0.133,0.085,0.268,0.554
"Fibroblast growth factor receptor 3",0.168,0.114,0.013,0.066,0.021,0.058,0.272,0.098,0.539,0.365,0.301
"Phosphodiesterase 4B",0.182,0.383,0.207,0.01,0.027,0.273,0.22,0.111,0.26,0.216,0.034
"Ileal bile acid transporter",0.013,0.369,0.022,0.182,0.373,0.094,0.431,0.031,0.271,0.176,0.212
"Integrin alpha-4",0.26,0.196,0.459,0.369,0.035,0.495,0.254,0.529,0.189,0.049,0.126
"Sodium/hydrogen exchanger 1",0.008,0.509,0.36,0.148,0.005,0.415,0.446,0.01,0.454,0.32,0.101
"Acyl coenzyme A:cholesterol acyltransferase 1",0.035,0.082,0.08,0.013,0.105,0.177,0.35,0.068,0.368,0.438,0.068
"Estradiol 17-beta-dehydrogenase 2",0.259,0.053,0.022,0.002,0.418,0.228,0.245,0.302,0.096,0.137,0.316
"Vascular endothelial growth factor receptor 2",0.12,0.281,0.135,0.441,0.472,0.186,0.412,0.016,0.418,0.324,0.02
"Matrix metalloproteinase 13",0.271,0.079,0.357,0.13,0.241,0.131,0.129,0.221,0.174,0.191,0.161
"Tyrosine-protein kinase ZAP-70",0.479,0.058,0.402,0.037,0.477,0.467,0.321,0.442,0.496,0.472,0.311
"LXR-alpha",0.225,0.145,0.012,0.023,0.462,0.288,0.396,0.053,0.36,0.362,0.005
"Protein-glutamine gamma-glutamyltransferase K",0.041,0.131,0.066,0.272,0.036,0.251,0.183,0.104,0.321,0.082,0.013
"Nerve growth factor receptor Trk-A",0.125,0.342,0.077,0.172,0.096,0.411,0.332,0.084,0.325,0.041,0.043
"Coagulation factor XI",0.194,0.36,0.377,0.238,0.006,0.399,0.42,0.171,0.27,0.474,0.349
"Casein kinase I delta",0.251,0.448,0.032,0.264,0.174,0.207,0.347,0.478,0.117,0.09,0.081
"Matrix metalloproteinase 3",0.38,0.476,0.041,0.082,0.008,0.04,0.127,0.253,0.198,0.258,0.463
"Tyrosine-protein kinase JAK1",0.131,0.29,0.055,0.124,0.023,0.313,0.456,0.391,0.425,0.441,0.217
"Dipeptidyl peptidase IV",0.289,0.06,0.27,0.551,0.304,0.286,0.238,0.031,0.209,0.476,0.074
"Serine/threonine-protein kinase mTOR",0.359,0.051,0.113,0.342,0.438,0.037,0.227,0.401,0.434,0.164,0.177
"Glycogen synthase kinase-3 alpha",0.317,0.294,0.087,0.194,0.166,0.498,0.263,0.422,0.234,0.428,0.328
"Renin",0.265,0.299,0.001,0.457,0.113,0.053,0.29,0.191,0.223,0.271,0.242
"Sigma opioid receptor",0.197,0.433,0.084,0.434,0.473,0.002,0.426,0.039,0.431,0.374,0.152
"Mitogen-activated protein kinase kinase kinase 9",0.41,0.259,0.242,0.233,0.382,0.045,0.128,0.479,0.343,0.471,0.191
"Phosphodiesterase 4D",0.208,0.117,0.142,0.046,0,0.267,0.356,0.063,0.097,0.29,0.194
"Carbonic anhydrase III",0.193,0.469,0.001,0.13,0.285,0.053,0.148,0.003,0.23,0.297,0.288
"Hematopoietic cell protein-tyrosine phosphatase 70Z-PEP",0.039,0.137,0.035,0.453,0.161,0.138,0.316,0.065,0.259,0.467,0.1
"Phosphodiesterase 3B",0.001,0.461,0.321,0.004,0.036,0.185,0.336,0.003,0.334,0.35,0.181
"Arachidonate 15-lipoxygenase",0.394,0.184,0.067,0.054,0.306,0.021,0.44,0.072,0.481,0.27,0.282
"Phosphodiesterase 4C",0.01,0.196,0.426,0.009,0.027,0.208,0.098,0.085,0.253,0.208,0.253
"Telomerase reverse transcriptase",0.311,0.333,0.012,0.355,0.49,0.147,0.465,0.164,0.259,0.319,0.131
"Protein kinase C gamma",0.173,0.179,0.177,0.314,0.012,0.111,0.542,0.017,0.551,0.117,0.307
"Cathepsin S",0.058,0.532,0.263,0.046,0.417,0.111,0.203,0.522,0.348,0.296,0.372
"Sphingosine 1-phosphate receptor Edg-5",0.155,0.144,0,0.005,0.044,0.49,0.301,0.377,0.101,0.437,0.308
"Tyrosine-protein kinase ITK/TSK",0.472,0.363,0.054,0.318,0.009,0.027,0.339,0,0.165,0.239,0.225
"Dual specificity mitogen-activated protein kinase kinase 2",0.046,0.222,0.293,0.239,0.408,0.133,0.45,0.41,0.186,0.34,0.503
"Tyrosine-protein kinase JAK2",0.274,0.494,0.022,0.365,0.353,0.385,0.118,0.061,0.344,0.099,0.173
"Rho-associated protein kinase 2",0.319,0.293,0.084,0.145,0.284,0.042,0.077,0.004,0.423,0.131,0.25
"Cholecystokinin B receptor",0.449,0.46,0.016,0.079,0.205,0.456,0.256,0.327,0.261,0.356,0.213
"Protein kinase C alpha",0.234,0.052,0.212,0.149,0.144,0.376,0.451,0.191,0.257,0.451,0.414
"Protein kinase C delta",0.078,0.46,0.453,0.519,0.403,0.186,0.42,0.075,0.16,0.266,0.44
"P2X purinoceptor 3",0.011,0.083,0.332,0.007,0.231,0.153,0.203,0.014,0.479,0.037,0.352
"Multidrug resistance-associated protein 1",0.198,0.058,0.356,0.276,0.391,0.298,0.4,0.186,0.34,0.167,0.487
"Receptor protein-tyrosine kinase erbB-4",0.418,0.094,0.145,0.446,0.225,0.1,0.148,0.008,0.053,0.198,0.247
"Cyclin-dependent kinase 2",0.331,0.497,0.467,0.188,0.029,0.083,0.479,0.002,0.355,0.244,0.335
"Phosphodiesterase 7A",0.483,0.022,0.18,0.161,0.208,0.038,0.178,0.372,0.043,0.056,0.233
"Matriptase",0.307,0.062,0.063,0.534,0.133,0.07,0.215,0.175,0.213,0.513,0.093
"Sphingosine kinase 2",0.31,0.309,0.296,0.146,0.455,0.142,0.355,0.321,0.275,0.099,0.236
"Serine/threonine-protein kinase PLK1",0.471,0.376,0.209,0.17,0.037,0.194,0.181,0.424,0.089,0.282,0.347
"Carbonic anhydrase VI",0.063,0.475,0.005,0.015,0.012,0.192,0.447,0.494,0.458,0.129,0.02
"Protein kinase C beta",0.47,0.496,0.482,0.048,0.006,0.382,0.303,0.224,0.501,0.35,0.236
"Cyclin-dependent kinase 7",0.101,0.112,0.091,0.076,0.16,0.098,0.058,0.243,0.262,0.392,0.099
"Glycine transporter 2",0.188,0.332,0.14,0.199,0.243,0.189,0.183,0.271,0.096,0.492,0.06
"Cyclin-dependent kinase 1",0.187,0.159,0.219,0.147,0.013,0.116,0.199,0.241,0.209,0.371,0.206
"Excitatory amino acid transporter 1",0.151,0.39,0.127,0.436,0.304,0.421,0.411,0.254,0.232,0.322,0.235
"Plasma retinol-binding protein",0,0.394,0.458,0,0.074,0.351,0.041,0.251,0.136,0.468,0.387
"Poly [ADP-ribose] polymerase-1",0.083,0.181,0.054,0.001,0.235,0.016,0.085,0.058,0.268,0.368,0.426
"Thymidine phosphorylase",0.407,0.47,0.124,0.214,0.22,0.162,0.413,0.171,0.208,0.484,0.465
"Cyclin-dependent kinase 9",0.123,0.477,0.07,0.021,0.356,0.028,0.158,0.252,0.172,0.463,0.307
"PI3-kinase p110-delta subunit",0.444,0.101,0.149,0.38,0.202,0.045,0.349,0.275,0.104,0.381,0.088
"DNA-dependent protein kinase",0.377,0.25,0.191,0.012,0.243,0.111,0.185,0.444,0.47,0.471,0.243
"PI3-kinase p110-beta subunit",0.377,0.036,0.244,0.258,0.233,0.219,0.259,0.077,0.354,0.397,0.371
"Serotonin 7 (5-HT7) receptor",0.4,0.375,0.026,0.136,0.272,0.114,0.123,0.125,0.343,0.078,0.435
"Bradykinin B2 receptor",0.076,0.084,0.022,0.027,0.525,0.089,0.475,0.051,0.501,0.419,0.116
"Protein-tyrosine phosphatase 1C",0.322,0.108,0.43,0.233,0.001,0.174,0.194,0.13,0.222,0.263,0.005
"Carboxylesterase 2",0.288,0.269,0.062,0.446,0.013,0.179,0.417,0.11,0.124,0.26,0.202
"Estradiol 17-beta-dehydrogenase 1",0.186,0.54,0.446,0.367,0.162,0.173,0.423,0.292,0.376,0.382,0.358
"Histone deacetylase 8",0.061,0.201,0.512,0.369,0.432,0.068,0.358,0.021,0.234,0.258,0.486
"Prolyl endopeptidase",0.448,0.012,0.025,0.045,0.013,0.007,0.454,0.016,0.192,0.314,0.228
"Matrix metalloproteinase 9",0.395,0.368,0.238,0.343,0.38,0.024,0.412,0.089,0.346,0.118,0.03
"CD22",0.338,0.068,0.177,0.178,0.227,0.023,0.149,0.119,0.396,0.129,0.281
"Metabotropic glutamate receptor 5",0.28,0.231,0.47,0.202,0.406,0.127,0.42,0.262,0.014,0.053,0.209
"Sphingosine 1-phosphate receptor Edg-6",0.093,0.305,0.236,0.059,0.014,0.467,0.401,0,0.319,0.449,0.463
"Rho-associated protein kinase 1",0.478,0.322,0.126,0.365,0.026,0.112,0.368,0,0.343,0.494,0.078
"Tyrosine-protein kinase HCK",0.146,0.417,0.01,0.147,0.109,0.138,0.389,0.003,0.272,0.442,0.377
"Carbonic anhydrase XII",0.455,0.437,0.211,0.328,0.102,0.33,0.202,0.009,0.261,0.112,0.214
"Histone deacetylase 1",0.205,0.398,0.411,0.177,0.304,0.42,0.255,0.313,0.266,0.512,0.302
"Lysophosphatidic acid receptor Edg-7",0.468,0.415,0.47,0.224,0.145,0.452,0.442,0.313,0.496,0.04,0.465
"PI3-kinase p110-gamma subunit",0.415,0.26,0.001,0.103,0.524,0.093,0.241,0.02,0.165,0.294,0.413
"PI4-kinase beta subunit",0.284,0.026,0.138,0.073,0.01,0.004,0.357,0.011,0.337,0.207,0.076
"Cathepsin L2",0.393,0.329,0.3,0.219,0.263,0.391,0.313,0.303,0.381,0.267,0.313
"Urokinase-type plasminogen activator",0.357,0.156,0.002,0.08,0.425,0.134,0.338,0.002,0.138,0.303,0.324
"Testis-specific androgen-binding protein",0.509,0.206,0.15,0.057,0.347,0.022,0.439,0.023,0.313,0.176,0.089
"Caspase-6",0.36,0.379,0.427,0.191,0.119,0.197,0.345,0.001,0.458,0.42,0.045
"Cyclin-dependent kinase 4",0.11,0.408,0.415,0.054,0.141,0.135,0.149,0.079,0.325,0.412,0.279
"Histone deacetylase 11",0.027,0.26,0.113,0.307,0.113,0.01,0.286,0.321,0.197,0.268,0.104
"Sodium-dependent proline transporter",0.425,0.461,0.093,0.159,0.306,0.196,0.071,0.028,0.225,0.29,0.335
"Matrix metalloproteinase-1",0.103,0.441,0.449,0.355,0.446,0.118,0.212,0.077,0.448,0.251,0.26
"Matrix metalloproteinase-2",0.06,0.116,0.213,0.465,0.248,0.004,0.276,0.085,0.126,0.064,0.109
"Protein-tyrosine phosphatase 1B",0.076,0.428,0.03,0.297,0.181,0.05,0.114,0.016,0.372,0.232,0.233
"Acetyl-CoA carboxylase 1",0.422,0.077,0.415,0.01,0.214,0.022,0.135,0.465,0.409,0.078,0.482
"Serotonin 6 (5-HT6) receptor",0.131,0.103,0.031,0.118,0.007,0.022,0.531,0.013,0.217,0.54,0.192
"MAP kinase ERK1",0.441,0.501,0.306,0.19,0.425,0.06,0.27,0.155,0.268,0.238,0.048
"Cytochrome P450 2C9",0.21,0.412,0.197,0.375,0.218,0.066,0.2,0.204,0.499,0.151,0.196
"Probable G-protein coupled receptor 88",0.199,0.475,0.433,0.001,0.127,0.334,0.143,0.234,0.182,0.465,0.343
"Cytochrome P450 3A4",0.464,0.297,0.37,0.02,0.005,0.063,0.319,0.017,0.518,0.407,0.017
"Pregnane X receptor",0.256,0.319,0.012,0.051,0.307,0.131,0.107,0.448,0.292,0.426,0.024
"Carboxypeptidase B2 isoform A",0.053,0.316,0.352,0.458,0.038,0.072,0.26,0.04,0.034,0.31,0.142
"Serotonin 5a (5-HT5a) receptor",0.373,0.293,0.152,0.34,0,0.365,0.49,0,0.419,0.361,0.397
"Estrogen-related receptor alpha",0.052,0.532,0.448,0.265,0.078,0.039,0.338,0.065,0.531,0.242,0.017
"Amine oxidase, copper containing",0.287,0.129,0.169,0.1,0.316,0.36,0.275,0.324,0.437,0.192,0.243
"Protein kinase C zeta",0.022,0.195,0.272,0.003,0.189,0.017,0.08,0.018,0.317,0.486,0.241
"Melanin-concentrating hormone receptor 1",0.052,0.16,0.115,0.109,0.012,0.374,0.44,0.291,0.297,0.239,0.296
"Caspase-7",0.206,0.064,0.225,0.145,0.027,0.28,0.413,0.022,0.08,0.406,0.332
"C-C chemokine receptor type 3",0.195,0.197,0.279,0.336,0.302,0.028,0.488,0.004,0.491,0.424,0.031
"Phospholipase A2 group IIA",0.363,0.235,0.252,0.393,0.312,0.034,0.497,0.027,0.52,0.166,0.323
"Plasminogen activator inhibitor-1",0.239,0.362,0.028,0.019,0.15,0.464,0.101,0.002,0.287,0.298,0.039
"Inhibitor of nuclear factor kappa B kinase alpha subunit",0.189,0.136,0.147,0.08,0.619,0.48,0.582,0.314,0.269,0.089,0.247
"Proteasome Macropain subunit",0.33,0.415,0.219,0.291,0.031,0.426,0.493,0.045,0.224,0.467,0.183
"Carbonic anhydrase XIV",0.5,0.443,0.037,0.199,0.191,0.063,0.122,0,0.42,0.105,0.494
"LDL-associated phospholipase A2",0.349,0.133,0.001,0.392,0.287,0.036,0.203,0.234,0.48,0.06,0.253
"Cytochrome P450 17A1",0.003,0.344,0.018,0,0.286,0.461,0.09,0.249,0.425,0.27,0.061
"Histone deacetylase 4",0.191,0.345,0.264,0.042,0.441,0.382,0.474,0.083,0.281,0.431,0.408
"Inhibitor of nuclear factor kappa B kinase epsilon subunit",0.424,0.115,0.231,0.302,0.499,0.014,0.283,0.355,0.101,0.145,0.484
"Phosphodiesterase 9A",0.217,0.037,0.204,0.028,0.314,0.246,0.305,0.108,0.255,0.412,0.228
"Tyrosine-protein kinase TYK2",0.087,0.381,0.248,0.528,0.048,0.017,0.191,0.086,0.379,0.25,0.251
"Steryl-sulfatase",0.377,0.125,0.168,0.353,0.011,0.113,0.141,0.05,0.29,0.307,0.097
"Nitric-oxide synthase, brain",0.277,0.162,0.033,0.37,0.187,0.218,0.293,0.156,0.495,0.211,0.299
"Cholesteryl ester transfer protein",0.225,0.164,0.17,0.403,0.037,0.023,0.524,0.001,0.416,0.008,0.281
"Protein kinase C epsilon",0.366,0.193,0.019,0.076,0.362,0.25,0.323,0.085,0.326,0.42,0.373
"Dual specificity mitogen-activated protein kinase kinase 1",0.166,0.327,0.294,0.129,0.233,0.317,0.357,0.152,0.298,0.071,0.288
"Adenosine kinase",0.162,0.148,0.199,0.235,0.206,0.069,0.42,0.279,0.315,0.174,0.361
"Hormone sensitive lipase",0.493,0.134,0,0.222,0.422,0.008,0.288,0.003,0.037,0.018,0.288
"Carbonic anhydrase IX",0.498,0.122,0.381,0.425,0.02,0.212,0.5,0.073,0.176,0.185,0.314
"Protein kinase C eta",0.188,0.03,0.098,0.052,0.256,0.344,0.357,0.035,0.086,0.22,0.021
"Cytochrome P450 2C19",0.371,0.176,0,0.084,0.363,0.003,0.122,0.001,0.018,0.022,0.303
"Quinone reductase 1)",0.302,0.162,0.035,0.022,0.303,0.122,0.164,0.228,0.328,0.308,0.275
"Casein kinase II alpha",0.529,0.323,0.04,0.145,0.488,0.275,0.221,0.166,0.371,0.387,0.421
"Opioid growth factor receptor-like protein 1",0.024,0.299,0.276,0.031,0.336,0.247,0.313,0.156,0.422,0.394,0.117
"Kininogen-1",0.329,0.398,0.021,0.496,0.47,0.445,0.41,0.283,0.248,0.437,0.271
"Acetyl-coenzyme A transporter 1",0.519,0.143,0.001,0.341,0.512,0.123,0.193,0,0.214,0.561,0.374
"Fibroblast growth factor receptor 1",0.343,0.259,0.473,0.566,0.019,0.236,0.437,0.444,0.266,0.101,0.197
"PI4-kinase alpha subunit",0.053,0.332,0.021,0.001,0.388,0.309,0.233,0,0.215,0.107,0.078
"Arachidonate 12-lipoxygenase",0.063,0.156,0.264,0.274,0.188,0.215,0.557,0.174,0.341,0.423,0.567
"Autotaxin",0.288,0.251,0.22,0.369,0.014,0.155,0.318,0.259,0.066,0.172,0.028
"ADAM17",0.023,0.137,0.01,0.2,0.469,0.172,0.301,0.323,0.508,0.355,0.038
"Prostanoid EP3 receptor",0.166,0.199,0.099,0.098,0.104,0.15,0.382,0.212,0.434,0.485,0.149
"Hepatocyte growth factor receptor",0.269,0.354,0.183,0.27,0.025,0.342,0.11,0.033,0.328,0.402,0.012
"Carbonic anhydrase IV",0.106,0.466,0.392,0.175,0.446,0.513,0.185,0.248,0.499,0.359,0.11
"11-beta-hydroxysteroid dehydrogenase 2",0.015,0.148,0.482,0.071,0.043,0.082,0.278,0.056,0.11,0.366,0.025
"Histamine H4 receptor",0.234,0.282,0.29,0.128,0.33,0.258,0.155,0.246,0.285,0.46,0.148
"Beta-glucosidase",0.378,0.395,0.141,0.114,0.17,0.148,0.305,0.04,0.354,0.544,0.189
"Urotensin II receptor",0.078,0.268,0.328,0.27,0.496,0.322,0.417,0.091,0.42,0.309,0.48
"Metabotropic glutamate receptor 1",0.34,0.152,0.155,0.361,0.063,0.002,0.244,0.004,0.248,0.353,0.208
"Dual specificity phosphatase Cdc25A",0.038,0.034,0.084,0.268,0.001,0.04,0.16,0,0.373,0.312,0.527
"Caspase-8",0.173,0.345,0.429,0.174,0.435,0.384,0.181,0.172,0.215,0.383,0.334
"Interleukin-1 receptor-associated kinase 4",0.398,0.178,0.023,0.034,0.101,0.198,0.481,0.217,0.075,0.392,0.28
"Histone acetyltransferase p300",0.111,0.184,0.356,0.116,0.157,0.17,0.338,0.358,0.326,0.373,0.193
"Hydroxycarboxylic acid receptor 2",0.343,0.044,0.106,0.512,0.373,0.028,0.478,0.239,0.038,0.399,0.262
"Serine/threonine-protein kinase PLK4",0.166,0.518,0.252,0.124,0.009,0.12,0.112,0.034,0.2,0.309,0.456
"Melanocortin receptor 1",0.361,0.468,0.01,0.042,0.501,0.363,0.358,0.326,0.212,0.316,0.466
"Calcitonin gene-related peptide type 1 receptor",0.436,0.369,0.407,0.347,0.32,0.274,0.519,0.036,0.351,0.295,0.201
"T-cell protein-tyrosine phosphatase",0.342,0.247,0.355,0.056,0.007,0.024,0.354,0.404,0.397,0.276,0.017
"Cytosolic phospholipase A2",0.009,0.08,0.018,0,0.079,0.305,0.205,0.093,0.453,0.358,0.162
"Hexokinase type IV",0.48,0.304,0.035,0.364,0.124,0.382,0.411,0.29,0.23,0.407,0.052
"Serine/threonine-protein kinase NEK2",0.476,0.218,0.014,0.442,0.006,0.134,0.404,0.004,0.055,0.109,0.091
"LIM domain kinase 1",0.026,0.142,0.148,0.1,0.231,0.321,0.231,0.289,0.46,0.148,0.345
"Cathepsin L",0.115,0.26,0.069,0.52,0,0.221,0.283,0.009,0.252,0.28,0.187
"Protein kinase C mu",0.432,0.184,0.113,0.42,0.482,0.261,0.347,0.137,0.414,0.484,0.057
"Protein-tyrosine phosphatase 2C",0.138,0.39,0.009,0.274,0.216,0.454,0.453,0.079,0.411,0.039,0.476
"Matrix metalloproteinase 14",0.097,0.043,0.175,0.025,0.498,0.245,0.171,0.355,0.483,0.035,0.215
"Heat shock protein HSP 90-alpha",0.41,0.403,0.006,0.408,0.004,0.144,0.301,0.282,0.325,0.398,0.439
"Sodium/glucose cotransporter 2",0.411,0.154,0.169,0.057,0.424,0.243,0.514,0.083,0.415,0.358,0.285
"Calpain 1",0.339,0.261,0.001,0.506,0.45,0.166,0.202,0.003,0.162,0.139,0.335
"Sphingosine 1-phosphate receptor Edg-3",0.235,0.233,0.189,0.541,0.45,0.079,0.283,0.145,0.311,0.254,0.138
"Bone morphogenetic protein 1",0.309,0.355,0.165,0.417,0.023,0.04,0.499,0.003,0.269,0.439,0.176
"Glutathione S-transferase Pi",0.278,0.131,0.01,0.002,0.506,0.219,0.049,0.167,0.121,0.214,0.412
"Tyrosine-protein kinase Lyn",0.161,0.398,0.28,0.073,0.339,0.253,0.414,0.042,0.51,0.084,0.027
"Ribosomal protein S6 kinase alpha 2",0.392,0.521,0.234,0.02,0.002,0.095,0.161,0.002,0.14,0.268,0.34
"Carbonic anhydrase XIII",0.083,0.16,0.368,0.235,0.047,0.006,0.259,0.057,0.328,0.324,0.234
"Complement C1s",0.048,0.297,0.468,0.083,0.317,0.175,0.264,0.226,0.291,0.227,0.398
"Protein kinase C theta",0.218,0.125,0.306,0.264,0.242,0.332,0.347,0.074,0.306,0.288,0.254
"Heparanase",0.412,0.326,0.068,0.36,0.298,0.431,0.352,0.072,0.369,0.199,0.28
"Methionine aminopeptidase 2",0.283,0.172,0.208,0.064,0.096,0.36,0.148,0.009,0.189,0.361,0.315
"Serine/threonine-protein kinase Aurora-C",0.409,0.213,0.496,0.425,0.041,0.441,0.47,0.11,0.484,0.437,0.347
"Quinone reductase 2",0.511,0.121,0.375,0.283,0.363,0.047,0.265,0.394,0.244,0.462,0.182
"MAP kinase p38 beta",0.01,0.051,0.008,0.066,0.147,0.026,0.176,0.386,0.447,0.17,0
"Carbonic anhydrase VB",0.017,0.194,0.157,0.104,0.388,0.032,0.464,0.21,0.211,0.273,0.069
"GAR transformylase",0.401,0.335,0.029,0.48,0.435,0.123,0.357,0.412,0.301,0.272,0.29
"Proteinase-activated receptor 1",0.37,0.221,0.404,0.129,0.487,0.228,0.408,0.102,0.376,0.212,0.297
"Fructose-1,6-bisphosphatase",0.05,0.382,0.17,0.012,0.147,0.318,0.147,0.398,0.349,0.485,0.188
"Dipeptidyl peptidase II",0.193,0.096,0.108,0.066,0.321,0.239,0.385,0.026,0.368,0.345,0.056
"Peroxisome proliferator-activated receptor delta",0.104,0.331,0.108,0.015,0.5,0.149,0.36,0.315,0.47,0.125,0.05
"Serine/threonine-protein kinase 10",0.151,0.247,0.056,0.363,0.065,0.099,0.401,0.111,0.344,0.239,0.121
"Dual specificity protein kinase TTK",0.353,0.241,0.235,0.377,0.027,0.087,0.515,0.111,0.278,0.504,0.218
"Coagulation factor VII",0.064,0.477,0.044,0.013,0.117,0.182,0.196,0.215,0.342,0.156,0.376
"PI3-kinase p110-alpha subunit",0.324,0.221,0.164,0.133,0.016,0.005,0.386,0,0.344,0.087,0.102
"Tyrosine-protein kinase ABL2",0.36,0.279,0.279,0.538,0.306,0.105,0.165,0.239,0.321,0.264,0.119
"C-C chemokine receptor type 2",0.274,0.1,0.199,0.006,0.444,0.336,0.407,0.047,0.444,0.258,0.026
"Glutamate receptor ionotropic, AMPA 2",0.205,0.006,0.227,0.267,0.346,0.196,0.38,0.494,0.537,0.449,0.099
"Neuropeptide Y receptor type 2",0.077,0.085,0.112,0.065,0.021,0.086,0.327,0.153,0.376,0.14,0.052
"HMG-CoA reductase",0.375,0.145,0.165,0.288,0.217,0.171,0.473,0.014,0.39,0.359,0.191
"Signal transducer and activator of transcription 3",0.077,0.024,0,0.005,0.464,0.107,0.087,0.094,0.218,0.275,0.243
"Interleukin-8 receptor A",0.174,0.061,0.146,0.114,0.355,0.079,0.128,0.323,0.114,0.346,0.081
"Cyclin-dependent kinase 5",0.207,0.165,0.108,0.435,0.111,0.414,0.21,0.183,0.15,0.222,0.174
"MAP kinase ERK2",0.395,0.329,0.129,0.081,0.023,0,0.375,0.031,0.093,0.23,0.356
"Cystic fibrosis transmembrane conductance regulator",0.287,0.195,0.163,0.186,0.4,0.121,0.382,0.432,0.216,0.573,0.052
"Chymase",0.337,0.011,0.069,0.042,0.348,0.01,0.362,0.045,0.189,0.124,0.49
"Casein kinase II alpha (prime)",0.49,0.265,0.323,0.096,0.011,0.233,0.204,0.08,0.387,0.567,0.376
"Cathepsin B",0.185,0.26,0.313,0.376,0.124,0.432,0.172,0.002,0.145,0.39,0.36
"Matrix metalloproteinase 7",0.304,0.003,0.161,0.41,0.123,0.005,0.223,0.043,0.303,0.371,0.11
"Bombesin receptor subtype-3",0.456,0.293,0.084,0.38,0.143,0.341,0.112,0.006,0.364,0.264,0.364
"LXR-beta",0.433,0.323,0,0.184,0.021,0.516,0.182,0.044,0.318,0.119,0.397
"Neurotensin receptor 1",0.122,0.475,0.185,0.03,0.342,0.216,0.146,0.276,0.474,0.061,0.284
"Tyrosine-protein kinase TIE-2",0.241,0.404,0.025,0.337,0.227,0.16,0.354,0.094,0.57,0.453,0.383
"Fibroblast growth factor receptor 2",0.058,0.3,0.457,0.083,0.169,0.256,0.107,0.031,0.159,0.513,0.187
"Histone deacetylase 9",0.5,0.07,0.016,0.243,0.3,0.19,0.401,0.509,0.033,0.391,0.439
"Fatty acid synthase",0.436,0.164,0.506,0.414,0.015,0.219,0.114,0.111,0.1,0.116,0.081
"c-Jun N-terminal kinase 2",0.163,0.511,0.435,0.154,0.101,0.146,0.16,0.478,0.273,0.25,0.335
"Sodium channel protein type II alpha subunit",0.18,0.326,0.275,0.487,0.289,0.182,0.285,0.046,0.366,0.383,0.363
"Monoglyceride lipase",0.161,0.325,0.472,0.14,0.005,0.448,0.476,0.009,0.157,0.415,0.134
"Inhibitor of apoptosis protein 3",0.269,0.367,0.562,0.376,0.095,0.209,0.336,0.464,0.107,0.163,0.4
"Serine/threonine-protein kinase 2",0.374,0.459,0.089,0.482,0.579,0.464,0.12,0.297,0.359,0.392,0.185
"Dual specificity protein kinase CLK4",0.411,0.051,0.143,0.091,0.374,0.086,0.22,0.012,0.045,0.398,0.212
"MAP kinase signal-integrating kinase 2",0.397,0.274,0.063,0.064,0.078,0.016,0.13,0.311,0.254,0.434,0.504
"Proteasome component C5",0.428,0.336,0.177,0.466,0.35,0.164,0.283,0.433,0.391,0.422,0.48
"Tyrosine-protein kinase FRK",0.413,0.195,0.563,0.464,0.013,0.316,0.268,0.023,0.125,0.487,0.541
"Dual specificty protein kinase CLK1",0.244,0.203,0.133,0.446,0.002,0.286,0.347,0.04,0.137,0.064,0.254
"Dual specificity protein kinase CLK2",0.2,0.416,0.067,0.161,0.181,0,0.202,0.002,0.138,0.051,0.136
"Lipoxin A4 receptor",0.226,0.153,0.002,0.032,0.26,0.128,0.379,0.317,0.113,0.356,0.09
"Estradiol 17-beta-dehydrogenase 3",0.427,0.146,0.103,0.475,0.291,0.388,0.497,0.166,0.037,0.428,0.122
"11-beta-hydroxysteroid dehydrogenase 1",0.147,0.335,0.032,0.472,0.001,0.028,0.403,0.161,0.085,0.407,0.31
"Ribosomal protein S6 kinase alpha 5",0.443,0.239,0.372,0.343,0.002,0.124,0.296,0.004,0.226,0.048,0.08
"ALK tyrosine kinase receptor",0.488,0.231,0.245,0.449,0.097,0.031,0.335,0.108,0.201,0.191,0.083
"Hypoxia-inducible factor 1 alpha",0.329,0.362,0.142,0.275,0.103,0.202,0.582,0.309,0.423,0.285,0.042
"TGF-beta receptor type II",0.535,0.447,0.566,0.379,0.094,0.032,0.415,0.008,0.352,0.213,0.482
"Serine/threonine-protein kinase AKT",0.195,0.028,0.046,0.066,0.42,0.315,0.406,0.006,0.065,0.259,0.1
"Sodium channel protein type IX alpha subunit",0.01,0.028,0.454,0.286,0.179,0.157,0.023,0.458,0.209,0.515,0.271
"P-glycoprotein 1",0.114,0.402,0.513,0.422,0.378,0.261,0.542,0.095,0.281,0.017,0.318
"Heat shock protein HSP 90-beta",0.102,0.022,0.33,0.218,0.28,0.014,0.289,0.478,0.416,0.064,0.003
"Calcium-activated potassium channel subunit alpha-1",0.071,0.292,0.199,0.166,0.199,0.164,0.082,0.071,0.24,0.369,0.444
"Intermediate conductance calcium-activated potassium channel protein 4",0.26,0.095,0.266,0.215,0.337,0.058,0.147,0.008,0.423,0.028,0.093
"Voltage-gated potassium channel subunit Kv1.5",0.19,0.136,0.022,0.193,0.283,0.269,0.323,0.151,0.159,0.289,0.21
"Bradykinin B1 receptor",0.378,0.08,0.353,0.268,0.036,0.022,0.089,0,0.376,0.282,0.409
"Purinergic receptor P2Y1",0.419,0.17,0.191,0.129,0.391,0.389,0.439,0.164,0.279,0.044,0.341
"Sphingosine 1-phosphate receptor Edg-1",0.006,0.047,0.296,0.008,0.525,0.213,0.408,0.123,0.295,0.194,0.074
"Purine nucleoside phosphorylase",0.168,0.204,0.18,0.491,0.025,0.209,0.497,0.002,0.435,0.39,0.198
"Serine/threonine-protein kinase GAK",0.003,0.17,0.48,0.001,0.285,0.306,0.086,0.19,0.529,0.195,0.058
"Induced myeloid leukemia cell differentiation protein Mcl-1",0.335,0.463,0.186,0.284,0.434,0.44,0.322,0.022,0.186,0.325,0.032
"Dual-specificity tyrosine-phosphorylation regulated kinase 2",0.409,0.39,0.283,0.189,0.377,0.45,0.31,0.005,0.36,0.226,0.033
"Gastric inhibitory polypeptide receptor",0.405,0.182,0,0.182,0.09,0.142,0.223,0.27,0.12,0.454,0.064
"Matrix metalloproteinase 12",0.342,0.235,0.002,0.322,0.038,0.269,0.028,0.442,0.193,0.356,0.418
"Sphingosine kinase 1",0.221,0.351,0.49,0.043,0.189,0.187,0.066,0.081,0.201,0.441,0.066
"Phosphodiesterase 8B",0.434,0.369,0.165,0.033,0.165,0.034,0.133,0.322,0.187,0.318,0.284
"Phosphodiesterase 10A",0.097,0.454,0.024,0.005,0.131,0.045,0.47,0.11,0.184,0.026,0.253
"Free fatty acid receptor 1",0.305,0.05,0.022,0.186,0.093,0.075,0.525,0.217,0.319,0.166,0.469
"Prostanoid DP receptor",0.194,0.161,0.005,0.316,0.202,0.019,0.365,0.135,0.046,0.179,0.251
"Neurokinin 3 receptor",0.233,0.131,0.329,0.269,0.099,0.096,0.43,0.317,0.452,0.203,0.153
"TGF-beta receptor type I",0.167,0.107,0.236,0.146,0.055,0.37,0.107,0.304,0.272,0.42,0.074
"C-X-C chemokine receptor type 3",0.418,0.475,0.235,0.079,0.082,0.059,0.055,0.423,0.112,0.121,0.073
"Vitamin K-dependent protein C",0.079,0.01,0.169,0.014,0.387,0.007,0.494,0,0.23,0.13,0.302
"Tyrosine-protein kinase FGR",0.18,0.208,0.412,0.128,0.422,0.439,0.195,0.097,0.299,0.222,0.245
"NAD-dependent deacetylase sirtuin 3",0.178,0.397,0.193,0.005,0.035,0.004,0.086,0.07,0.136,0.147,0.238
"NAD-dependent deacetylase sirtuin 2",0.35,0.201,0.117,0.053,0.159,0.132,0.23,0.014,0.124,0.399,0.426
"Acyl coenzyme A:cholesterol acyltransferase 2",0.13,0.069,0.299,0.38,0.405,0,0.289,0.224,0.004,0.267,0.367
"Voltage-gated N-type calcium channel alpha-1B subunit",0.467,0.174,0.091,0.06,0.065,0.286,0.447,0.49,0.335,0.221,0.228
"Nitric oxide synthase, inducible",0.427,0.026,0.034,0.325,0.028,0.014,0.227,0.076,0.496,0.482,0.04
"Serine/threonine-protein kinase PAK 4",0.307,0.174,0.19,0.077,0.087,0.28,0.339,0.064,0.258,0.196,0.246
"Ribosomal protein S6 kinase 1",0.222,0.416,0.364,0.342,0.06,0.04,0.394,0.257,0.393,0.103,0.26
"NAD-dependent deacetylase sirtuin 1",0.345,0.382,0.411,0.285,0.374,0.339,0.213,0.097,0.338,0.291,0.504
"Glutaminyl-peptide cyclotransferase",0.138,0.132,0.01,0.067,0.007,0.306,0.257,0.088,0.318,0.404,0.226
"Serine/threonine-protein kinase PIM2",0.22,0.108,0.333,0.22,0.344,0.366,0.238,0.118,0.438,0.035,0.277
"TRAF2- and NCK-interacting kinase",0.231,0.265,0.271,0.055,0.055,0.226,0.198,0.083,0.486,0.095,0.021
"Coagulation factor XIII",0.105,0.048,0.015,0.011,0.165,0.263,0.506,0.14,0.286,0.432,0.412
"5-lipoxygenase activating protein",0.462,0.112,0.161,0.03,0.385,0.31,0.251,0.029,0.158,0.204,0.005
"Neuropeptide Y receptor type 5",0.291,0.273,0.077,0.203,0.072,0.165,0.391,0.017,0.478,0.374,0.303
"Kinesin-like protein 1",0.515,0.085,0.029,0.021,0.048,0.032,0.279,0.102,0.326,0.057,0.287
"Matrix metalloproteinase 8",0.156,0.275,0.077,0.154,0.229,0.286,0.433,0.235,0.453,0.313,0.084
"C-C chemokine receptor type 8",0.384,0.385,0.206,0.183,0.445,0.306,0.204,0.431,0.298,0.486,0.561
"Tyrosine kinase non-receptor protein 2",0.495,0.319,0.054,0.17,0.031,0.514,0.361,0.008,0.304,0.446,0.491
"Serine/threonine-protein kinase PAK 1",0.127,0.138,0.411,0.293,0.003,0.005,0.43,0.001,0.313,0.38,0.402
"Tyrosine-protein kinase BRK",0.097,0.211,0.418,0.04,0.022,0.018,0.101,0.04,0.44,0.129,0.284
"Melanocortin receptor 5",0.244,0.212,0.23,0.181,0.011,0.229,0.119,0.099,0.067,0.304,0.339
"Ghrelin receptor",0.423,0.216,0.368,0.081,0.337,0.418,0.407,0.048,0.153,0.205,0.192
"Phenylethanolamine N-methyltransferase",0.371,0.424,0.025,0.253,0.426,0.263,0.447,0.099,0.234,0.417,0.15
"Leukotriene A4 hydrolase",0.03,0.427,0.165,0.002,0.093,0.3,0.069,0.02,0.103,0.207,0.286
"Apoptosis regulator Bcl-X",0.27,0.254,0.113,0.028,0.279,0.112,0.125,0.247,0.178,0.477,0.515
"Serine/threonine-protein kinase Chk1",0.117,0.151,0.446,0.295,0.119,0.484,0.494,0.398,0.486,0.517,0.042
"Voltage-gated potassium channel subunit Kv1.3",0.064,0.442,0.355,0.263,0.218,0.299,0.295,0.313,0.283,0.325,0.137
"Voltage-gated T-type calcium channel alpha-1G subunit",0.213,0.377,0.294,0.187,0.163,0.31,0.229,0.021,0.268,0.379,0.192
"Melanocortin receptor 3",0.024,0.261,0.316,0.024,0.072,0.09,0.149,0.306,0.29,0.205,0.076
"Dipeptidyl peptidase VIII",0.277,0.304,0.291,0.174,0.183,0.055,0.149,0.065,0.094,0.501,0.301
"Lymphocyte differentiation antigen CD38",0.112,0.113,0.013,0.212,0.218,0.053,0.264,0.285,0.254,0.091,0.332
"Proteasome Macropain subunit MB1",0.437,0.222,0.003,0.204,0.026,0.06,0.245,0.012,0.377,0.31,0.05
"Apoptosis regulator Bcl-W",0.49,0.339,0.015,0.148,0.418,0.09,0.412,0.036,0.373,0.166,0.463
"Aldo-keto-reductase family 1 member C3",0.288,0.225,0.155,0.42,0.149,0.304,0.5,0.171,0.138,0.107,0.131
"Fibroblast activation protein alpha",0.402,0.266,0.247,0.191,0.03,0.109,0.317,0.423,0.331,0.414,0.15
"Indoleamine 2,3-dioxygenase",0.491,0.263,0.043,0.045,0.018,0.575,0.412,0.479,0.462,0.061,0.12
"Malonyl-CoA decarboxylase",0.302,0.242,0.032,0.436,0.088,0.069,0.467,0.054,0.351,0.272,0.472
"Isoprenylcysteine carboxyl methyltransferase",0.448,0.028,0.079,0.235,0.022,0.018,0.29,0.004,0.513,0.25,0.42
"Serine/threonine-protein kinase Aurora-A",0.353,0.293,0,0.276,0.093,0.301,0.33,0,0.393,0.305,0.025
"C3a anaphylatoxin chemotactic receptor",0.41,0.219,0.019,0.077,0.029,0.405,0.107,0.073,0.132,0.259,0.072
"Vesicular acetylcholine transporter",0.229,0.495,0.178,0.014,0.188,0.051,0.162,0.006,0.111,0.251,0.304
"Geranylgeranyl pyrophosphate synthetase",0.064,0.303,0.269,0.491,0.34,0.003,0.249,0.057,0.325,0.303,0.547
"Neuropeptide Y receptor type 1",0.125,0.116,0.13,0.151,0.492,0.043,0.073,0.077,0.406,0.184,0.017
"Carbonic anhydrase VA",0.011,0.057,0.032,0.03,0.008,0.329,0.324,0.004,0.332,0.197,0.413
"Endothelin-converting enzyme 1",0.197,0.146,0.03,0.308,0.368,0.016,0.256,0.125,0.186,0.215,0.564
"Orexin receptor 2",0.382,0.479,0.365,0.494,0.247,0.459,0.055,0.063,0.222,0.257,0.053
"Dipeptidyl peptidase IX",0.505,0.431,0.149,0.18,0.277,0.214,0.345,0.093,0.492,0.425,0.208
"Vanilloid receptor",0.008,0.149,0.272,0.033,0.065,0.054,0.179,0.321,0.22,0.302,0.006
"Caspase-1",0.043,0.263,0.026,0.042,0.153,0.312,0.383,0.25,0.34,0.551,0.172
"Nitric-oxide synthase, endothelial",0.013,0.283,0.356,0.005,0.016,0.088,0.247,0.121,0.437,0.085,0
"Dual specificity phosphatase Cdc25B",0.211,0.113,0.342,0.361,0.53,0.159,0.392,0.032,0.549,0.207,0.362
"P2X purinoceptor 7",0.106,0.173,0.329,0.152,0.206,0.043,0.486,0.084,0.147,0.528,0.275
"Serine/threonine-protein kinase AKT3",0.495,0.319,0.286,0.143,0.129,0.085,0.274,0.292,0.375,0.527,0.255
"Beta-secretase 1",0.169,0.349,0.061,0.201,0.209,0.359,0.366,0.022,0.061,0.315,0.131
"Acetyl-CoA carboxylase 2",0.095,0.351,0.003,0.005,0.294,0.404,0.046,0.087,0.028,0.304,0.437
"L-lactate dehydrogenase A chain",0.036,0.464,0.009,0.323,0.032,0.326,0.376,0.159,0.121,0.482,0.42
"C-X3-C chemokine receptor 1",0.031,0.37,0.19,0.042,0.304,0.118,0.218,0.102,0.107,0.326,0.205
"Eukaryotic translation initation factor",0.082,0.539,0.257,0.286,0.446,0.54,0.308,0.496,0.301,0.044,0.284
"Apoptosis regulator Bcl-2",0.371,0.068,0.169,0.021,0.164,0.156,0.363,0.435,0.476,0.511,0.43
"Cytochrome P450 1B1",0.317,0.331,0.246,0.348,0.269,0.444,0.273,0.247,0.435,0.357,0.244
"Tyrosine-protein kinase receptor UFO",0.099,0.515,0.054,0.036,0.296,0.39,0.411,0.475,0.43,0.241,0.012
"Neurotrophic tyrosine kinase receptor type 2",0.124,0.467,0.23,0.363,0.007,0.133,0.51,0.338,0.18,0.23,0.223
"Mitogen-activated protein kinase kinase kinase 8",0.34,0.472,0.12,0.259,0.362,0.403,0.118,0.465,0.476,0.285,0.072
"Low molecular weight phosphotyrosine protein phosphatase",0.416,0.441,0.172,0.283,0.381,0.208,0.106,0.028,0.258,0.197,0.545
"Casein kinase I epsilon",0.054,0.166,0.166,0.352,0.348,0.005,0.238,0.551,0.427,0.513,0.128
"L-lactate dehydrogenase B chain",0.125,0.127,0.513,0.015,0.357,0.014,0.21,0.247,0.202,0.056,0.254
"S-methyl-5-thioadenosine phosphorylase",0.093,0.22,0.434,0.028,0.519,0.506,0.45,0.38,0.397,0.452,0.122
"Proto-oncogene c-JUN",0.387,0.271,0.116,0.074,0.294,0.32,0.33,0.028,0.254,0.262,0.126
"Sodium/glucose cotransporter 1",0.16,0.125,0.2,0.021,0.27,0.012,0.208,0.011,0.379,0.05,0.328
"Transketolase",0.214,0.413,0.186,0.181,0.485,0.055,0.487,0.384,0.237,0.479,0.471
"Serine/threonine-protein kinase RIPK2",0.142,0.413,0.095,0.454,0.38,0.044,0.29,0.006,0.089,0.136,0.14
"p53-binding protein Mdm-2",0.41,0.451,0.465,0.407,0.202,0.264,0.431,0.43,0.238,0.03,0.164
"Serine-protein kinase ATR",0.415,0.362,0.436,0.222,0.303,0.01,0.325,0.262,0.172,0.237,0.245
"ADAM10",0.221,0.323,0.221,0.248,0.012,0.297,0.261,0.018,0.295,0.212,0.058
"Endoplasmic reticulum aminopeptidase 2",0.387,0.056,0.259,0.161,0.391,0.243,0.126,0.276,0.468,0.207,0.039
"G protein-coupled receptor 44",0.098,0.287,0.023,0.109,0.03,0.008,0.298,0.286,0.187,0.463,0.279
"Endothelial lipase",0.34,0.082,0.036,0.056,0.029,0.143,0.087,0.003,0.526,0.172,0.034
"Histone deacetylase 10",0.096,0.011,0.208,0.413,0.154,0.389,0.276,0.17,0.138,0.452,0.184
"GABA receptor alpha-5 subunit",0.066,0.119,0.211,0.212,0.367,0.384,0.273,0.413,0.144,0.244,0.056
"Orexin receptor 1",0.346,0.275,0.278,0.289,0.063,0.392,0.503,0.433,0.261,0.159,0.283
"Discoidin domain-containing receptor 2",0.167,0.489,0.281,0.291,0.098,0.501,0.4,0.437,0.418,0.143,0.2
"Metabotropic glutamate receptor 2",0.127,0.303,0.057,0.011,0.273,0.01,0.118,0.283,0.18,0.474,0.504
"Cytochrome P450 26A1",0.127,0.439,0.058,0.398,0.127,0.406,0.193,0.104,0.413,0.363,0.118
"Serine/threonine-protein kinase B-raf",0.409,0.089,0.02,0.162,0.29,0,0.205,0.342,0.521,0.455,0.244
"Ephrin type-B receptor 4",0.166,0.102,0.13,0.017,0.081,0.185,0.233,0.092,0.436,0.218,0.15
"Neuropilin-1",0.253,0.076,0.322,0.086,0.029,0.118,0.467,0.004,0.202,0.27,0.119
"dUTP pyrophosphatase",0.285,0.303,0.459,0.129,0.146,0.114,0.35,0.036,0.485,0.186,0.512
"Serine/threonine-protein kinase ILK-1",0.191,0.444,0.239,0.413,0.023,0.205,0.351,0.006,0.042,0.458,0.477
"Tyrosine-protein kinase BTK",0.492,0.313,0.118,0.086,0.016,0.446,0.192,0.073,0.094,0.359,0.258
"Serine/threonine-protein kinase TNNI3K",0.105,0.567,0.001,0.427,0.083,0.131,0.348,0.033,0.19,0.161,0.233
"Cytochrome P450 2A6",0.221,0.422,0.286,0.478,0.123,0.444,0.342,0.45,0.438,0.256,0.291
"Mitogen-activated protein kinase kinase kinase 5",0.451,0.343,0.034,0.527,0.085,0,0.401,0.002,0.105,0.134,0.324
"Tyrosine-protein kinase receptor TYRO3",0.114,0.035,0.36,0.001,0.034,0.115,0.202,0.015,0.144,0.46,0.436
"Epithelial discoidin domain-containing receptor 1",0.195,0.25,0.43,0.161,0.22,0.063,0.451,0.344,0.11,0.18,0.088
"Proto-oncogene tyrosine-protein kinase MER",0.305,0.44,0.053,0.259,0.101,0.342,0.368,0.074,0.406,0.214,0.141
"Baculoviral IAP repeat-containing protein 3",0.109,0.429,0.023,0.253,0.488,0.012,0.119,0.002,0.42,0.392,0.221
"Poly [ADP-ribose] polymerase 2",0.203,0.2,0,0.053,0.438,0.279,0.202,0.036,0.4,0.154,0.363
"P-selectin",0.473,0.124,0.308,0.105,0.146,0.087,0.169,0.06,0.096,0.418,0.173
"ATP-binding cassette sub-family G member 2",0.001,0.327,0.313,0.007,0.233,0.046,0.202,0.191,0.132,0.239,0.061
"Pituitary adenylate cyclase-activating polypeptide type I receptor",0.281,0.205,0.457,0.146,0.062,0.038,0.194,0.35,0.223,0.465,0.398
"Serine/threonine-protein kinase PIM3",0.107,0.185,0.016,0.246,0.057,0.348,0.352,0.053,0.4,0.096,0.131
"G-protein coupled bile acid receptor 1",0.09,0.101,0.076,0.43,0.018,0.325,0.506,0.144,0.295,0.191,0.055
"Metastin receptor",0.024,0.369,0.212,0.001,0.003,0.179,0.076,0.012,0.026,0.418,0.366
"Cell division cycle 7-related protein kinase",0.448,0.458,0.001,0.493,0.074,0.416,0.373,0.439,0.322,0.434,0.424
"Sodium channel protein type X alpha subunit",0.264,0.481,0.035,0.431,0.338,0.243,0.399,0.472,0.364,0.385,0.417
"Baculoviral IAP repeat-containing protein 2",0.273,0.269,0.079,0.246,0.358,0.232,0.318,0.389,0.261,0.203,0.406
"Receptor-interacting serine/threonine-protein kinase 1",0.311,0.457,0.409,0.423,0.202,0.117,0.414,0.183,0.059,0.212,0.214
"Protein tyrosine kinase 2 beta",0.258,0.141,0.121,0.031,0.11,0.505,0.372,0.069,0.39,0.345,0.472
"Perforin-1",0.043,0.383,0.126,0.413,0.24,0.206,0.256,0.391,0.484,0.041,0.23
"D-amino-acid oxidase",0.319,0.123,0.023,0.317,0.212,0.07,0.173,0,0.421,0.115,0.325
"Serine/threonine-protein kinase WEE1",0.319,0.464,0.054,0.386,0.012,0.437,0.541,0.072,0.441,0.436,0.242
"Histone acetyltransferase PCAF",0.514,0.494,0.026,0.145,0.221,0.108,0.352,0.009,0.246,0.374,0.099
"Secreted frizzled-related protein 1",0.4,0.331,0.282,0.138,0.409,0.156,0.173,0.215,0.161,0.476,0.213
"Transient receptor potential cation channel subfamily V member 3",0.284,0.192,0.165,0.125,0.26,0.041,0.22,0.363,0.024,0.466,0.255
"Protein-arginine N-methyltransferase 1",0.052,0.476,0.345,0.013,0.143,0.362,0.402,0.218,0.312,0.427,0.114
"Nuclear factor NF-kappa-B p65 subunit",0.071,0.1,0.001,0.081,0.145,0.46,0.147,0.095,0.302,0.416,0.49
"Dual specificity tyrosine-phosphorylation-regulated kinase 1B",0.203,0.304,0.185,0.299,0.252,0.077,0.271,0.023,0.387,0.33,0.239
"Acyl-CoA desaturase",0.571,0.01,0.319,0.032,0.154,0.005,0.2,0.227,0.267,0.03,0.516
"Proto-oncogene tyrosine-protein kinase ROS",0.243,0.012,0.179,0.121,0.207,0.335,0.397,0.126,0.034,0.253,0.394
"Lysyl-tRNA synthetase",0.115,0.17,0.045,0.024,0.122,0.038,0.312,0.458,0.075,0.044,0.023
"DNA-(apurinic or apyrimidinic site) lyase",0.447,0.179,0.136,0.447,0.227,0.224,0.433,0.015,0.06,0.384,0.161
"Glucose-dependent insulinotropic receptor",0.282,0.127,0.078,0,0.494,0.137,0.219,0.204,0.157,0.438,0.158
"Prostaglandin E synthase",0.081,0.164,0.473,0.065,0.246,0.183,0.463,0.051,0.113,0.354,0.456
"G protein-coupled receptor kinase 5",0.234,0.086,0,0.059,0.375,0.219,0.493,0.008,0.323,0.105,0.389
"Egl nine homolog 1",0.386,0.179,0.036,0.384,0.02,0.2,0.277,0.112,0.163,0.464,0.304
"Elongation of very long chain fatty acids protein 6",0.119,0.014,0.02,0.006,0.155,0.133,0.239,0.359,0.108,0.442,0.138
"Glucagon",0.004,0.108,0.358,0.005,0.338,0.001,0.071,0.014,0.074,0.167,0.182
"CREB-binding protein",0.363,0.014,0.048,0.057,0.182,0.024,0.26,0.338,0.469,0.441,0.371
"Mitogen-activated protein kinase kinase kinase 7",0.106,0.334,0.248,0.378,0.185,0.386,0.158,0.27,0.221,0.276,0.366
"Interferon-induced, double-stranded RNA-activated protein kinase",0.458,0.014,0.129,0.188,0.28,0.015,0.249,0.091,0.178,0.099,0.231
"Aldo-keto reductase family 1 member C2",0.072,0.13,0.492,0.061,0.008,0.35,0.38,0.043,0.306,0.431,0.05
"Trace amine-associated receptor 1",0.314,0.036,0.048,0.145,0.54,0.371,0.408,0.019,0.126,0.356,0.24
"Nuclear receptor ROR-alpha",0.242,0.058,0.088,0.152,0.126,0.296,0.483,0.004,0.238,0.179,0.2
"Heat shock factor protein 1",0.398,0.15,0.439,0.146,0.226,0.088,0.283,0.274,0.266,0.063,0.297
"Hematopoietic prostaglandin D synthase",0.06,0.024,0.392,0.302,0.412,0.309,0.164,0.324,0.234,0.122,0.13
"Aldo-keto reductase family 1 member C1",0.077,0.37,0.012,0.039,0.114,0.324,0.224,0.376,0.503,0.147,0.021
"Bifunctional protein NCOAT",0.164,0.031,0.288,0.185,0.323,0.36,0.49,0.332,0.274,0.339,0.313
"LIM domain kinase 2",0.1,0.162,0.484,0.417,0.497,0.049,0.398,0.376,0.528,0.394,0.042
"Serine/threonine-protein kinase PLK2",0.461,0.064,0.235,0.003,0.041,0.28,0.353,0.19,0.036,0.446,0.466
"Neuropeptide FF receptor 1",0.208,0.067,0.079,0.011,0.389,0.128,0.447,0.137,0.435,0.533,0.453
"Neuropeptide FF receptor 2",0.161,0.056,0.213,0.38,0.344,0.191,0.441,0.132,0.319,0.249,0.314
"IgG receptor FcRn large subunit p51",0.143,0.325,0.266,0.257,0.126,0.212,0.371,0.103,0.3,0.324,0.015
"Smoothened homolog",0.213,0.359,0.464,0.421,0.028,0.143,0.363,0.153,0.228,0.329,0.329
"Aldo-keto reductase family 1 member B10",0.267,0.374,0.107,0.2,0.319,0.044,0.381,0.028,0.094,0.497,0.251
"Serine/threonine-protein kinase 33",0.057,0.278,0.129,0.185,0.406,0.217,0.296,0.223,0.056,0.116,0.044
"Transient receptor potential cation channel subfamily A member 1",0.468,0.276,0.192,0.178,0.038,0.139,0.159,0.138,0.121,0.382,0.237
"Diacylglycerol O-acyltransferase 1",0.202,0.126,0.101,0.021,0.501,0.296,0.362,0.408,0.247,0.348,0.433
"Histone-lysine N-methyltransferase, H3 lysine-9 specific 3",0.042,0.045,0.031,0.099,0.016,0,0.042,0.015,0.057,0.066,0.408
"Lysine-specific histone demethylase 1",0.413,0.447,0.027,0.079,0.242,0.301,0.404,0.014,0.316,0.181,0.278
"Alpha-synuclein",0.302,0.077,0.009,0.207,0.423,0.391,0.456,0.116,0.186,0.345,0.085
"Tankyrase-2",0.286,0.247,0.353,0.196,0.344,0.502,0.348,0.189,0.125,0.314,0.123
"Tankyrase-1",0.258,0.19,0.003,0.19,0.213,0.114,0.365,0.004,0.564,0.138,0.049
"Mitogen-activated protein kinase kinase kinase kinase 4",0.178,0.406,0.153,0.015,0.223,0.456,0.09,0.462,0.109,0.115,0.408
"Lysine-specific demethylase 4C",0.411,0.252,0.467,0.262,0.151,0.162,0.18,0.242,0.379,0.168,0.416
