"","EGFR","Hypoxia","JAK.STAT","MAPK","NFkB","PI3K","TGFb","TNFa","Trail","VEGF","p53"
"Arginase-1",0.711828231292517,1,0.677660476190476,0.232530555555556,1,0.132874603174603,0.734962648809524,1,0.677660476190476,0.677660476190476,0.711828231292517
"Leucine-rich repeat serine/threonine-protein kinase 2",1,1,1,1,1,1,1,1,1,1,1
"Tyrosyl-DNA phosphodiesterase 1",0.503816203703704,0.456756448412698,0.456756448412698,1,0.456756448412698,1,1,0.811484183673469,0.503816203703704,1,0.456756448412698
"Transitional endoplasmic reticulum ATPase",1,1,0.132874603174603,1,0.989915793650794,0.15502037037037,1,0.15502037037037,0.989915793650794,1,1
"Glucokinase regulatory protein",0.937504144620811,0.232530555555556,0.0332186507936508,0.788942956349206,0.312255317460317,0.0996559523809524,0.232530555555556,1,0.487206878306878,0.788942956349206,1
"Pyruvate kinase isozymes M1/M2",1,0.438486190476191,0,0.438486190476191,0.438486190476191,0.801993140589569,0.448451785714286,1,0.438486190476191,1,1
"Transient receptor potential cation channel subfamily M member 8",0.788942956349206,0.955958950617284,0.788942956349206,1,0.788942956349206,0.788942956349206,0.788942956349206,0.788942956349206,0.788942956349206,1,0.788942956349206
"G-protein coupled receptor 55",0.896903571428571,0.905208234126984,1,1,0.0332186507936508,0,0.896903571428571,0.298967857142857,0.298967857142857,0.905208234126984,1
"Endoplasmin",1,1,1,1,1,1,1,1,1,1,1
"Serine/threonine-protein kinase/endoribonuclease IRE1",1,1,1,1,1,1,1,1,1,1,1
"NADPH oxidase 4",1,1,1,1,1,1,1,1,1,1,1
"Ketohexokinase",1,1,0.15502037037037,1,1,0.083046626984127,1,0.083046626984127,1,1,1
"Lethal(3)malignant brain tumor-like protein 1",1,1,0.697591666666667,0.697591666666667,0.697591666666667,0.697591666666667,1,0.697591666666667,0.768774489795918,0.838770932539683,0.697591666666667
"Microtubule-associated protein tau",1,1,1,1,0.631154365079365,1,1,0.531498412698413,1,1,1
"15-hydroxyprostaglandin dehydrogenase [NAD+]",0.83995731292517,0.83995731292517,0.0996559523809524,0.83995731292517,0.908983080808081,0.83995731292517,0.83995731292517,0.61454503968254,0.908983080808081,0.908983080808081,0.908983080808081
"G-protein coupled receptor 35",0.705896329365079,0.376478042328042,0.0332186507936508,0.0664373015873016,1,1,0.930122222222222,0.930122222222222,0.930122222222222,1,1
"ATP-sensitive inward rectifier potassium channel 1",1,1,1,1,1,1,1,1,1,1,1
"Neuropeptides B/W receptor type 1",0.730810317460318,0.727119356261023,0.727119356261023,0.398623809523809,0.727119356261023,0.398623809523809,0.727119356261023,0.0664373015873016,0.727119356261023,0.727119356261023,1
"Nuclear receptor ROR-gamma",1,1,1,1,1,1,1,1,1,1,1
"DNA topoisomerase I",1,0.896903571428571,0.896903571428571,0.896903571428571,0.896903571428571,0.896903571428571,1,0.896903571428571,0.896903571428571,1,0.896903571428571
"Farnesyl diphosphate synthase",1,1,1,0.907976455026455,0.907976455026455,1,1,0.907976455026455,1,1,1
"Glucagon-like peptide 1 receptor",0.969984603174603,0.647763690476191,0.647763690476191,0.298967857142857,0.647763690476191,0.688100623582766,0.969984603174603,0.969984603174603,0.688100623582766,1,0.688100623582766
"Endothelin receptor ET-B",1,1,0.166093253968254,1,0.199311904761905,1,1,1,1,1,1
"Steroid 5-alpha-reductase 1",1,0.539803075396825,0.0996559523809524,0.465061111111111,1,1,1,1,1,1,0.465061111111111
"Vasopressin V2 receptor",1,1,1,1,1,1,1,1,1,1,1
"Somatostatin receptor 5",0.43184246031746,0.487206878306878,0.0332186507936508,0.710879126984127,1,1,1,0.710879126984127,1,1,1
"Histone-lysine N-methyltransferase, H3 lysine-79 specific",1,1,1,0.199311904761905,0.199311904761905,1,1,1,1,1,1
"Bromodomain-containing protein 3",1,1,1,1,1,0.365405158730159,0.644441825396825,0.365405158730159,0.644441825396825,1,0.409696693121693
"Cysteinyl leukotriene receptor 1",1,1,1,1,1,1,1,1,1,1,1
"Plasminogen",1,1,1,1,1,1,1,1,1,1,1
"Leukocyte adhesion glycoprotein LFA-1 alpha",1,1,1,0.930122222222222,1,1,1,1,1,1,1
"Somatostatin receptor 2",1,1,1,1,1,1,1,1,1,1,1
"Muscarinic acetylcholine receptor M4",0.747419642857143,1,1,1,1,1,1,0.664373015873016,1,1,1
"Inosine-5'-monophosphate dehydrogenase 1",1,0.808320502645503,0.332186507936508,1,1,0.963340873015873,1,0.0664373015873016,1,1,1
"Receptor protein-tyrosine kinase erbB-2",1,1,1,1,1,1,1,1,1,1,1
"TNF-alpha",1,1,1,1,1,1,1,1,1,1,1
"Phosphodiesterase 5A",1,0.880294246031746,1,1,0.880294246031746,0.365405158730159,0.983272063492064,0.880294246031746,1,1,1
"Serotonin 2b (5-HT2b) receptor",1,1,1,1,1,1,1,1,1,1,0.498279761904762
"Thromboxane-A synthase",0.61454503968254,1,1,0.808320502645503,0.61454503968254,0.43184246031746,1,1,0.84944835600907,0.808320502645503,0.61454503968254
"Prostanoid EP4 receptor",1,1,1,1,1,1,1,1,1,1,1
"Dopamine D5 receptor",0.514889087301587,1,0.365405158730159,1,0,1,1,0.514889087301587,1,1,0.544785873015873
"Somatostatin receptor 4",0.722505654761905,1,0.722505654761905,1,1,0.750741507936508,1,0,1,0.722505654761905,1
"Gonadotropin-releasing hormone receptor",0.873175963718821,1,1,0.498279761904762,0.873175963718821,0.873175963718821,0.697591666666667,1,0.873175963718821,1,0.873175963718821
"4-hydroxyphenylpyruvate dioxygenase",1,0.0775101851851852,1,0.0775101851851852,1,0.822161607142857,1,0.0775101851851852,1,1,1
"Tyrosine-protein kinase ABL",1,1,1,1,1,1,1,1,1,1,1
"Vascular endothelial growth factor receptor 1",1,1,1,1,1,1,1,0.647763690476191,1,1,0.647763690476191
"Tissue-type plasminogen activator",0.986593928571429,1,0.986593928571429,0.857041190476191,0.857041190476191,0.986593928571429,0.986593928571429,0.857041190476191,0.986593928571429,0.857041190476191,0.857041190476191
"Calcium sensing receptor",0.996559523809524,0.996559523809524,0.714200992063492,0.996559523809524,0.919049338624339,0.919049338624339,0.919049338624339,0.714200992063492,0.996559523809524,1,0.919049338624339
"Neuronal acetylcholine receptor protein alpha-4 subunit",1,1,0,0.902440013227513,1,0.0166093253968254,1,0.357100496031746,0.391980079365079,0.12180171957672,1
"Potassium channel, inwardly rectifying, subfamily J, member 11",1,1,1,1,1,1,1,1,1,1,1
"Vasopressin V1a receptor",1,1,0.0332186507936508,0.348795833333333,0.786174735449735,0.888598908730159,1,1,1,1,1
"Glutamate carboxypeptidase II",1,1,1,1,1,1,1,1,1,1,1
"Serotonin 1b (5-HT1b) receptor",1,1,1,1,1,1,1,1,1,1,1
"Serotonin 3a (5-HT3a) receptor",1,1,1,1,0.797247619047619,1,1,1,1,1,1
"Aldose reductase",1,1,1,1,0.265749206349206,1,1,1,1,1,1
"Glutamate [NMDA] receptor subunit epsilon 2",0.487206878306878,1,1,0.805552281746032,1,1,1,0.487206878306878,1,1,0.232530555555556
"Serine/threonine-protein kinase RAF",1,1,1,1,1,1,1,1,1,1,1
"Aminopeptidase N",1,0.265749206349206,1,0.896903571428571,1,1,1,1,1,0.714200992063492,1
"Cytochrome P450 11B1",1,1,1,1,1,1,1,1,1,1,1
"Butyrylcholinesterase",1,1,1,0.265749206349206,1,1,1,1,1,1,1
"Alpha-2c adrenergic receptor",1,1,1,1,1,1,1,1,1,1,1
"Melatonin receptor 1A",0.445129920634921,0.445129920634921,0.892158049886621,1,0.892158049886621,0.199311904761905,1,0.445129920634921,1,1,0.445129920634921
"Melatonin receptor 1B",1,0.963340873015873,1,0.963340873015873,0.963340873015873,0.963340873015873,0.963340873015873,0.963340873015873,1,0.863684920634921,1
"Thyroid hormone receptor beta-1",0.84375373015873,0.972831916099773,0.487206878306878,0.972831916099773,0.84375373015873,1,1,0.487206878306878,1,0.487206878306878,1
"Cyclophilin A",1,0.519041418650794,0.415233134920635,0.519041418650794,0.465061111111111,0.631154365079365,1,0.415233134920635,0.504923492063492,0.519041418650794,0.504923492063492
"Thymidylate synthase",0.481670436507937,0.845565656565657,0,0.481670436507937,0.481670436507937,0,0.845565656565657,0.055364417989418,0.797247619047619,0.481670436507937,0.157788591269841
"Vascular endothelial growth factor receptor 3",0.551429603174603,1,0.548107738095238,0.551429603174603,0.768181299603175,0.232530555555556,1,0.759283446712018,1,0.551429603174603,0.759283446712018
"Insulin-like growth factor I receptor",1,1,0.43184246031746,1,1,1,1,1,1,1,1
"Epoxide hydrolase 1",1,1,1,1,1,1,1,1,1,1,1
"Tyrosine-protein kinase receptor FLT3",1,0.415233134920635,0.755724305555556,0.504923492063492,0.254676322751323,1,0.755724305555556,0.0664373015873016,0.254676322751323,1,0.755724305555556
"Vitamin D receptor",1,1,1,1,1,1,1,0.797247619047619,1,1,1
"Cytochrome P450 19A1",1,1,1,1,1,1,1,1,1,1,1
"Insulin receptor",0.805552281746032,1,1,0.797247619047619,0.39862380952381,0.797247619047619,0.805552281746032,0.797247619047619,1,0.797247619047619,0.797247619047619
"Serotonin 1d (5-HT1d) receptor",1,1,1,1,1,1,1,1,1,1,1
"Inhibitor of nuclear factor kappa B kinase beta subunit",0.409696693121693,0.651085555555556,0.664373015873016,0.915885657596372,0.651085555555556,0.182702579365079,1,0.0664373015873016,1,1,1
"Prostanoid IP receptor",1,1,1,1,1,0.797247619047619,1,0.797247619047619,1,1,1
"Equilibrative nucleoside transporter 1",1,1,1,1,1,1,1,1,1,1,1
"Purinergic receptor P2Y12",1,1,1,1,1,1,1,1,1,1,1
"Retinoic acid receptor gamma",1,0.910191031746032,1,0.910191031746032,0.910191031746032,1,1,1,0.910191031746032,1,0.910191031746032
"Platelet-derived growth factor receptor alpha",0.287894973544974,0.290663194444444,0.287894973544974,0.574682658730159,0.354332275132275,0.39862380952381,0.39862380952381,0.287894973544974,0.574682658730159,1,0.354332275132275
"Retinoic acid receptor beta",1,1,1,1,1,1,1,1,1,1,0.564717063492064
"Nociceptin receptor",1,1,0.73911498015873,0.620081481481481,0.903547301587302,0.620081481481481,1,0.365405158730159,1,1,1
"Dihydrofolate reductase",1,1,0.298967857142857,1,0.863684920634921,1,1,0.874757804232804,1,0.913512896825397,1
"Epidermal growth factor receptor erbB1",1,0.722505654761905,0.310040740740741,1,0.310040740740741,1,1,0.310040740740741,1,1,1
"Muscarinic acetylcholine receptor M5",0.988254861111111,1,1,1,0.564717063492064,1,1,0.988254861111111,0.988254861111111,1,1
"Peptidyl-prolyl cis-trans isomerase FKBP5",0.838770932539683,0.838770932539683,0,0.0332186507936508,1,1,1,1,1,1,1
"Retinoic acid receptor alpha",0.21592123015873,1,0.406928472222222,0.0332186507936508,0.956697142857143,0.956697142857143,0.935658664021164,0.406928472222222,0.956697142857143,0.484992301587302,0.956697142857143
"Estrogen receptor alpha",1,1,0,1,1,1,1,1,1,1,1
"Beta-2 adrenergic receptor",1,1,1,1,1,1,1,1,1,1,1
"Cyclin T1",1,1,1,1,1,1,1,1,1,1,1
"Muscarinic acetylcholine receptor M2",0.551429603174603,0.714200992063492,0.783011054421769,0.265749206349206,0.0332186507936508,0.132874603174603,1,1,0.332186507936508,1,1
"Beta-1 adrenergic receptor",1,1,1,1,1,1,1,1,1,1,1
"Dopamine D2 receptor",0.874757804232804,1,0.855380257936508,0.265749206349206,0.874757804232804,0.855380257936508,1,1,1,1,0.265749206349206
"Beta-glucocerebrosidase",1,1,1,1,1,1,1,1,1,1,1
"Motilin receptor",1,1,1,1,0.055364417989418,0.055364417989418,1,0.055364417989418,1,1,1
"MAP kinase-activated protein kinase 2",0.199311904761905,0.988254861111111,1,0.199311904761905,0.988254861111111,1,0.988254861111111,0.988254861111111,0.988254861111111,1,0.988254861111111
"Cyclooxygenase-1",1,1,1,1,1,1,1,1,1,1,1
"Norepinephrine transporter",0.448451785714286,0.182702579365079,1,0.448451785714286,0.182702579365079,0.919049338624339,0.919049338624339,0.919049338624339,0.448451785714286,0.933444087301587,0.243603439153439
"Anandamide amidohydrolase",0.182702579365079,1,1,0.182702579365079,1,1,1,1,1,0.354332275132275,1
"Serotonin 2c (5-HT2c) receptor",1,1,0.764028968253968,1,0.764028968253968,1,1,0.232530555555556,1,1,1
"Dipeptidyl peptidase I",1,1,1,1,1,1,1,1,1,1,1
"Serotonin transporter",1,1,1,1,1,1,1,1,1,1,1
"Peroxisome proliferator-activated receptor alpha",0.41760589569161,0.741883201058201,0.741883201058201,0.41760589569161,0.0996559523809524,0.41760589569161,1,0.41760589569161,0.41760589569161,0.41760589569161,1
"HERG",1,1,0.43184246031746,0.30727251984127,0.647763690476191,1,1,0.30727251984127,0.996559523809524,0.30727251984127,0.30727251984127
"Epoxide hydratase",0.724166587301587,1,1,0.52319375,1,0.52319375,0.52319375,0.0664373015873016,1,1,1
"Phosphodiesterase 3A",0.545734977324263,1,0.442915343915344,1,0.0996559523809524,0.21592123015873,1,0.545734977324263,0.545734977324263,0.545734977324263,0.622849702380952
"C-C chemokine receptor type 1",1,0.686518783068783,0.686518783068783,1,1,1,1,0.365405158730159,0.810535079365079,1,0.810535079365079
"C-C chemokine receptor type 4",1,1,1,1,0.265749206349206,1,1,1,1,1,1
"Estrogen receptor beta",1,0.876972380952381,0,0.390319146825397,0.390319146825397,0.778265532879819,0.876972380952381,0.390319146825397,0.778265532879819,0.876972380952381,0.778265532879819
"Glyoxalase I",1,1,1,1,0.631154365079365,1,1,0.631154365079365,1,1,1
"Myosin light chain kinase, smooth muscle",0.188239021164021,1,0.0996559523809524,0.149483928571429,0.40526753968254,0.21592123015873,0.503025283446712,0.730810317460317,0.503025283446712,0.767350833333333,0.767350833333333
"Serine/threonine-protein kinase AKT2",1,0.376478042328042,1,1,1,1,0.376478042328042,1,0.376478042328042,1,1
"Interleukin-8 receptor B",1,1,1,1,1,1,1,1,1,1,1
"Myeloperoxidase",1,1,0.509352645502645,1,1,0.132874603174603,1,0.498279761904762,1,1,1
"Coagulation factor X",1,1,1,1,0.415233134920635,0.415233134920635,1,1,1,1,1
"Deoxycytidine kinase",1,1,1,1,1,1,1,1,1,1,1
"Muscarinic acetylcholine receptor M3",0.581326388888889,1,1,1,0.166093253968254,1,1,0.465061111111111,0.581326388888889,1,1
"Beta-3 adrenergic receptor",1,0.507770804988662,0.498279761904762,0.498279761904762,0.232530555555556,0.0996559523809524,1,0.498279761904762,0.498279761904762,1,1
"Death-associated protein kinase 3",1,0.747419642857143,0.0332186507936508,1,0.332186507936508,0.332186507936508,1,0.166093253968254,1,1,0.385336349206349
"Methionine aminopeptidase 1",1,1,1,1,1,1,1,1,1,1,1
"Leukocyte elastase",1,1,1,1,1,1,1,1,1,1,1
"Beta amyloid A4 protein",0.343259391534392,1,1,0.647763690476191,0.282358531746032,1,1,0.282358531746032,1,1,1
"Neurokinin 1 receptor",1,1,0.719737433862434,1,1,0.719737433862434,1,1,1,1,0.719737433862434
"Neuronal acetylcholine receptor protein alpha-7 subunit",1,0.265749206349206,1,1,1,0.597935714285714,1,0.631154365079365,1,0.597935714285714,0.348795833333333
"Adenosine A2a receptor",1,1,1,1,0.907976455026455,0.465061111111111,1,0.907976455026455,1,1,1
"Endothelin receptor ET-A",1,1,1,1,1,1,1,1,1,1,1
"Beta secretase 2",1,1,1,1,1,1,1,1,1,1,1
"Serine/threonine-protein kinase Chk2",1,1,1,1,1,1,1,1,1,1,1
"Cannabinoid CB2 receptor",1,1,1,1,1,1,1,1,1,1,1
"3-phosphoinositide dependent protein kinase-1",0.730810317460317,0.642227248677249,0.0332186507936508,0.083046626984127,0.642227248677249,1,1,0.642227248677249,1,1,0.642227248677249
"Phospholipase D1",1,1,0,1,0.657729285714286,0.657729285714286,0.747419642857143,0.166093253968254,0.657729285714286,0.991814002267574,1
"Phosphodiesterase 4A",1,1,0.83046626984127,0.83046626984127,0.232530555555556,0.808320502645503,1,0.808320502645503,0.83046626984127,1,0.991814002267574
"Adenosine A2b receptor",1,1,1,1,1,1,1,1,1,1,1
"Carboxypeptidase B",1,1,0.548107738095238,1,0.387550925925926,0.387550925925926,1,0.387550925925926,1,1,1
"Adenosine A3 receptor",1,1,1,1,1,0.564717063492064,1,1,1,1,1
"Histone deacetylase 5",0.790603888888889,0.790603888888889,1,1,1,1,0.790603888888889,1,0.790603888888889,1,0.790603888888889
"Liver glycogen phosphorylase",0.43184246031746,0.43184246031746,1,1,0.84375373015873,0.199311904761905,1,0.199311904761905,1,1,1
"Tyrosine-protein kinase LCK",1,1,0.0996559523809524,1,1,1,1,1,1,1,1
"Cathepsin D",1,1,1,1,1,1,1,1,1,1,1
"Melanocortin receptor 4",1,0.348795833333333,1,0.298967857142857,1,1,1,1,1,1,1
"Peptide N-myristoyltransferase 1",1,1,1,1,1,1,1,1,1,1,1
"Tyrosine-protein kinase SYK",1,0.847075595238095,1,1,1,1,1,0.847075595238095,1,1,1
"MAP kinase p38 alpha",0.783960158730159,0.783960158730159,1,1,0.43184246031746,0.783960158730159,1,0.783960158730159,1,1,1
"Carbonic anhydrase I",1,1,1,1,1,1,1,1,1,1,1
"Furin",0.797247619047619,0.498279761904762,1,0.797247619047619,1,0.498279761904762,1,1,1,1,0.82382253968254
"Tryptase beta-1",1,1,1,1,1,0.332186507936508,1,1,1,1,1
"Glycogen synthase kinase-3 beta",0.583699149659864,0.583699149659864,0.583699149659864,0.39862380952381,1,0.583699149659864,0.797247619047619,0.583699149659864,1,1,0.583699149659864
"Dual specificity protein phosphatase 3",1,1,1,1,1,1,1,1,1,1,1
"c-Jun N-terminal kinase 3",1,1,0.498279761904762,1,0.0996559523809524,1,1,0.448451785714286,1,1,1
"Histamine H3 receptor",0.886937976190476,0.240835218253968,0.420769576719577,0.419385466269841,0.315577182539683,0.240835218253968,0.240835218253968,0.0332186507936508,1,0.419385466269841,0.315577182539683
"Phosphodiesterase 2A",1,1,1,1,0.752956084656085,0.752956084656085,1,0.752956084656085,0.910191031746032,1,0.910191031746032
"Adenosylhomocysteinase",1,1,1,1,1,1,1,1,1,1,1
"Tyrosine-protein kinase SRC",1,1,1,1,1,1,1,1,1,1,1
"Cathepsin K",1,0.609008597883598,1,1,1,0.298967857142857,1,0.61454503968254,1,0.609008597883598,0.890259841269841
"Macrophage-stimulating protein receptor",1,1,1,1,1,1,1,0.199311904761905,1,1,1
"Cystinyl aminopeptidase",1,0.757385238095238,1,0.354332275132275,0.354332275132275,1,1,0.354332275132275,0.757385238095238,1,1
"Focal adhesion kinase 1",1,1,0.890259841269841,1,0.890259841269841,0.890259841269841,1,0.890259841269841,1,0.890259841269841,1
"Mitogen-activated protein kinase kinase kinase 11",0.73911498015873,0.910191031746032,1,1,1,0.73911498015873,1,0.73911498015873,1,1,0.73911498015873
"Histone deacetylase 7",1,1,1,1,1,1,1,1,1,1,1
"Phosphodiesterase 11A",1,0.697591666666667,1,0.43184246031746,1,1,1,1,1,1,1
"Cytochrome P450 11B2",1,0.852612037037037,1,1,0.852612037037037,1,1,0.365405158730159,1,1,1
"Protein-glutamine gamma-glutamyltransferase",1,1,1,1,1,1,1,0.166093253968254,1,1,1
"Phospholipase D2",0.357100496031746,0.357100496031746,0.966662738095238,0.0166093253968254,0.357100496031746,0.21592123015873,0.177166137566138,0.0166093253968254,0.966662738095238,0.975420382395382,0.357100496031746
"Metabotropic glutamate receptor 4",1,0.722505654761905,0.498279761904762,1,0.722505654761905,1,1,1,1,1,0.722505654761905
"C-C chemokine receptor type 5",1,1,1,1,0.941195105820106,0.764028968253968,1,1,0.941195105820106,1,1
"Fibroblast growth factor receptor 3",0.797247619047619,0.631154365079365,0.348795833333333,0.548107738095238,0.348795833333333,0.548107738095238,1,0.631154365079365,1,1,1
"Phosphodiesterase 4B",0.906869166666667,1,0.906869166666667,0.332186507936508,0.376478042328042,0.906869166666667,0.906869166666667,0.906869166666667,0.906869166666667,0.906869166666667,0.376478042328042
"Ileal bile acid transporter",0.343259391534392,1,0.343259391534392,1,1,0.780638293650794,1,0.343259391534392,1,1,1
"Integrin alpha-4",1,1,1,1,0.813856944444445,1,1,1,1,0.813856944444445,1
"Sodium/hydrogen exchanger 1",0.110728835978836,1,1,0.983272063492064,0.110728835978836,1,1,0.110728835978836,1,1,0.838770932539683
"Acyl coenzyme A:cholesterol acyltransferase 1",0.453988227513228,0.453988227513228,0.453988227513228,0.43184246031746,0.498279761904762,0.734962648809524,1,0.453988227513228,1,1,0.453988227513228
"Estradiol 17-beta-dehydrogenase 2",1,0.586862830687831,0.365405158730159,0.0664373015873016,1,1,1,1,0.797247619047619,0.910191031746032,1
"Vascular endothelial growth factor receptor 2",1,1,1,1,1,1,1,0.332186507936508,1,1,0.332186507936508
"Matrix metalloproteinase 13",0.900225436507937,0.889521649029982,1,0.889521649029982,0.889521649029982,0.889521649029982,0.889521649029982,0.889521649029982,0.889521649029982,0.889521649029982,0.889521649029982
"Tyrosine-protein kinase ZAP-70",1,0.963340873015873,1,0.963340873015873,1,1,1,1,1,1,1
"LXR-alpha",1,0.963340873015873,0.199311904761905,0.254676322751323,1,1,1,0.440147123015873,1,1,0.166093253968254
"Protein-glutamine gamma-glutamyltransferase K",0.453988227513228,0.621663321995465,0.544785873015873,0.903547301587302,0.453988227513228,0.903547301587302,0.759876636904762,0.575789947089947,0.969380627705628,0.544785873015873,0.43184246031746
"Nerve growth factor receptor Trk-A",0.692055224867725,1,0.637798095238095,0.816229705215419,0.637798095238095,1,1,0.637798095238095,1,0.637798095238095,0.637798095238095
"Coagulation factor XI",1,1,1,1,0.199311904761905,1,1,1,1,1,1
"Casein kinase I delta",1,1,0.971645535714286,1,1,1,1,1,0.971645535714286,0.971645535714286,0.971645535714286
"Matrix metalloproteinase 3",1,1,0.453988227513228,0.680982341269841,0.265749206349206,0.453988227513228,0.84375373015873,1,1,1,1
"Tyrosine-protein kinase JAK1",1,1,0.913512896825397,1,0.764028968253968,1,1,1,1,1,1
"Dipeptidyl peptidase IV",1,0.819393386243386,1,1,1,1,1,0.819393386243386,1,1,0.819393386243386
"Serine/threonine-protein kinase mTOR",1,0.847075595238095,1,1,1,0.847075595238095,1,1,1,1,1
"Glycogen synthase kinase-3 alpha",1,1,1,1,1,1,1,1,1,1,1
"Renin",0.993237658730159,0.993237658730159,0.0332186507936508,1,0.993237658730159,0.880294246031746,0.993237658730159,0.993237658730159,0.993237658730159,0.993237658730159,0.993237658730159
"Sigma opioid receptor",1,1,0.930122222222222,1,1,0.0664373015873016,1,0.647763690476191,1,1,1
"Mitogen-activated protein kinase kinase kinase 9",1,1,1,1,1,1,1,1,1,1,1
"Phosphodiesterase 4D",0.863684920634921,0.777316428571429,0.786174735449735,0.697591666666667,0,0.963340873015873,1,0.697591666666667,0.777316428571429,0.963340873015873,0.863684920634921
"Carbonic anhydrase III",0.986593928571429,1,0.0332186507936508,0.983272063492064,0.986593928571429,0.586862830687831,0.983272063492064,0.0498279761904762,0.986593928571429,0.986593928571429,0.986593928571429
"Hematopoietic cell protein-tyrosine phosphatase 70Z-PEP",0.647763690476191,0.764028968253968,0.647763690476191,1,0.764028968253968,0.764028968253968,1,0.719737433862434,1,1,0.764028968253968
"Phosphodiesterase 3B",0.0332186507936508,1,1,0.0442915343915344,0.298967857142857,1,1,0.0442915343915344,1,1,1
"Arachidonate 15-lipoxygenase",1,1,0.597935714285714,0.597935714285714,1,0.597935714285714,1,0.597935714285714,1,1,1
"Phosphodiesterase 4C",0.166093253968254,0.840431865079365,1,0.166093253968254,0.298967857142857,0.840431865079365,0.651085555555556,0.651085555555556,0.840431865079365,0.840431865079365,0.840431865079365
"Telomerase reverse transcriptase",1,1,0.39862380952381,1,1,1,1,1,1,1,1
"Protein kinase C gamma",0.84944835600907,0.84944835600907,0.84944835600907,1,0.282358531746032,0.84944835600907,1,0.282358531746032,1,0.84944835600907,1
"Cathepsin S",0.963340873015873,1,1,0.963340873015873,1,1,1,1,1,1,1
"Sphingosine 1-phosphate receptor Edg-5",0.858148478835979,0.858148478835979,0,0.083046626984127,0.487206878306878,1,1,1,0.838770932539683,1,1
"Tyrosine-protein kinase ITK/TSK",1,1,0.448451785714286,1,0.149483928571429,0.298967857142857,1,0,1,1,1
"Dual specificity mitogen-activated protein kinase kinase 2",1,1,1,1,1,1,1,1,1,1,1
"Tyrosine-protein kinase JAK2",1,1,0.730810317460317,1,1,1,0.979950198412698,0.979950198412698,1,0.979950198412698,1
"Rho-associated protein kinase 2",1,1,0.697591666666667,0.802784060846561,1,0.697591666666667,0.697591666666667,0.132874603174603,1,0.802784060846561,1
"Cholecystokinin B receptor",1,1,0.531498412698413,1,1,1,1,1,1,1,1
"Protein kinase C alpha",1,1,1,1,1,1,1,1,1,1,1
"Protein kinase C delta",1,1,1,1,1,1,1,1,1,1,1
"P2X purinoceptor 3",0.15502037037037,0.551429603174603,1,0.15502037037037,0.959188541666667,0.847075595238095,0.959188541666667,0.15502037037037,1,0.30727251984127,1
"Multidrug resistance-associated protein 1",1,1,1,1,1,1,1,1,1,1,1
"Receptor protein-tyrosine kinase erbB-4",1,0.819393386243386,0.819393386243386,1,0.91166741622575,0.819393386243386,0.819393386243386,0.265749206349206,0.819393386243386,0.91166741622575,0.91166741622575
"Cyclin-dependent kinase 2",1,1,1,1,0.481670436507937,0.919049338624339,1,0.0664373015873016,1,1,1
"Phosphodiesterase 7A",1,0.465061111111111,0.85419387755102,0.85419387755102,0.859993959435626,0.465061111111111,0.85419387755102,1,0.465061111111111,0.465061111111111,0.859993959435626
"Matriptase",1,0.772333630952381,0.772333630952381,1,0.883616111111111,0.772333630952381,0.892751240079365,0.892751240079365,0.892751240079365,1,0.772333630952381
"Sphingosine kinase 2",1,1,1,1,1,1,1,1,1,1,1
"Serine/threonine-protein kinase PLK1",1,1,1,1,1,1,1,1,1,1,1
"Carbonic anhydrase VI",0.418555,1,0.166093253968254,0.166093253968254,0.166093253968254,0.911140136054422,1,1,1,0.714200992063492,0.166093253968254
"Protein kinase C beta",1,1,1,0.797247619047619,0.199311904761905,1,1,1,1,1,1
"Cyclin-dependent kinase 7",0.531498412698413,0.531498412698413,0.531498412698413,0.531498412698413,0.664373015873016,0.531498412698413,0.531498412698413,0.870328650793651,0.870328650793651,1,0.531498412698413
"Glycine transporter 2",0.944358786848073,1,0.944358786848073,0.944358786848073,1,0.944358786848073,0.944358786848073,1,0.944358786848073,1,0.944358786848073
"Cyclin-dependent kinase 1",0.800569484126984,0.800569484126984,0.800569484126984,0.800569484126984,0.43184246031746,0.800569484126984,0.800569484126984,0.800569484126984,0.800569484126984,1,0.800569484126984
"Excitatory amino acid transporter 1",1,1,1,1,1,1,1,1,1,1,1
"Plasma retinol-binding protein",0,1,1,0,0.61454503968254,1,0.453988227513228,1,0.903547301587302,1,1
"Poly [ADP-ribose] polymerase-1",0.470597552910053,0.85893939909297,0.470597552910053,0.0332186507936508,0.975797867063492,0.265749206349206,0.470597552910053,0.470597552910053,0.989177601410935,1,1
"Thymidine phosphorylase",1,1,1,1,1,1,1,1,1,1,1
"Cyclin-dependent kinase 9",0.952267989417989,1,0.775101851851852,0.465061111111111,1,0.465061111111111,0.952267989417989,1,0.952267989417989,1,1
"PI3-kinase p110-delta subunit",1,0.863684920634921,0.989915793650794,1,1,0.863684920634921,1,1,0.863684920634921,1,0.863684920634921
"DNA-dependent protein kinase",1,1,1,0.39862380952381,1,1,1,1,1,1,1
"PI3-kinase p110-beta subunit",1,1,1,1,1,1,1,1,1,1,1
"Serotonin 7 (5-HT7) receptor",1,1,0.752956084656085,0.752956084656085,1,0.752956084656085,0.752956084656085,0.752956084656085,1,0.752956084656085,1
"Bradykinin B2 receptor",0.49274332010582,0.49274332010582,0.448451785714286,0.448451785714286,1,0.49274332010582,1,0.49274332010582,1,1,0.550480498866213
"Protein-tyrosine phosphatase 1C",1,0.967493204365079,1,0.967493204365079,0.0332186507936508,0.967493204365079,0.967493204365079,0.967493204365079,0.967493204365079,0.970722795414462,0.083046626984127
"Carboxylesterase 2",1,1,1,1,0.43184246031746,1,1,1,1,1,1
"Estradiol 17-beta-dehydrogenase 1",1,1,1,1,1,1,1,1,1,1,1
"Histone deacetylase 8",0.752956084656085,1,1,1,1,0.752956084656085,1,0.697591666666667,1,1,1
"Prolyl endopeptidase",1,0.132874603174603,0.166093253968254,0.249139880952381,0.132874603174603,0.132874603174603,1,0.132874603174603,0.911140136054422,1,0.946731547619048
"Matrix metalloproteinase 9",1,1,1,1,1,0.498279761904762,1,0.979950198412698,1,0.979950198412698,0.498279761904762
"CD22",1,0.84470283446712,0.84470283446712,0.84470283446712,0.942579216269841,0.764028968253968,0.84470283446712,0.84470283446712,1,0.84470283446712,1
"Metabotropic glutamate receptor 5",1,1,1,1,1,1,1,1,0.465061111111111,0.880294246031746,1
"Sphingosine 1-phosphate receptor Edg-6",0.772333630952381,1,1,0.653300132275132,0.232530555555556,1,1,0,1,1,1
"Rho-associated protein kinase 1",1,1,0.83711,1,0.43184246031746,0.83711,1,0,1,1,0.83711
"Tyrosine-protein kinase HCK",0.813856944444444,1,0.166093253968254,0.813856944444444,0.813856944444444,0.813856944444444,1,0.0996559523809524,1,1,1
"Carbonic anhydrase XII",1,1,1,1,1,1,1,0.298967857142857,1,1,1
"Histone deacetylase 1",1,1,1,1,1,1,1,1,1,1,1
"Lysophosphatidic acid receptor Edg-7",1,1,1,1,1,1,1,1,1,1,1
"PI3-kinase p110-gamma subunit",1,1,0.0332186507936508,0.855380257936508,1,0.855380257936508,1,0.332186507936508,1,1,1
"PI4-kinase beta subunit",1,0.21592123015873,0.654881972789116,0.420769576719577,0.12180171957672,0.12180171957672,1,0.12180171957672,1,0.859532589285714,0.420769576719577
"Cathepsin L2",1,1,1,1,1,1,1,1,1,1,1
"Urokinase-type plasminogen activator",1,0.863684920634921,0.0332186507936508,0.863684920634921,1,0.863684920634921,1,0.0332186507936508,0.863684920634921,1,1
"Testis-specific androgen-binding protein",1,0.977577437641723,0.974413756613757,0.631154365079365,1,0.382014484126984,1,0.382014484126984,1,0.974413756613757,0.73911498015873
"Caspase-6",1,1,1,1,1,1,1,0.0332186507936508,1,1,0.747419642857143
"Cyclin-dependent kinase 4",0.824929828042328,1,1,0.824929828042328,0.824929828042328,0.824929828042328,0.824929828042328,0.824929828042328,1,1,1
"Histone deacetylase 11",0.448451785714286,0.969380627705628,0.750741507936508,0.969380627705628,0.750741507936508,0.332186507936508,0.969380627705628,0.969380627705628,0.969380627705628,0.969380627705628,0.750741507936508
"Sodium-dependent proline transporter",1,1,1,1,1,1,1,0.930122222222222,1,1,1
"Matrix metalloproteinase-1",1,1,1,1,1,1,1,1,1,1,1
"Matrix metalloproteinase-2",0.597935714285714,0.597935714285714,0.884446577380952,1,0.915358377425044,0.132874603174603,0.916834761904762,0.597935714285714,0.597935714285714,0.597935714285714,0.597935714285714
"Protein-tyrosine phosphatase 1B",0.631154365079365,1,0.498279761904762,1,0.967493204365079,0.55364417989418,0.757385238095238,0.498279761904762,1,0.967493204365079,0.967493204365079
"Acetyl-CoA carboxylase 1",1,0.647763690476191,1,0.332186507936508,1,0.365405158730159,0.896903571428572,1,1,0.647763690476191,1
"Serotonin 6 (5-HT6) receptor",0.621663321995465,0.621663321995465,0.257444543650794,0.621663321995465,0.21592123015873,0.243603439153439,1,0.21592123015873,0.800938580246914,1,0.797247619047619
"MAP kinase ERK1",1,1,1,1,1,0.996559523809524,1,1,1,1,0.996559523809524
"Cytochrome P450 2C9",0.905208234126984,1,0.905208234126984,1,0.905208234126984,0.905208234126984,0.905208234126984,0.905208234126984,1,0.905208234126984,0.905208234126984
"Probable G-protein coupled receptor 88",1,1,1,0.0332186507936508,1,1,1,1,1,1,1
"Cytochrome P450 3A4",1,1,1,0.166093253968254,0.166093253968254,0.418555,1,0.166093253968254,1,1,0.166093253968254
"Pregnane X receptor",1,1,0.39862380952381,0.564717063492063,1,0.870328650793651,0.870328650793651,1,1,1,0.39862380952381
"Carboxypeptidase B2 isoform A",0.440147123015873,1,1,1,0.440147123015873,0.478348571428571,1,0.440147123015873,0.440147123015873,1,0.786174735449735
"Serotonin 5a (5-HT5a) receptor",1,1,1,1,0,1,1,0,1,1,1
"Estrogen-related receptor alpha",0.518210952380952,1,1,1,0.518210952380952,0.518210952380952,1,0.518210952380952,1,1,0.518210952380952
"Amine oxidase, copper containing",1,1,1,1,1,1,1,1,1,1,1
"Protein kinase C zeta",0.182702579365079,0.925376700680272,1,0.0996559523809524,0.925376700680272,0.182702579365079,0.531498412698413,0.182702579365079,1,1,1
"Melanin-concentrating hormone receptor 1",0.863684920634921,1,0.95503621031746,0.95503621031746,0.39862380952381,1,1,1,1,1,1
"Caspase-7",1,0.664373015873016,1,0.963340873015873,0.448451785714286,1,1,0.448451785714286,0.664373015873016,1,1
"C-C chemokine receptor type 3",1,1,1,1,1,0.343259391534392,1,0.132874603174603,1,1,0.343259391534392
"Phospholipase A2 group IIA",1,1,1,1,1,0.564717063492064,1,0.564717063492064,1,1,1
"Plasminogen activator inhibitor-1",1,1,0.310040740740741,0.310040740740741,0.83046626984127,1,0.671016746031746,0.0664373015873016,1,1,0.323881845238095
"Inhibitor of nuclear factor kappa B kinase alpha subunit",1,1,1,1,1,1,1,1,1,1,1
"Proteasome Macropain subunit",1,1,1,1,0.747419642857143,1,1,0.747419642857143,1,1,1
"Carbonic anhydrase XIV",1,1,0.61454503968254,0.944358786848073,0.944358786848073,0.697591666666667,0.810535079365079,0,1,0.810535079365079,1
"LDL-associated phospholipase A2",1,1,0.0332186507936508,1,1,0.597935714285714,1,1,1,0.664373015873016,1
"Cytochrome P450 17A1",0.0498279761904762,1,0.199311904761905,0,1,1,0.597935714285714,1,1,1,0.506584424603175
"Histone deacetylase 4",1,1,1,1,1,1,1,1,1,1,1
"Inhibitor of nuclear factor kappa B kinase epsilon subunit",1,1,1,1,1,0.465061111111111,1,1,1,1,1
"Phosphodiesterase 9A",1,0.61454503968254,1,0.61454503968254,1,1,1,1,1,1,1
"Tyrosine-protein kinase TYK2",0.722505654761905,1,1,1,0.722505654761905,0.564717063492064,1,0.722505654761905,1,1,1
"Steryl-sulfatase",1,0.780638293650794,0.797247619047619,1,0.365405158730159,0.780638293650794,0.780638293650794,0.780638293650794,1,1,0.780638293650794
"Nitric-oxide synthase, brain",1,1,1,1,1,1,1,1,1,1,1
"Cholesteryl ester transfer protein",1,0.941195105820106,0.941195105820106,1,0.30727251984127,0.254676322751323,1,0.0332186507936508,1,0.132874603174603,1
"Protein kinase C epsilon",1,1,0.631154365079365,0.941195105820106,1,1,1,0.941195105820106,1,1,1
"Dual specificity mitogen-activated protein kinase kinase 1",1,1,1,1,1,1,1,1,1,1,1
"Adenosine kinase",1,1,1,1,1,1,1,1,1,1,1
"Hormone sensitive lipase",1,0.741883201058201,0,1,1,0.0885830687830688,1,0.0498279761904762,0.245818015873016,0.149483928571429,1
"Carbonic anhydrase IX",1,1,1,1,0.664373015873016,1,1,1,1,1,1
"Protein kinase C eta",0.892158049886621,0.387550925925926,0.542571296296296,0.43184246031746,0.9448860670194,1,1,0.387550925925926,0.542571296296296,0.913512896825397,0.387550925925926
"Cytochrome P450 2C19",1,0.730810317460317,0,0.465061111111111,1,0.0332186507936508,0.578953628117914,0.0166093253968254,0.146162063492064,0.146162063492064,1
"Quinone reductase 1)",0.990519769119769,0.990519769119769,0.581326388888889,0.581326388888889,0.990519769119769,0.990519769119769,0.990519769119769,0.990519769119769,0.990519769119769,0.990519769119769,0.990519769119769
"Casein kinase II alpha",1,1,1,1,1,1,1,1,1,1,1
"Opioid growth factor receptor-like protein 1",0.514889087301587,1,1,0.514889087301587,1,1,1,1,1,1,1
"Kininogen-1",1,1,0.697591666666667,1,1,1,1,1,1,1,1
"Acetyl-coenzyme A transporter 1",1,1,0.0166093253968254,1,1,1,1,0,1,1,1
"Fibroblast growth factor receptor 1",1,1,1,1,0.631154365079365,1,1,1,1,1,1
"PI4-kinase alpha subunit",0.440147123015873,1,0.232530555555556,0.0166093253968254,1,1,0.967493204365079,0,0.967493204365079,0.592399272486772,0.518210952380952
"Arachidonate 12-lipoxygenase",1,1,1,1,1,1,1,1,1,1,1
"Autotaxin",1,1,1,1,0.465061111111111,1,1,1,0.730810317460317,1,0.465061111111111
"ADAM17",0.382014484126984,1,0.332186507936508,1,1,1,1,1,1,1,0.420769576719577
"Prostanoid EP3 receptor",0.880294246031746,0.880294246031746,0.880294246031746,0.880294246031746,0.880294246031746,0.880294246031746,1,0.880294246031746,1,1,0.880294246031746
"Hepatocyte growth factor receptor",1,1,1,1,0.365405158730159,1,0.913512896825397,0.365405158730159,1,1,0.365405158730159
"Carbonic anhydrase IV",1,1,1,1,1,1,1,1,1,1,1
"11-beta-hydroxysteroid dehydrogenase 2",0.415233134920635,0.61454503968254,1,0.453988227513228,0.453988227513228,0.453988227513228,1,0.453988227513228,0.522007369614512,1,0.415233134920635
"Histamine H4 receptor",1,1,1,1,1,1,1,1,1,1,1
"Beta-glucosidase",1,1,1,1,1,1,1,1,1,1,1
"Urotensin II receptor",1,1,1,1,1,1,1,1,1,1,1
"Metabotropic glutamate receptor 1",1,1,1,1,0.697591666666667,0.0664373015873016,1,0.0664373015873016,1,1,1
"Dual specificity phosphatase Cdc25A",0.265749206349206,0.265749206349206,0.465061111111111,1,0.0166093253968254,0.265749206349206,0.759283446712018,0,1,1,1
"Caspase-8",1,1,1,1,1,1,1,1,1,1,1
"Interleukin-1 receptor-associated kinase 4",1,1,0.564717063492064,0.564717063492064,0.838770932539683,1,1,1,0.83046626984127,1,1
"Histone acetyltransferase p300",1,1,1,1,1,1,1,1,1,1,1
"Hydroxycarboxylic acid receptor 2",1,0.487206878306878,0.880294246031746,1,1,0.487206878306878,1,1,0.487206878306878,1,1
"Serine/threonine-protein kinase PLK4",0.919049338624339,1,1,0.82382253968254,0.298967857142857,0.82382253968254,0.82382253968254,0.564717063492064,0.949104308390023,1,1
"Melanocortin receptor 1",1,1,0.332186507936508,0.697591666666667,1,1,1,1,1,1,1
"Calcitonin gene-related peptide type 1 receptor",1,1,1,1,1,1,1,1,1,1,1
"T-cell protein-tyrosine phosphatase",1,1,1,0.465061111111111,0.232530555555556,0.265749206349206,1,1,1,1,0.265749206349206
"Cytosolic phospholipase A2",0.149483928571429,0.514889087301587,0.199311904761905,0,0.514889087301587,1,0.851227926587302,0.514889087301587,1,1,0.768774489795918
"Hexokinase type IV",1,1,0.863684920634921,1,1,1,1,1,1,1,0.863684920634921
"Serine/threonine-protein kinase NEK2",1,0.905208234126984,0.15502037037037,1,0.0996559523809524,0.635899886621315,1,0.0996559523809524,0.456756448412698,0.603472156084656,0.603472156084656
"LIM domain kinase 1",0.863684920634921,0.983272063492064,0.983272063492064,0.983272063492064,1,1,1,1,1,0.983272063492064,1
"Cathepsin L",0.940087817460317,0.940087817460317,0.764028968253968,1,0,0.940087817460317,0.940087817460317,0.149483928571429,0.940087817460317,0.940087817460317,0.940087817460317
"Protein kinase C mu",1,1,1,1,1,1,1,1,1,1,1
"Protein-tyrosine phosphatase 2C",1,1,0.298967857142857,1,1,1,1,0.874757804232804,1,0.647763690476191,1
"Matrix metalloproteinase 14",0.805552281746032,0.476133994708995,0.968877314814815,0.476133994708995,1,1,0.968877314814815,1,1,0.476133994708995,1
"Heat shock protein HSP 90-alpha",1,1,0.0996559523809524,1,0.0996559523809524,1,1,1,1,1,1
"Sodium/glucose cotransporter 2",1,1,1,1,1,1,1,1,1,1,1
"Calpain 1",1,1,0.0332186507936508,1,1,1,1,0.0498279761904762,1,1,1
"Sphingosine 1-phosphate receptor Edg-3",1,1,1,1,1,1,1,1,1,1,1
"Bone morphogenetic protein 1",1,1,1,1,0.382014484126984,0.442915343915344,1,0.0996559523809524,1,1,1
"Glutathione S-transferase Pi",1,0.870328650793651,0.166093253968254,0.0664373015873016,1,0.90936056547619,0.542571296296296,0.90936056547619,0.870328650793651,0.90936056547619,1
"Tyrosine-protein kinase Lyn",1,1,1,0.697591666666667,1,1,1,0.697591666666667,1,0.697591666666667,0.697591666666667
"Ribosomal protein S6 kinase alpha 2",1,1,1,0.221457671957672,0.0332186507936508,0.788942956349206,0.89136712962963,0.0332186507936508,0.89136712962963,1,1
"Carbonic anhydrase XIII",0.689287003968254,1,1,1,0.631154365079365,0.199311904761905,1,0.631154365079365,1,1,1
"Complement C1s",1,1,1,1,1,1,1,1,1,1,1
"Protein kinase C theta",1,1,1,1,1,1,1,1,1,1,1
"Heparanase",1,1,1,1,1,1,1,1,1,1,1
"Methionine aminopeptidase 2",1,0.987068480725623,0.987068480725623,0.987068480725623,0.987068480725623,1,0.987068480725623,0.298967857142857,0.987068480725623,1,1
"Serine/threonine-protein kinase Aurora-C",1,1,1,1,1,1,1,1,1,1,1
"Quinone reductase 2",1,1,1,1,1,1,1,1,1,1,1
"MAP kinase p38 beta",0.110728835978836,0.338830238095238,0.110728835978836,0.365405158730159,0.649609171075838,0.21592123015873,0.649609171075838,1,1,0.649609171075838,0
"Carbonic anhydrase VB",0.531498412698413,0.87614191468254,0.87614191468254,0.863684920634921,1,0.531498412698413,1,0.87614191468254,0.87614191468254,1,0.764028968253968
"GAR transformylase",1,1,0.963340873015873,1,1,1,1,1,1,1,1
"Proteinase-activated receptor 1",1,1,1,1,1,1,1,1,1,1,1
"Fructose-1,6-bisphosphatase",0.83046626984127,1,1,0.39862380952381,1,1,1,1,1,1,1
"Dipeptidyl peptidase II",1,0.717522857142857,0.717522857142857,0.717522857142857,1,1,1,0.717522857142857,1,1,0.717522857142857
"Peroxisome proliferator-activated receptor delta",0.824929828042328,1,0.824929828042328,0.498279761904762,1,0.824929828042328,1,1,1,0.824929828042328,0.824929828042328
"Serine/threonine-protein kinase 10",0.836002711640212,1,0.803891349206349,1,0.803891349206349,0.803891349206349,1,0.803891349206349,1,1,0.803891349206349
"Dual specificity protein kinase TTK",1,1,1,1,0.896903571428571,1,1,1,1,1,1
"Coagulation factor VII",0.70866455026455,1,0.70866455026455,0.43184246031746,0.892751240079365,0.892751240079365,0.892751240079365,0.892751240079365,1,0.892751240079365,1
"PI3-kinase p110-alpha subunit",1,0.917665228174603,0.778265532879819,0.736346759259259,0.177166137566138,0.083046626984127,1,0,1,0.677660476190476,0.677660476190476
"Tyrosine-protein kinase ABL2",1,1,1,1,1,1,1,1,1,1,1
"C-C chemokine receptor type 2",1,0.83046626984127,1,0.199311904761905,1,1,1,0.520425529100529,1,1,0.43184246031746
"Glutamate receptor ionotropic, AMPA 2",1,0.199311904761905,1,1,1,1,1,1,1,1,1
"Neuropeptide Y receptor type 2",0.476133994708995,0.476133994708995,0.531498412698413,0.476133994708995,0.476133994708995,0.476133994708995,1,0.564717063492064,1,0.564717063492064,0.476133994708995
"HMG-CoA reductase",1,1,1,1,1,1,1,0.465061111111111,1,1,1
"Signal transducer and activator of transcription 3",0.507770804988662,0.265749206349206,0,0.083046626984127,1,0.507770804988662,0.507770804988662,0.507770804988662,0.896903571428571,0.913512896825397,0.896903571428571
"Interleukin-8 receptor A",0.722505654761905,0.692846145124717,0.692846145124717,0.692846145124717,1,0.692846145124717,0.692846145124717,1,0.692846145124717,1,0.692846145124717
"Cyclin-dependent kinase 5",0.819393386243386,0.819393386243386,0.819393386243386,1,0.819393386243386,1,0.819393386243386,0.819393386243386,0.819393386243386,0.819393386243386,0.819393386243386
"MAP kinase ERK2",1,1,0.714200992063492,0.617866904761905,0.343259391534392,0,1,0.343259391534392,0.617866904761905,1,1
"Cystic fibrosis transmembrane conductance regulator",1,1,1,1,1,1,1,1,1,1,1
"Chymase",1,0.182702579365079,0.458417380952381,0.373709821428571,1,0.182702579365079,1,0.373709821428571,0.896903571428571,0.686518783068783,1
"Casein kinase II alpha (prime)",1,1,1,1,0.365405158730159,1,1,1,1,1,1
"Cathepsin B",1,1,1,1,1,1,1,0.0664373015873016,1,1,1
"Matrix metalloproteinase 7",1,0.083046626984127,0.89136712962963,1,0.81717880952381,0.083046626984127,1,0.476133994708995,1,1,0.81717880952381
"Bombesin receptor subtype-3",1,1,1,1,1,1,1,0.199311904761905,1,1,1
"LXR-beta",1,1,0,1,0.348795833333333,1,1,0.487206878306878,1,0.988254861111111,1
"Neurotensin receptor 1",1,1,1,0.996559523809524,1,1,1,1,1,1,1
"Tyrosine-protein kinase TIE-2",1,1,0.83046626984127,1,1,1,1,1,1,1,1
"Fibroblast growth factor receptor 2",0.887412528344671,1,1,0.887412528344671,0.887412528344671,1,0.887412528344671,0.887412528344671,0.887412528344671,1,0.887412528344671
"Histone deacetylase 9",1,0.775101851851852,0.531498412698413,1,1,1,1,1,0.548107738095238,1,1
"Fatty acid synthase",1,0.778265532879819,1,1,0.498279761904762,0.90936056547619,0.642227248677249,0.642227248677249,0.642227248677249,0.642227248677249,0.642227248677249
"c-Jun N-terminal kinase 2",1,1,1,1,1,1,1,1,1,1,1
"Sodium channel protein type II alpha subunit",1,1,1,1,1,1,1,1,1,1,1
"Monoglyceride lipase",0.89136712962963,1,1,0.89136712962963,0.149483928571429,1,1,0.149483928571429,0.89136712962963,1,0.89136712962963
"Inhibitor of apoptosis protein 3",1,1,1,1,1,1,1,1,1,1,1
"Serine/threonine-protein kinase 2",1,1,1,1,1,1,1,1,1,1,1
"Dual specificity protein kinase CLK4",1,0.564717063492063,0.791711177248677,0.604579444444444,1,0.604579444444444,0.913512896825397,0.39862380952381,0.564717063492063,1,0.913512896825397
"MAP kinase signal-integrating kinase 2",1,1,0.647763690476191,0.647763690476191,0.647763690476191,0.531498412698413,0.863684920634921,1,1,1,1
"Proteasome component C5",1,1,1,1,1,1,1,1,1,1,1
"Tyrosine-protein kinase FRK",1,1,1,1,0.382014484126984,1,1,0.382014484126984,1,1,1
"Dual specificty protein kinase CLK1",1,1,0.910191031746032,1,0.0664373015873016,1,1,0.664373015873016,0.910191031746032,0.70866455026455,1
"Dual specificity protein kinase CLK2",0.671016746031746,1,0.556412400793651,0.671016746031746,0.671016746031746,0,0.671016746031746,0.0332186507936508,0.671016746031746,0.556412400793651,0.671016746031746
"Lipoxin A4 receptor",1,0.847075595238095,0.0664373015873016,0.531498412698413,1,0.847075595238095,1,1,0.847075595238095,1,0.847075595238095
"Estradiol 17-beta-dehydrogenase 3",1,1,1,1,1,1,1,1,1,1,1
"11-beta-hydroxysteroid dehydrogenase 1",0.89136712962963,1,0.354332275132275,1,0.0332186507936508,0.354332275132275,1,0.89136712962963,0.705896329365079,1,1
"Ribosomal protein S6 kinase alpha 5",1,1,1,1,0.0664373015873016,0.82382253968254,1,0.0664373015873016,1,0.531498412698413,0.664373015873016
"ALK tyrosine kinase receptor",1,1,1,1,0.896903571428571,0.896903571428571,1,0.896903571428571,1,1,0.896903571428571
"Hypoxia-inducible factor 1 alpha",1,1,1,1,1,1,1,1,1,1,1
"TGF-beta receptor type II",1,1,1,1,1,0.531498412698413,1,0.265749206349206,1,1,1
"Serine/threonine-protein kinase AKT",0.925376700680272,0.438486190476191,0.438486190476191,0.438486190476191,1,1,1,0.199311904761905,0.438486190476191,1,0.55364417989418
"Sodium channel protein type IX alpha subunit",0.310040740740741,0.310040740740741,1,1,1,1,0.310040740740741,1,1,1,1
"P-glycoprotein 1",1,1,1,1,1,1,1,1,1,0.564717063492064,1
"Heat shock protein HSP 90-beta",0.677660476190476,0.243603439153439,1,1,1,0.232530555555556,1,1,1,0.531498412698413,0.0996559523809524
"Calcium-activated potassium channel subunit alpha-1",0.907976455026455,1,0.944358786848073,0.944358786848073,0.944358786848073,0.944358786848073,0.907976455026455,0.907976455026455,0.996559523809524,1,1
"Intermediate conductance calcium-activated potassium channel protein 4",0.981795679012346,0.631154365079365,0.981795679012346,0.981795679012346,1,0.631154365079365,0.813856944444444,0.265749206349206,1,0.465061111111111,0.631154365079365
"Voltage-gated potassium channel subunit Kv1.5",0.960019007936508,0.960019007936508,0.730810317460317,0.960019007936508,0.960019007936508,0.960019007936508,0.975420382395382,0.960019007936508,0.960019007936508,0.960019007936508,0.960019007936508
"Bradykinin B1 receptor",1,0.591291984126984,1,1,0.398623809523809,0.365405158730159,0.591291984126984,0,1,1,1
"Purinergic receptor P2Y1",1,1,1,1,1,1,1,1,1,1,1
"Sphingosine 1-phosphate receptor Edg-1",0.132874603174603,0.520425529100529,1,0.132874603174603,1,1,1,0.81717880952381,1,1,0.61454503968254
"Purine nucleoside phosphorylase",0.991814002267574,0.991814002267574,0.991814002267574,1,0.415233134920635,0.991814002267574,1,0.0664373015873016,1,1,0.991814002267574
"Serine/threonine-protein kinase GAK",0.0498279761904762,0.925376700680272,1,0.0332186507936508,1,1,0.714200992063492,0.925376700680272,1,0.925376700680272,0.642227248677249
"Induced myeloid leukemia cell differentiation protein Mcl-1",1,1,1,1,1,1,1,0.531498412698413,1,1,0.531498412698413
"Dual-specificity tyrosine-phosphorylation regulated kinase 2",1,1,1,1,1,1,1,0.166093253968254,1,1,0.548107738095238
"Gastric inhibitory polypeptide receptor",1,0.863684920634921,0,0.863684920634921,0.863684920634921,0.863684920634921,0.925969890873016,0.996559523809524,0.863684920634921,1,0.863684920634921
"Matrix metalloproteinase 12",1,1,0.0664373015873016,1,0.420769576719577,1,0.420769576719577,1,1,1,1
"Sphingosine kinase 1",0.917665228174603,1,1,0.672677678571429,0.917665228174603,0.917665228174603,0.672677678571429,0.672677678571429,0.917665228174603,1,0.672677678571429
"Phosphodiesterase 8B",1,1,1,0.564717063492064,1,0.564717063492064,1,1,1,1,1
"Phosphodiesterase 10A",0.609008597883598,1,0.287894973544974,0.166093253968254,0.621663321995465,0.373709821428571,1,0.609008597883598,0.764028968253968,0.287894973544974,0.933813183421517
"Free fatty acid receptor 1",1,0.772333630952381,0.730810317460317,1,0.772333630952381,0.772333630952381,1,1,1,1,1
"Prostanoid DP receptor",0.838770932539683,0.838770932539683,0.166093253968254,1,0.838770932539683,0.315577182539683,1,0.838770932539683,0.509352645502645,0.838770932539683,0.926431261022928
"Neurokinin 3 receptor",1,1,1,1,1,1,1,1,1,1,1
"TGF-beta receptor type I",0.92458578042328,0.888598908730159,1,0.92458578042328,0.888598908730159,1,0.888598908730159,1,1,1,0.888598908730159
"C-X-C chemokine receptor type 3",1,1,0.975797867063492,0.544785873015873,0.544785873015873,0.544785873015873,0.544785873015873,1,0.574208106575964,0.574208106575964,0.544785873015873
"Vitamin K-dependent protein C",0.524854682539683,0.110728835978836,0.801993140589569,0.116265277777778,1,0.110728835978836,1,0,0.95503621031746,0.719737433862434,1
"Tyrosine-protein kinase FGR",1,1,1,1,1,1,1,1,1,1,1
"NAD-dependent deacetylase sirtuin 3",0.712355511463845,1,0.712355511463845,0.083046626984127,0.387550925925926,0.083046626984127,0.571360793650794,0.571360793650794,0.697591666666667,0.697591666666667,0.790603888888889
"NAD-dependent deacetylase sirtuin 2",1,0.953849829931973,0.876972380952381,0.876972380952381,0.880294246031746,0.876972380952381,0.95503621031746,0.465061111111111,0.876972380952381,1,1
"Acyl coenzyme A:cholesterol acyltransferase 2",1,0.764028968253968,1,1,1,0,1,1,0.0664373015873016,1,1
"Voltage-gated N-type calcium channel alpha-1B subunit",1,1,1,1,1,1,1,1,1,1,1
"Nitric oxide synthase, inducible",1,0.265749206349206,0.265749206349206,1,0.265749206349206,0.265749206349206,1,0.420769576719577,1,1,0.265749206349206
"Serine/threonine-protein kinase PAK 4",1,1,1,0.963340873015873,0.963340873015873,1,1,0.963340873015873,1,1,1
"Ribosomal protein S6 kinase 1",1,1,1,1,0.996559523809524,0.996559523809524,1,1,1,1,1
"NAD-dependent deacetylase sirtuin 1",1,1,1,1,1,1,1,1,1,1,1
"Glutaminyl-peptide cyclotransferase",0.764028968253968,0.764028968253968,0.166093253968254,0.730810317460317,0.166093253968254,1,1,0.730810317460317,1,1,1
"Serine/threonine-protein kinase PIM2",1,1,1,1,1,1,1,1,1,1,1
"TRAF2- and NCK-interacting kinase",0.900225436507937,0.900225436507937,0.900225436507937,0.609008597883598,0.609008597883598,0.900225436507937,0.900225436507937,0.631154365079365,1,0.631154365079365,0.609008597883598
"Coagulation factor XIII",0.871989583333333,0.531498412698413,0.249139880952381,0.249139880952381,0.913512896825397,1,1,0.913512896825397,1,1,1
"5-lipoxygenase activating protein",1,0.89136712962963,0.89136712962963,0.332186507936508,1,1,1,0.332186507936508,0.89136712962963,0.968086394557823,0.166093253968254
"Neuropeptide Y receptor type 5",1,1,0.852612037037037,1,0.852612037037037,1,1,0.564717063492064,1,1,1
"Kinesin-like protein 1",1,0.470597552910053,0.354332275132275,0.354332275132275,0.378692619047619,0.354332275132275,1,0.484043197278912,1,0.378692619047619,1
"Matrix metalloproteinase 8",1,1,1,1,1,1,1,1,1,1,1
"C-C chemokine receptor type 8",1,1,1,1,1,1,1,1,1,1,1
"Tyrosine kinase non-receptor protein 2",1,1,0.597935714285714,1,0.514889087301587,1,1,0.265749206349206,1,1,1
"Serine/threonine-protein kinase PAK 1",0.916834761904762,0.916834761904762,1,1,0.0498279761904762,0.055364417989418,1,0.0332186507936508,1,1,1
"Tyrosine-protein kinase BRK",0.559180621693122,0.87614191468254,1,0.332186507936508,0.332186507936508,0.332186507936508,0.559180621693122,0.332186507936508,1,0.612172278911565,1
"Melanocortin receptor 5",0.900594532627866,0.900594532627866,0.900594532627866,0.900594532627866,0.365405158730159,0.900594532627866,0.900594532627866,0.900594532627866,0.900594532627866,1,1
"Ghrelin receptor",1,1,1,1,1,1,1,1,1,1,1
"Phenylethanolamine N-methyltransferase",1,1,0.83046626984127,1,1,1,1,1,1,1,1
"Leukotriene A4 hydrolase",0.332186507936508,1,0.783011054421769,0.0664373015873016,0.570253505291005,0.996559523809524,0.570253505291005,0.332186507936508,0.570253505291005,0.859532589285714,0.996559523809524
"Apoptosis regulator Bcl-X",1,1,1,0.930122222222222,1,1,1,1,1,1,1
"Serine/threonine-protein kinase Chk1",1,1,1,1,1,1,1,1,1,1,1
"Voltage-gated potassium channel subunit Kv1.3",1,1,1,1,1,1,1,1,1,1,1
"Voltage-gated T-type calcium channel alpha-1G subunit",1,1,1,1,1,1,1,0.697591666666667,1,1,1
"Melanocortin receptor 3",0.39862380952381,0.954281240981241,0.954281240981241,0.39862380952381,0.597935714285714,0.597935714285714,0.824929828042328,0.954281240981241,0.954281240981241,0.954281240981241,0.597935714285714
"Dipeptidyl peptidase VIII",1,1,1,1,1,1,1,1,1,1,1
"Lymphocyte differentiation antigen CD38",0.750741507936508,0.750741507936508,0.43184246031746,0.946731547619048,0.946731547619048,0.750741507936508,0.946731547619048,0.946731547619048,0.946731547619048,0.750741507936508,1
"Proteasome Macropain subunit MB1",1,1,0.0996559523809524,1,0.287894973544974,0.39862380952381,1,0.199311904761905,1,1,0.39862380952381
"Apoptosis regulator Bcl-W",1,1,0.498279761904762,1,1,0.996559523809524,1,0.597935714285714,1,1,1
"Aldo-keto-reductase family 1 member C3",1,1,0.946731547619048,1,0.946731547619048,1,1,0.946731547619048,0.946731547619048,0.946731547619048,0.946731547619048
"Fibroblast activation protein alpha",1,1,1,1,0.996559523809524,1,1,1,1,1,1
"Indoleamine 2,3-dioxygenase",1,1,0.498279761904762,0.498279761904762,0.498279761904762,1,1,1,1,0.506584424603175,0.797247619047619
"Malonyl-CoA decarboxylase",1,1,0.730810317460317,1,0.730810317460317,0.730810317460317,1,0.730810317460317,1,1,1
"Isoprenylcysteine carboxyl methyltransferase",1,0.232530555555556,0.524854682539683,1,0.232530555555556,0.232530555555556,1,0.132874603174603,1,1,1
"Serine/threonine-protein kinase Aurora-A",1,1,0,1,0.772333630952381,1,1,0,1,1,0.27682208994709
"C3a anaphylatoxin chemotactic receptor",1,0.90936056547619,0.481670436507937,0.511567222222222,0.481670436507937,1,0.592399272486772,0.511567222222222,0.626408843537415,0.955958950617284,0.511567222222222
"Vesicular acetylcholine transporter",0.926431261022928,1,0.892158049886621,0.232530555555556,0.892158049886621,0.564717063492063,0.892158049886621,0.199311904761905,0.892158049886621,0.926431261022928,1
"Geranylgeranyl pyrophosphate synthetase",0.70866455026455,1,1,1,1,0.0996559523809524,1,0.70866455026455,1,1,1
"Neuropeptide Y receptor type 1",0.616917800453515,0.616917800453515,0.616917800453515,0.627002033730159,1,0.616917800453515,0.616917800453515,0.616917800453515,1,0.679136860670194,0.564717063492064
"Carbonic anhydrase VA",0.12180171957672,0.315577182539683,0.212599365079365,0.212599365079365,0.12180171957672,1,1,0.12180171957672,1,0.934867743764172,1
"Endothelin-converting enzyme 1",1,1,0.498279761904762,1,1,0.498279761904762,1,1,1,1,1
"Orexin receptor 2",1,1,1,1,1,1,0.697591666666667,0.697591666666667,1,1,0.697591666666667
"Dipeptidyl peptidase IX",1,1,1,1,1,1,1,1,1,1,1
"Vanilloid receptor",0.132874603174603,0.824929828042328,0.969380627705628,0.365405158730159,0.43184246031746,0.43184246031746,0.84944835600907,0.969380627705628,0.913512896825397,0.969380627705628,0.132874603174603
"Caspase-1",0.476133994708995,1,0.476133994708995,0.476133994708995,1,1,1,1,1,1,1
"Nitric-oxide synthase, endothelial",0.132874603174603,1,1,0.083046626984127,0.132874603174603,0.487206878306878,1,0.574208106575964,1,0.487206878306878,0
"Dual specificity phosphatase Cdc25B",1,1,1,1,1,1,1,1,1,1,1
"P2X purinoceptor 7",0.957804431216931,0.957804431216931,1,0.957804431216931,0.977577437641723,0.957804431216931,1,0.957804431216931,0.957804431216931,1,1
"Serine/threonine-protein kinase AKT3",1,1,1,1,1,1,1,1,1,1,1
"Beta-secretase 1",0.991814002267574,1,0.6754458994709,0.991814002267574,0.991814002267574,1,1,0.6754458994709,0.6754458994709,1,0.991814002267574
"Acetyl-CoA carboxylase 2",0.525961970899471,1,0.083046626984127,0.083046626984127,1,1,0.382014484126984,0.525961970899471,0.310040740740741,1,1
"L-lactate dehydrogenase A chain",0.398623809523809,1,0.298967857142857,1,0.398623809523809,1,1,1,1,1,1
"C-X3-C chemokine receptor 1",0.697591666666667,1,0.905208234126984,0.697591666666667,1,0.783960158730159,0.905208234126984,0.783960158730159,0.783960158730159,1,0.905208234126984
"Eukaryotic translation initation factor",1,1,1,1,1,1,1,1,1,1,1
"Apoptosis regulator Bcl-2",1,1,1,0.697591666666667,1,1,1,1,1,1,1
"Cytochrome P450 1B1",1,1,1,1,1,1,1,1,1,1,1
"Tyrosine-protein kinase receptor UFO",0.822161607142857,1,0.597935714285714,0.597935714285714,1,1,1,1,1,1,0.39862380952381
"Neurotrophic tyrosine kinase receptor type 2",1,1,1,1,0.232530555555556,1,1,1,1,1,1
"Mitogen-activated protein kinase kinase kinase 8",1,1,1,1,1,1,1,1,1,1,1
"Low molecular weight phosphotyrosine protein phosphatase",1,1,1,1,1,1,1,0.930122222222222,1,1,1
"Casein kinase I epsilon",0.896903571428571,1,1,1,1,0.166093253968254,1,1,1,1,1
"L-lactate dehydrogenase B chain",0.84375373015873,0.84375373015873,1,0.249139880952381,1,0.249139880952381,0.937504144620811,0.937504144620811,0.937504144620811,0.620081481481481,0.937504144620811
"S-methyl-5-thioadenosine phosphorylase",1,1,1,0.930122222222222,1,1,1,1,1,1,1
"Proto-oncogene c-JUN",1,1,1,1,1,1,1,0.930122222222222,1,1,1
"Sodium/glucose cotransporter 1",0.863684920634921,0.83046626984127,0.863684920634921,0.232530555555556,0.996559523809524,0.199311904761905,0.863684920634921,0.199311904761905,1,0.415233134920635,1
"Transketolase",1,1,1,1,1,1,1,1,1,1,1
"Serine/threonine-protein kinase RIPK2",0.673864058956916,1,0.673864058956916,1,1,0.673864058956916,1,0.199311904761905,0.673864058956916,0.673864058956916,0.673864058956916
"p53-binding protein Mdm-2",1,1,1,1,1,1,1,1,1,0.996559523809524,1
"Serine-protein kinase ATR",1,1,1,1,1,0.332186507936508,1,1,1,1,1
"ADAM10",0.975420382395382,0.975420382395382,0.975420382395382,0.975420382395382,0.298967857142857,0.975420382395382,0.975420382395382,0.298967857142857,0.975420382395382,0.975420382395382,0.642227248677249
"Endoplasmic reticulum aminopeptidase 2",1,0.930122222222222,1,1,1,1,1,1,1,1,0.930122222222222
"G protein-coupled receptor 44",0.724166587301587,0.989915793650794,0.332186507936508,0.724166587301587,0.332186507936508,0.265749206349206,0.989915793650794,0.989915793650794,0.989915793650794,1,0.989915793650794
"Endothelial lipase",1,0.41286037414966,0.298967857142857,0.372048888888889,0.298967857142857,0.593783382936508,0.41286037414966,0.0996559523809524,1,0.63484532627866,0.298967857142857
"Histone deacetylase 10",0.987068480725623,0.365405158730159,0.987068480725623,1,0.987068480725623,1,1,0.987068480725623,0.987068480725623,1,0.987068480725623
"GABA receptor alpha-5 subunit",1,1,1,1,1,1,1,1,1,1,1
"Orexin receptor 1",1,1,1,1,1,1,1,1,1,1,1
"Discoidin domain-containing receptor 2",1,1,1,1,1,1,1,1,1,1,1
"Metabotropic glutamate receptor 2",0.84375373015873,1,0.631154365079365,0.182702579365079,1,0.182702579365079,0.84375373015873,1,0.996559523809524,1,1
"Cytochrome P450 26A1",0.84375373015873,1,0.84375373015873,1,0.84375373015873,1,1,0.84375373015873,1,1,0.84375373015873
"Serine/threonine-protein kinase B-raf",1,0.98548664021164,0.332186507936508,1,1,0,1,1,1,1,1
"Ephrin type-B receptor 4",0.768181299603175,0.768181299603175,0.768181299603175,0.564717063492064,0.768181299603175,0.768181299603175,0.773994563492064,0.768181299603175,1,0.773994563492064,0.768181299603175
"Neuropilin-1",0.996559523809524,0.658836574074074,1,0.658836574074074,0.481670436507937,0.658836574074074,1,0.132874603174603,0.958595351473923,0.996559523809524,0.658836574074074
"dUTP pyrophosphatase",1,1,1,1,1,1,1,1,1,1,1
"Serine/threonine-protein kinase ILK-1",1,1,1,1,0.382014484126984,1,1,0.199311904761905,0.465061111111111,1,1
"Tyrosine-protein kinase BTK",1,1,0.783960158730159,0.780638293650794,0.531498412698413,1,1,0.780638293650794,0.780638293650794,1,1
"Serine/threonine-protein kinase TNNI3K",0.870328650793651,1,0.0332186507936508,1,0.870328650793651,0.870328650793651,1,0.548107738095238,0.901649092970522,0.89136712962963,0.967493204365079
"Cytochrome P450 2A6",1,1,1,1,1,1,1,1,1,1,1
"Mitogen-activated protein kinase kinase kinase 5",1,1,0.376478042328042,1,0.697591666666667,0,1,0.0332186507936508,0.697591666666667,0.741883201058201,1
"Tyrosine-protein kinase receptor TYRO3",0.636690806878307,0.290663194444444,1,0.0332186507936508,0.290663194444444,0.636690806878307,0.838770932539683,0.249139880952381,0.683355102040816,1,1
"Epithelial discoidin domain-containing receptor 1",1,1,1,1,1,1,1,1,1,1,1
"Proto-oncogene tyrosine-protein kinase MER",1,1,1,1,1,1,1,1,1,1,1
"Baculoviral IAP repeat-containing protein 3",0.790603888888889,1,0.254676322751323,1,1,0.199311904761905,0.790603888888889,0.0664373015873016,1,1,1
"Poly [ADP-ribose] polymerase 2",0.963340873015873,0.963340873015873,0,0.586862830687831,1,1,0.963340873015873,0.586862830687831,1,0.963340873015873,1
"P-selectin",1,0.718353323412698,1,0.718353323412698,0.718353323412698,0.718353323412698,0.718353323412698,0.718353323412698,0.718353323412698,1,0.718353323412698
"ATP-binding cassette sub-family G member 2",0.0332186507936508,0.987499891774892,0.987499891774892,0.116265277777778,0.882139726631393,0.506584424603175,0.882139726631393,0.882139726631393,0.876972380952381,0.882139726631393,0.506584424603175
"Pituitary adenylate cyclase-activating polypeptide type I receptor",1,1,1,1,1,1,1,1,1,1,1
"Serine/threonine-protein kinase PIM3",0.710879126984127,0.877921485260771,0.531498412698413,1,0.631154365079365,1,1,0.631154365079365,1,0.710879126984127,0.725273875661376
"G-protein coupled bile acid receptor 1",0.671016746031746,0.671016746031746,0.671016746031746,1,0.597935714285714,1,1,0.797247619047619,1,0.906394614512472,0.671016746031746
"Metastin receptor",0.172736984126984,1,0.880294246031746,0.0332186507936508,0.0498279761904762,0.84944835600907,0.420769576719577,0.132874603174603,0.172736984126984,1,1
"Cell division cycle 7-related protein kinase",1,1,0.0332186507936508,1,1,1,1,1,1,1,1
"Sodium channel protein type X alpha subunit",1,1,1,1,1,1,1,1,1,1,1
"Baculoviral IAP repeat-containing protein 2",1,1,1,1,1,1,1,1,1,1,1
"Receptor-interacting serine/threonine-protein kinase 1",1,1,1,1,1,1,1,1,1,1,1
"Protein tyrosine kinase 2 beta",1,0.936765952380952,0.936765952380952,0.936765952380952,0.936765952380952,1,1,0.936765952380952,1,1,1
"Perforin-1",0.714200992063492,1,1,1,1,1,1,1,1,0.714200992063492,1
"D-amino-acid oxidase",1,0.81717880952381,0.382014484126984,1,1,0.775101851851852,0.957804431216931,0,1,0.81717880952381,1
"Serine/threonine-protein kinase WEE1",1,1,0.797247619047619,1,0.39862380952381,1,1,0.797247619047619,1,1,1
"Histone acetyltransferase PCAF",1,1,0.43184246031746,0.963340873015873,1,0.896903571428571,1,0.298967857142857,1,1,0.896903571428571
"Secreted frizzled-related protein 1",1,1,1,1,1,1,1,1,1,1,1
"Transient receptor potential cation channel subfamily V member 3",1,1,1,1,1,0.680982341269841,1,1,0.680982341269841,1,1
"Protein-arginine N-methyltransferase 1",0.863684920634921,1,1,0.43184246031746,1,1,1,1,1,1,1
"Nuclear factor NF-kappa-B p65 subunit",0.664373015873016,0.664373015873016,0.0332186507936508,0.664373015873016,0.697591666666667,1,0.697591666666667,0.664373015873016,1,1,1
"Dual specificity tyrosine-phosphorylation-regulated kinase 1B",1,1,1,1,1,1,1,0.764028968253968,1,1,1
"Acyl-CoA desaturase",1,0.166093253968254,1,0.265749206349206,1,0.166093253968254,1,1,1,0.265749206349206,1
"Proto-oncogene tyrosine-protein kinase ROS",1,0.39862380952381,1,1,1,1,1,1,0.564717063492064,1,1
"Lysyl-tRNA synthetase",0.506584424603175,0.627463403880071,0.298967857142857,0.298967857142857,0.506584424603175,0.298967857142857,1,1,0.415233134920635,0.298967857142857,0.298967857142857
"DNA-(apurinic or apyrimidinic site) lyase",1,1,1,1,1,1,1,0.498279761904762,0.996559523809524,1,1
"Glucose-dependent insulinotropic receptor",1,0.874757804232804,0.874757804232804,0,1,0.874757804232804,0.90936056547619,0.90936056547619,0.874757804232804,1,0.874757804232804
"Prostaglandin E synthase",0.896903571428571,1,1,0.896903571428571,1,1,1,0.896903571428571,0.938426884920635,1,1
"G protein-coupled receptor kinase 5",1,0.697591666666667,0,0.653300132275132,1,1,1,0.132874603174603,1,0.697591666666667,1
"Egl nine homolog 1",1,1,0.597935714285714,1,0.597935714285714,1,1,1,1,1,1
"Elongation of very long chain fatty acids protein 6",0.643611359126984,0.221457671957672,0.221457671957672,0.199311904761905,0.643611359126984,0.643611359126984,0.882139726631393,1,0.643611359126984,1,0.643611359126984
"Glucagon",0.055364417989418,0.512516326530612,1,0.055364417989418,1,0.0332186507936508,0.409696693121693,0.116265277777778,0.409696693121693,0.671754938271605,0.671754938271605
"CREB-binding protein",1,0.39862380952381,0.473365773809524,0.473365773809524,1,0.39862380952381,1,1,1,1,1
"Mitogen-activated protein kinase kinase kinase 7",1,1,1,1,1,1,1,1,1,1,1
"Interferon-induced, double-stranded RNA-activated protein kinase",1,0.249139880952381,0.857041190476191,0.892158049886621,0.930122222222222,0.249139880952381,0.919049338624339,0.822161607142857,0.892158049886621,0.822161607142857,0.919049338624339
"Aldo-keto reductase family 1 member C2",0.478348571428571,0.719737433862434,1,0.478348571428571,0.265749206349206,1,1,0.478348571428571,1,1,0.478348571428571
"Trace amine-associated receptor 1",1,0.531498412698413,0.531498412698413,0.963340873015873,1,1,1,0.531498412698413,0.963340873015873,1,1
"Nuclear receptor ROR-alpha",0.893212610229277,0.893212610229277,0.893212610229277,0.893212610229277,0.893212610229277,0.983272063492064,1,0.132874603174603,0.893212610229277,0.893212610229277,0.893212610229277
"Heat shock factor protein 1",1,1,1,1,1,1,1,1,1,1,1
"Hematopoietic prostaglandin D synthase",0.996559523809524,0.797247619047619,1,1,1,1,1,1,1,1,1
"Aldo-keto reductase family 1 member C1",0.639459027777778,1,0.348795833333333,0.43184246031746,0.757385238095238,1,1,1,1,0.813856944444444,0.348795833333333
"Bifunctional protein NCOAT",1,1,1,1,1,1,1,1,1,1,1
"LIM domain kinase 2",1,1,1,1,1,0.813856944444445,1,1,1,1,0.813856944444445
"Serine/threonine-protein kinase PLK2",1,0.531498412698413,1,0.0996559523809524,0.453988227513228,1,1,1,0.453988227513228,1,1
"Neuropeptide FF receptor 1",1,0.874757804232804,0.874757804232804,0.365405158730159,1,0.910191031746032,1,0.910191031746032,1,1,1
"Neuropeptide FF receptor 2",1,1,1,1,1,1,1,1,1,1,1
"IgG receptor FcRn large subunit p51",1,1,1,1,1,1,1,1,1,1,0.498279761904762
"Smoothened homolog",1,1,1,1,0.930122222222222,1,1,1,1,1,1
"Aldo-keto reductase family 1 member B10",1,1,0.888598908730159,1,1,0.730810317460317,1,0.730810317460317,0.888598908730159,1,1
"Serine/threonine-protein kinase 33",0.631154365079365,0.983272063492064,0.857041190476191,0.925969890873016,1,0.925969890873016,0.983272063492064,0.925969890873016,0.631154365079365,0.857041190476191,0.631154365079365
"Transient receptor potential cation channel subfamily A member 1",1,1,0.911140136054422,0.911140136054422,0.911140136054422,0.911140136054422,0.911140136054422,0.911140136054422,0.911140136054422,1,0.984102529761905
"Diacylglycerol O-acyltransferase 1",1,1,1,0.697591666666667,1,1,1,1,1,1,1
"Histone-lysine N-methyltransferase, H3 lysine-9 specific 3",0.213548469387755,0.213548469387755,0.213548469387755,0.328864642857143,0.177166137566138,0,0.213548469387755,0.177166137566138,0.236682886904762,0.243603439153439,1
"Lysine-specific histone demethylase 1",1,1,0.448451785714286,0.874757804232804,1,1,1,0.448451785714286,1,1,1
"Alpha-synuclein",1,0.941195105820106,0.298967857142857,1,1,1,1,0.963340873015873,1,1,0.941195105820106
"Tankyrase-2",1,1,1,1,1,1,1,1,1,1,1
"Tankyrase-1",0.952267989417989,0.884446577380952,0.0664373015873016,0.884446577380952,0.884446577380952,0.884446577380952,1,0.0664373015873016,1,0.884446577380952,0.542571296296296
"Mitogen-activated protein kinase kinase kinase kinase 4",0.98548664021164,1,0.98548664021164,0.498279761904762,1,1,0.95503621031746,1,0.95503621031746,0.95503621031746,1
"Lysine-specific demethylase 4C",1,1,1,1,1,1,1,1,1,1,1
