"","EGFR","Hypoxia","JAK.STAT","MAPK","NFkB","PI3K","TGFb","TNFa","Trail","VEGF","p53"
"Arginase-1",0.968086394557823,1,0.968086394557823,0.968086394557823,1,1,0.968086394557823,0.880294246031746,0.968086394557823,1,0.764028968253968
"Leucine-rich repeat serine/threonine-protein kinase 2",0.987068480725623,1,0.987068480725623,1,0.930122222222222,1,0.987068480725623,0.987068480725623,0.930122222222222,0.987068480725623,1
"Tyrosyl-DNA phosphodiesterase 1",1,1,1,1,1,1,1,1,1,0,1
"Transitional endoplasmic reticulum ATPase",1,1,1,0.409696693121693,1,1,0.498279761904762,0.21592123015873,0.737454047619048,0,1
"Glucokinase regulatory protein",1,1,1,1,1,1,1,0.83046626984127,1,1,1
"Pyruvate kinase isozymes M1/M2",1,0.996559523809524,0.996559523809524,0.0581326388888889,0.391980079365079,0.055364417989418,0.996559523809524,0.055364417989418,1,0.0332186507936508,1
"Transient receptor potential cation channel subfamily M member 8",1,1,1,1,1,1,1,1,1,1,1
"G-protein coupled receptor 55",1,1,1,1,1,1,1,1,1,1,1
"Endoplasmin",1,1,0.719737433862434,1,0.265749206349206,1,1,0.265749206349206,1,1,1
"Serine/threonine-protein kinase/endoribonuclease IRE1",1,1,1,1,1,1,1,1,1,1,1
"NADPH oxidase 4",1,1,1,0.996559523809524,0.847075595238095,1,0.996559523809524,0.847075595238095,1,1,1
"Ketohexokinase",1,1,1,1,1,1,1,1,1,1,1
"Lethal(3)malignant brain tumor-like protein 1",1,1,1,0.923478492063492,0.968877314814815,1,1,0.923478492063492,0.664373015873016,0.597935714285714,0.923478492063492
"Microtubule-associated protein tau",1,1,1,1,1,1,1,1,1,1,1
"15-hydroxyprostaglandin dehydrogenase [NAD+]",1,1,1,1,1,1,0.963340873015873,1,1,0.963340873015873,1
"G-protein coupled receptor 35",0.359868716931217,1,0.512516326530612,0.0996559523809524,0.693900705467372,0.132874603174603,0.359868716931217,0.969984603174603,0.56886939484127,0.0664373015873016,0.359868716931217
"ATP-sensitive inward rectifier potassium channel 1",1,1,1,1,1,1,1,0.0885830687830688,0.0885830687830688,0,1
"Neuropeptides B/W receptor type 1",1,0.913512896825397,1,0.913512896825397,0.913512896825397,0.979950198412698,1,0.979950198412698,0.979950198412698,0.913512896825397,0.979950198412698
"Nuclear receptor ROR-gamma",1,0.724166587301587,1,1,0.647763690476191,0.647763690476191,0.935658664021164,0.647763690476191,1,0.631154365079365,1
"DNA topoisomerase I",1,0.564717063492064,1,0.863684920634921,1,0.564717063492064,1,1,1,1,1
"Farnesyl diphosphate synthase",0.12180171957672,0.959649911816579,0.777316428571429,0.863684920634921,0.959649911816579,0.12180171957672,0.863684920634921,0.12180171957672,0.960019007936508,0.191007242063492,1
"Glucagon-like peptide 1 receptor",0.667694880952381,0.332186507936508,0.9331420995671,0.110728835978836,0.498279761904762,0.232530555555556,0.498279761904762,0.083046626984127,0.642227248677249,0.083046626984127,0.498279761904762
"Endothelin receptor ET-B",1,1,0.498279761904762,0.647763690476191,0,1,1,0.0166093253968254,1,0.770672698412698,1
"Steroid 5-alpha-reductase 1",1,1,1,1,1,1,1,1,1,1,1
"Vasopressin V2 receptor",1,1,1,0.199311904761905,0.511567222222222,0.406928472222222,1,1,0.0664373015873016,0.354332275132275,1
"Somatostatin receptor 5",1,1,1,0.930122222222222,1,1,1,1,1,1,1
"Histone-lysine N-methyltransferase, H3 lysine-79 specific",0.959188541666667,0.959188541666667,1,1,0.420769576719577,0.959188541666667,1,0,0.959188541666667,0.420769576719577,0.959188541666667
"Bromodomain-containing protein 3",1,1,1,1,1,1,1,1,1,1,1
"Cysteinyl leukotriene receptor 1",1,1,1,1,1,1,1,1,1,1,1
"Plasminogen",1,0.910191031746032,1,1,0.910191031746032,0.910191031746032,1,1,0.910191031746032,0.910191031746032,1
"Leukocyte adhesion glycoprotein LFA-1 alpha",1,1,1,1,1,1,1,1,1,1,1
"Somatostatin receptor 2",0.254676322751323,0.752956084656085,0.257444543650794,0.570253505291005,0.752956084656085,1,0.983272063492064,0.083046626984127,0.752956084656085,0.0332186507936508,0.378692619047619
"Muscarinic acetylcholine receptor M4",1,1,1,1,1,1,1,1,1,1,1
"Inosine-5'-monophosphate dehydrogenase 1",0.453988227513228,0.453988227513228,1,0.664373015873016,1,1,1,0.453988227513228,1,1,1
"Receptor protein-tyrosine kinase erbB-2",1,0.149483928571429,0.689287003968254,1,1,0.453988227513228,0.863684920634921,0,0.863684920634921,1,0.83046626984127
"TNF-alpha",0.592399272486772,1,0.592399272486772,1,0.592399272486772,1,0.481670436507937,1,1,0.465061111111111,0.592399272486772
"Phosphodiesterase 5A",0.991023082010582,0.991023082010582,1,0.415233134920635,1,0.991023082010582,0.991023082010582,1,1,0.298967857142857,1
"Serotonin 2b (5-HT2b) receptor",0.82382253968254,0.631154365079365,1,0.82382253968254,1,1,0.82382253968254,1,1,0,1
"Thromboxane-A synthase",0.251512641723356,0.251512641723356,1,0.251512641723356,0.251512641723356,1,1,0.251512641723356,0.251512641723356,0.251512641723356,0.369557490079365
"Prostanoid EP4 receptor",1,0.548107738095238,0.569462585034014,0.569462585034014,1,1,1,0.199311904761905,0.569462585034014,0.548107738095238,0.548107738095238
"Dopamine D5 receptor",1,1,1,1,1,1,1,0.0664373015873016,1,1,1
"Somatostatin receptor 4",1,1,1,1,1,1,1,1,1,1,1
"Gonadotropin-releasing hormone receptor",0.373709821428571,0.936765952380952,1,0.166093253968254,1,0.987068480725623,1,1,0.21592123015873,0.373709821428571,0.987068480725623
"4-hydroxyphenylpyruvate dioxygenase",1,1,1,1,1,1,1,1,1,1,1
"Tyrosine-protein kinase ABL",1,0.797247619047619,1,1,1,0.465061111111111,1,1,1,1,1
"Vascular endothelial growth factor receptor 1",1,1,1,1,1,0.885830687830688,1,1,0.885830687830688,0.885830687830688,1
"Tissue-type plasminogen activator",0.479297675736961,0.479297675736961,0.479297675736961,0.782483774250441,0.479297675736961,0.543955406746032,1,0.479297675736961,0.479297675736961,1,0.479297675736961
"Calcium sensing receptor",1,1,1,1,1,1,1,1,1,1,1
"Neuronal acetylcholine receptor protein alpha-4 subunit",0.664373015873016,0.677660476190476,0.677660476190476,0.177166137566138,0.40811485260771,0.40811485260771,0.899923448773449,0.177166137566138,0.40811485260771,0.0996559523809524,0.21592123015873
"Potassium channel, inwardly rectifying, subfamily J, member 11",1,1,1,1,0.0332186507936508,1,1,1,1,1,1
"Vasopressin V1a receptor",1,1,1,1,1,1,1,1,1,1,1
"Glutamate carboxypeptidase II",1,1,1,1,1,1,1,1,1,1,1
"Serotonin 1b (5-HT1b) receptor",1,1,1,1,1,1,1,0.199311904761905,1,0.61454503968254,1
"Serotonin 3a (5-HT3a) receptor",1,1,1,1,1,1,1,1,0.930122222222222,0.232530555555556,1
"Aldose reductase",0.332186507936508,0.232530555555556,1,0.453988227513228,0.764028968253968,0.963340873015873,0.963340873015873,1,1,1,0.883616111111111
"Glutamate [NMDA] receptor subunit epsilon 2",1,0.166093253968254,1,0.481670436507936,0.52319375,0.52319375,1,0,0.481670436507936,0.354332275132275,0.365405158730159
"Serine/threonine-protein kinase RAF",0.265749206349206,0.265749206349206,1,0.43184246031746,1,1,1,1,0.813856944444445,1,0.976628333333333
"Aminopeptidase N",1,0.61454503968254,1,1,1,1,1,0.465061111111111,1,1,1
"Cytochrome P450 11B1",0.0930122222222222,0.755724305555556,0.0913512896825397,0.837848192239859,0.555226020408163,0.0885830687830688,1,0,1,0.0885830687830688,0.555226020408163
"Butyrylcholinesterase",1,1,1,1,1,1,1,1,1,1,1
"Alpha-2c adrenergic receptor",0.21592123015873,0.21592123015873,0.974413756613757,0,1,0.40336933106576,1,0.427690128968254,0.0166093253968254,0.166093253968254,0.21592123015873
"Melatonin receptor 1A",0.719737433862434,0.719737433862434,0.913512896825397,0.83995731292517,0.43184246031746,1,0.719737433862434,0.39862380952381,0.719737433862434,1,1
"Melatonin receptor 1B",1,1,1,1,1,1,1,1,1,1,1
"Thyroid hormone receptor beta-1",1,1,1,1,1,1,1,1,1,1,1
"Cyclophilin A",0.393087367724868,1,1,0,0.393087367724868,0.365405158730159,1,1,0.393087367724868,1,0.315577182539683
"Thymidylate synthase",0.298967857142857,0.511567222222222,1,1,1,0.511567222222222,1,0.487206878306878,0.298967857142857,0.514889087301587,0.559971541950113
"Vascular endothelial growth factor receptor 3",0.465061111111111,0.680982341269841,1,0.680982341269841,0.680982341269841,0.680982341269841,1,0.680982341269841,0.465061111111111,1,0.680982341269841
"Insulin-like growth factor I receptor",1,0.603472156084656,0.640645408163265,0.232530555555556,0.390319146825397,0.321113624338624,1,0.315577182539683,0.771410890652557,0.603472156084656,0.771410890652557
"Epoxide hydrolase 1",0.551429603174603,0.143947486772487,1,1,0.199311904761905,0.0332186507936508,1,0.0498279761904762,0.55364417989418,1,1
"Tyrosine-protein kinase receptor FLT3",0.745046882086168,0.481670436507936,0.917665228174603,0.265749206349206,1,1,0.481670436507936,0.481670436507936,1,0.265749206349206,0.481670436507936
"Vitamin D receptor",1,0.730810317460318,1,1,0.730810317460318,1,1,0.132874603174603,0.697591666666667,0.166093253968254,1
"Cytochrome P450 19A1",1,0.83995731292517,0.83995731292517,1,0.83995731292517,0.83995731292517,1,1,0.664373015873016,0.83995731292517,0.83995731292517
"Insulin receptor",0.936765952380952,0.98548664021164,0.936765952380952,1,0.936765952380952,1,1,0.199311904761905,1,0.930122222222222,1
"Serotonin 1d (5-HT1d) receptor",0.98548664021164,0.934867743764172,0.934867743764172,0.232530555555556,1,1,0.98548664021164,0.772333630952381,0.934867743764172,0.315577182539683,0.772333630952381
"Inhibitor of nuclear factor kappa B kinase beta subunit",1,0.498279761904762,1,0.564717063492064,0.498279761904762,1,1,0,0.930122222222222,0.564717063492064,1
"Prostanoid IP receptor",0.188239021164021,0.536243934240363,0.83046626984127,0.531498412698413,0.506584424603175,0.132874603174603,1,0.182702579365079,1,0.531498412698413,1
"Equilibrative nucleoside transporter 1",1,1,1,1,1,1,1,1,1,0.365405158730159,1
"Purinergic receptor P2Y12",1,0.852612037037037,0.896903571428571,1,0.852612037037037,0.852612037037037,1,1,1,1,1
"Retinoic acid receptor gamma",1,1,1,0.265749206349206,1,1,1,0.808320502645503,1,0,1
"Platelet-derived growth factor receptor alpha",1,0.870328650793651,0.870328650793651,1,1,0.870328650793651,1,0.0332186507936508,1,0.265749206349206,1
"Retinoic acid receptor beta",0.398623809523809,1,1,0.453988227513228,0.453988227513228,0.453988227513228,0.885830687830688,0.398623809523809,0.730810317460317,0.885830687830688,0.398623809523809
"Nociceptin receptor",0.41191126984127,0.635899886621315,0.559180621693122,1,0.298967857142857,1,0.889521649029982,0.41191126984127,0.41191126984127,0.41191126984127,0.889521649029982
"Dihydrofolate reductase",1,1,1,1,1,1,1,1,1,1,1
"Epidermal growth factor receptor erbB1",1,1,1,0.542571296296296,1,0.777316428571429,1,0.542571296296296,1,0.542571296296296,0.777316428571429
"Muscarinic acetylcholine receptor M5",1,1,1,1,0.232530555555556,1,1,1,1,0.232530555555556,1
"Peptidyl-prolyl cis-trans isomerase FKBP5",1,0.83046626984127,0.83046626984127,0.969984603174603,1,1,0.83046626984127,1,1,1,0.83046626984127
"Retinoic acid receptor alpha",0.0332186507936508,0.790603888888889,0.790603888888889,0.132874603174603,0.332186507936508,0.146162063492064,1,0.550480498866213,0.132874603174603,0.132874603174603,0.585478720238095
"Estrogen receptor alpha",1,1,1,1,1,1,1,1,1,1,1
"Beta-2 adrenergic receptor",1,1,1,1,1,1,1,1,1,1,1
"Cyclin T1",1,0.654881972789116,0.718353323412698,0.0996559523809524,0.654881972789116,0.448451785714286,0.863684920634921,0.481670436507937,0.481670436507937,0.863684920634921,0.654881972789116
"Muscarinic acetylcholine receptor M2",0.806738662131519,0.806738662131519,1,0.806738662131519,0.806738662131519,0.806738662131519,0.806738662131519,1,0.855380257936508,0.806738662131519,1
"Beta-1 adrenergic receptor",0.177166137566138,0.823084347442681,0.823084347442681,0.438486190476191,0.177166137566138,0.0332186507936508,0.692055224867725,0.39862380952381,1,0.823084347442681,1
"Dopamine D2 receptor",1,1,1,1,0.61454503968254,1,1,0.298967857142857,1,1,1
"Beta-glucocerebrosidase",0.949104308390023,0.949104308390023,1,0.949104308390023,0.949104308390023,0.949104308390023,1,0.949104308390023,0.996559523809524,0.949104308390023,1
"Motilin receptor",0.298967857142857,0.487206878306878,1,0.591291984126984,0.967493204365079,0.925376700680272,1,0.591291984126984,0.298967857142857,1,0.603472156084656
"MAP kinase-activated protein kinase 2",1,1,1,1,1,1,1,1,1,1,1
"Cyclooxygenase-1",1,1,1,1,1,1,1,1,1,1,1
"Norepinephrine transporter",0.570253505291005,1,0.570253505291005,0.310040740740741,1,1,1,0.083046626984127,0.570253505291005,0.083046626984127,1
"Anandamide amidohydrolase",1,0.725273875661376,1,0.725273875661376,0.620081481481481,0.725273875661376,1,1,1,0.620081481481481,0.0996559523809524
"Serotonin 2c (5-HT2c) receptor",1,1,1,1,0.0996559523809524,1,1,1,1,1,1
"Dipeptidyl peptidase I",1,1,0.503025283446712,0.503025283446712,0.503025283446712,1,0.503025283446712,0.503025283446712,0.503025283446712,0.503025283446712,1
"Serotonin transporter",0.874757804232804,0.874757804232804,0.874757804232804,0.874757804232804,0.420769576719577,0.132874603174603,0.805552281746032,0.420769576719577,0.874757804232804,1,1
"Peroxisome proliferator-activated receptor alpha",0.42519873015873,1,0.42519873015873,0.42519873015873,1,0.925376700680272,0.625617923280423,0.0332186507936508,1,0.315577182539683,1
"HERG",1,0.95503621031746,1,0.95503621031746,1,0.95503621031746,1,0.95503621031746,1,1,1
"Epoxide hydratase",1,1,1,1,1,1,1,1,1,1,1
"Phosphodiesterase 3A",1,1,1,1,1,1,0.880294246031746,1,0.880294246031746,1,1
"C-C chemokine receptor type 1",0.606240376984127,1,1,0.348795833333333,1,1,1,1,1,0.606240376984127,0.348795833333333
"C-C chemokine receptor type 4",1,1,0.43184246031746,1,1,1,1,0.43184246031746,1,0.43184246031746,0.722505654761905
"Estrogen receptor beta",1,1,1,1,1,1,1,1,1,1,1
"Glyoxalase I",1,0.604579444444444,1,0.332186507936508,0.489975099206349,0.489975099206349,1,0.0996559523809524,1,1,1
"Myosin light chain kinase, smooth muscle",0.489975099206349,0.647763690476191,1,0.668525347222222,0.489975099206349,1,0.668525347222222,0.39862380952381,0.39862380952381,1,0.647763690476191
"Serine/threonine-protein kinase AKT2",0.182702579365079,0.943409682539682,0.550480498866213,0.550480498866213,0.550480498866213,0.550480498866213,1,0.585478720238095,0.182702579365079,0.690209744268078,0.550480498866213
"Interleukin-8 receptor B",1,0.420769576719577,0.824929828042328,0.901649092970522,0.420769576719577,1,1,0.992407192460317,0.824929828042328,0.824929828042328,0.420769576719577
"Myeloperoxidase",1,1,0.61454503968254,1,1,0.61454503968254,1,0.61454503968254,1,0.61454503968254,1
"Coagulation factor X",0.344643501984127,0.344643501984127,0.594613849206349,1,0.344643501984127,0.149483928571429,0.344643501984127,0.344643501984127,0.594613849206349,0.149483928571429,0.344643501984127
"Deoxycytidine kinase",1,1,0.697591666666667,0.697591666666667,1,1,1,0.697591666666667,1,0.697591666666667,1
"Muscarinic acetylcholine receptor M3",0.423537797619048,1,0.863684920634921,0.423537797619048,0.423537797619048,0.684304206349206,0.863684920634921,0.423537797619048,1,0.730810317460317,1
"Beta-3 adrenergic receptor",1,1,1,0.265749206349206,1,1,1,1,1,1,1
"Death-associated protein kinase 3",1,1,1,1,1,1,1,1,1,1,1
"Methionine aminopeptidase 1",1,1,1,1,1,1,1,1,1,1,1
"Leukocyte elastase",0.575789947089947,1,1,1,0.575789947089947,1,0.575789947089947,0,1,0.498279761904762,0.498279761904762
"Beta amyloid A4 protein",0.21592123015873,0.166093253968254,0.603472156084656,0.232530555555556,0.722505654761905,0.232530555555556,1,0.232530555555556,1,0.771410890652557,0.635899886621315
"Neurokinin 1 receptor",1,0.597935714285714,1,1,1,1,1,1,1,0.597935714285714,0.597935714285714
"Neuronal acetylcholine receptor protein alpha-7 subunit",1,0.265749206349206,1,1,1,1,1,0.0664373015873016,1,1,1
"Adenosine A2a receptor",1,1,1,1,1,1,1,1,1,1,1
"Endothelin receptor ET-A",0.772333630952381,1,0.772333630952381,0.365405158730159,0.724166587301587,1,0.398623809523809,0.725273875661376,0.724166587301587,0.132874603174603,1
"Beta secretase 2",0.656068353174603,1,0.656068353174603,0.656068353174603,0.656068353174603,0.656068353174603,0.656068353174603,0.656068353174603,1,1,0.531498412698413
"Serine/threonine-protein kinase Chk2",0.0332186507936508,0.323881845238095,0.323881845238095,1,1,0.385336349206349,1,0.476133994708995,0.323881845238095,1,1
"Cannabinoid CB2 receptor",1,0.963340873015873,1,1,1,1,1,1,1,0.963340873015873,1
"3-phosphoinositide dependent protein kinase-1",0.373709821428571,1,1,1,1,0.373709821428571,1,0.373709821428571,0.373709821428571,1,1
"Phospholipase D1",0.758492526455027,0.758492526455027,0.30727251984127,0.863684920634921,1,0.210384788359788,1,0.210384788359788,1,0.210384788359788,1
"Phosphodiesterase 4A",1,1,1,1,1,0.697591666666667,1,1,0.166093253968254,1,1
"Adenosine A2b receptor",1,1,0.21592123015873,0.179380714285714,0.179380714285714,1,1,0,0.0221457671957672,0,1
"Carboxypeptidase B",1,1,1,1,0.764028968253968,0.714200992063492,1,0.714200992063492,1,1,1
"Adenosine A3 receptor",1,0.564717063492063,1,1,0.564717063492063,0.905208234126984,1,0,1,0.923478492063492,1
"Histone deacetylase 5",1,1,1,1,0.166093253968254,1,0.797247619047619,0.132874603174603,1,1,1
"Liver glycogen phosphorylase",1,1,1,1,1,1,1,0.132874603174603,1,0.265749206349206,0.265749206349206
"Tyrosine-protein kinase LCK",0.925969890873016,0.805552281746032,0.805552281746032,0.82572074829932,0.805552281746032,0.82572074829932,1,1,0.805552281746032,0.82572074829932,1
"Cathepsin D",0.852612037037037,0.697591666666667,0.934867743764172,0.697591666666667,1,1,1,0.697591666666667,0.697591666666667,1,0.697591666666667
"Melanocortin receptor 4",1,1,1,1,1,1,1,1,1,1,1
"Peptide N-myristoyltransferase 1",0.581326388888889,1,1,0.581326388888889,0.575789947089947,0.332186507936508,1,1,0.332186507936508,1,0.581326388888889
"Tyrosine-protein kinase SYK",0.442915343915344,1,0.744097777777778,1,0.442915343915344,1,1,1,0.664373015873016,1,0.442915343915344
"MAP kinase p38 alpha",1,1,1,1,1,1,1,1,1,1,1
"Carbonic anhydrase I",1,0.315577182539683,1,0.382014484126984,1,0.382014484126984,1,0.0332186507936508,1,1,1
"Furin",0.930122222222222,1,0.930122222222222,0.930122222222222,1,1,1,0.930122222222222,0.930122222222222,1,0.930122222222222
"Tryptase beta-1",1,1,1,1,1,1,1,1,1,1,1
"Glycogen synthase kinase-3 beta",1,0.85039746031746,1,0.465061111111111,0.85039746031746,1,1,0.332186507936508,1,0.85039746031746,1
"Dual specificity protein phosphatase 3",0.740301360544218,0.625617923280423,1,0.625617923280423,1,0.55364417989418,0.622849702380952,0.43184246031746,0.95503621031746,0.43184246031746,1
"c-Jun N-terminal kinase 3",0.199311904761905,1,1,1,0.357100496031746,1,1,0.116265277777778,0.0332186507936508,0.611223174603175,1
"Histamine H3 receptor",1,1,1,0.930122222222222,1,1,1,1,1,0.930122222222222,1
"Phosphodiesterase 2A",1,1,1,1,1,1,1,1,1,1,1
"Adenosylhomocysteinase",0.966662738095238,0.389132766439909,0.389132766439909,0.56886939484127,1,0.265749206349206,0.966662738095238,0.232530555555556,0.389132766439909,0.389132766439909,0.389132766439909
"Tyrosine-protein kinase SRC",1,1,1,1,0.382014484126984,1,1,0.382014484126984,1,0.941195105820106,1
"Cathepsin K",1,1,1,1,1,0.979950198412698,1,1,1,1,0.979950198412698
"Macrophage-stimulating protein receptor",1,1,1,0.813856944444445,0.797247619047619,1,1,1,1,1,1
"Cystinyl aminopeptidase",1,0.730810317460317,1,0.730810317460317,0.730810317460317,1,0.730810317460317,0.730810317460317,0.730810317460317,0.730810317460317,0.730810317460317
"Focal adhesion kinase 1",0.249139880952381,1,1,1,1,1,1,0.0332186507936508,1,1,1
"Mitogen-activated protein kinase kinase kinase 11",1,1,1,1,1,1,1,1,1,0.896903571428571,1
"Histone deacetylase 7",0.465061111111111,1,1,1,1,1,1,1,1,0.465061111111111,1
"Phosphodiesterase 11A",1,1,1,1,1,1,1,1,1,1,1
"Cytochrome P450 11B2",0.915885657596372,0.915885657596372,0.409696693121693,1,1,1,0.409696693121693,1,0.915885657596372,0.409696693121693,0.915885657596372
"Protein-glutamine gamma-glutamyltransferase",0.960019007936508,1,0.697591666666667,0.960019007936508,0.960019007936508,0.960019007936508,0.960019007936508,0.960019007936508,0.960019007936508,0.960019007936508,0.960019007936508
"Phospholipase D2",0.359868716931217,0.683355102040816,0.265749206349206,0.848921075837743,1,0.265749206349206,1,0,0.210384788359788,0.132874603174603,0.697591666666667
"Metabotropic glutamate receptor 4",1,0.902440013227513,1,0.697591666666667,0.810535079365079,0.697591666666667,0.810535079365079,1,1,0.697591666666667,1
"C-C chemokine receptor type 5",0.671016746031746,0.671016746031746,1,0.642227248677249,1,0.996559523809524,1,0.149483928571429,1,0.132874603174603,1
"Fibroblast growth factor receptor 3",1,0.232530555555556,1,1,1,1,1,1,1,0.730810317460317,1
"Phosphodiesterase 4B",1,1,1,1,1,1,1,1,1,1,1
"Ileal bile acid transporter",1,1,1,1,1,1,1,1,1,1,1
"Integrin alpha-4",1,1,1,1,1,1,1,0.298967857142857,1,0.132874603174603,1
"Sodium/hydrogen exchanger 1",1,1,0.996559523809524,1,0.996559523809524,0.996559523809524,1,0.996559523809524,0.996559523809524,0.996559523809524,0.996559523809524
"Acyl coenzyme A:cholesterol acyltransferase 1",0.959649911816579,0.0332186507936508,0.689287003968254,0.689287003968254,0.959649911816579,0.959649911816579,1,0.689287003968254,0.959649911816579,1,0.959649911816579
"Estradiol 17-beta-dehydrogenase 2",1,0.869221362433862,1,0.790603888888889,1,1,1,0.788942956349206,0.597935714285714,0.788942956349206,0.788942956349206
"Vascular endothelial growth factor receptor 2",0.721319274376417,0.498279761904762,0.573021726190476,0.498279761904762,0.603472156084656,1,1,0.199311904761905,0.603472156084656,1,1
"Matrix metalloproteinase 13",0.305611587301587,0.808320502645503,1,0.42235141723356,0.305611587301587,0.305611587301587,0.797247619047619,0.0332186507936508,0.305611587301587,0.354332275132275,1
"Tyrosine-protein kinase ZAP-70",0.778265532879819,0.764028968253968,1,0.764028968253968,0.764028968253968,1,1,0.778265532879819,0.764028968253968,1,0.664373015873016
"LXR-alpha",1,1,1,1,1,1,1,1,1,1,1
"Protein-glutamine gamma-glutamyltransferase K",1,0.365405158730159,1,1,1,1,1,1,1,0.70866455026455,0.365405158730159
"Nerve growth factor receptor Trk-A",0.919049338624339,1,1,0.764028968253968,0.764028968253968,1,1,0.788942956349206,1,0.597935714285714,0.919049338624339
"Coagulation factor XI",1,0.354332275132275,0.725273875661376,0.348795833333333,0.759283446712018,0.725273875661376,1,1,0.348795833333333,1,0.725273875661376
"Casein kinase I delta",1,1,1,1,1,1,1,1,1,1,1
"Matrix metalloproteinase 3",1,1,0.365405158730159,0.365405158730159,1,1,1,1,1,0.365405158730159,1
"Tyrosine-protein kinase JAK1",0.81717880952381,0.755724305555556,1,1,0.755724305555556,0.0332186507936508,1,0.755724305555556,1,1,1
"Dipeptidyl peptidase IV",1,0.925376700680272,0.575789947089947,0.575789947089947,0.925376700680272,1,1,0.575789947089947,0.925376700680272,0.925376700680272,1
"Serine/threonine-protein kinase mTOR",1,1,1,1,0.620081481481481,0.755724305555556,1,1,0.597935714285714,0.620081481481481,1
"Glycogen synthase kinase-3 alpha",1,1,1,1,1,1,1,0.631154365079365,1,0.166093253968254,0.166093253968254
"Renin",1,0.896903571428571,1,1,1,1,0.896903571428571,1,1,1,1
"Sigma opioid receptor",1,1,1,1,1,1,1,1,1,1,0.996559523809524
"Mitogen-activated protein kinase kinase kinase 9",1,0.445129920634921,1,0.232530555555556,0.0996559523809524,1,0.199311904761905,1,1,1,0.445129920634921
"Phosphodiesterase 4D",0.910191031746032,0.199311904761905,1,0.481670436507937,1,1,0.910191031746032,1,1,0.910191031746032,1
"Carbonic anhydrase III",0.365405158730159,0.265749206349206,1,0.265749206349206,1,1,1,0.372048888888889,1,0.907976455026455,0.265749206349206
"Hematopoietic cell protein-tyrosine phosphatase 70Z-PEP",0.589631051587302,1,0.589631051587302,1,1,0.589631051587302,1,0.589631051587302,0.657729285714286,1,1
"Phosphodiesterase 3B",1,0.697591666666667,1,1,1,1,1,1,1,1,1
"Arachidonate 15-lipoxygenase",1,1,1,1,1,1,1,1,1,1,1
"Phosphodiesterase 4C",1,1,1,1,1,1,1,1,1,1,1
"Telomerase reverse transcriptase",1,1,1,1,1,1,1,1,0.631154365079365,1,1
"Protein kinase C gamma",1,1,1,1,0.813856944444445,1,1,0.664373015873016,1,1,1
"Cathepsin S",0.240835218253968,1,1,0.448451785714286,1,0.882667006802721,0.448451785714286,0.240835218253968,0.971645535714286,0.166093253968254,0.240835218253968
"Sphingosine 1-phosphate receptor Edg-5",0.551429603174603,0.274053869047619,0.818009275793651,0.132874603174603,0.989177601410935,1,0.818009275793651,0.603472156084656,0.274053869047619,1,0.274053869047619
"Tyrosine-protein kinase ITK/TSK",1,0.916834761904762,0.199311904761905,0.620081481481481,1,1,1,1,0.622849702380952,1,0.620081481481481
"Dual specificity mitogen-activated protein kinase kinase 2",1,1,1,1,1,1,1,0.863684920634921,1,1,0.913512896825397
"Tyrosine-protein kinase JAK2",0.69343933531746,0.69343933531746,1,0.69343933531746,0.69343933531746,0.837848192239859,1,0.0664373015873016,0.465061111111111,0.69343933531746,0.69343933531746
"Rho-associated protein kinase 2",0.298967857142857,0.787282023809524,0.787282023809524,0.787282023809524,0.787282023809524,0.787282023809524,0.787282023809524,0.357100496031746,0.357100496031746,1,0.357100496031746
"Cholecystokinin B receptor",1,1,1,1,1,1,1,0.963340873015873,1,0.963340873015873,1
"Protein kinase C alpha",1,1,1,1,1,1,1,1,1,1,1
"Protein kinase C delta",1,1,1,1,0.191007242063492,0.191007242063492,0.191007242063492,1,1,0.191007242063492,1
"P2X purinoceptor 3",0.913512896825397,0.710879126984127,0.913512896825397,0.710879126984127,0.199311904761905,0.686518783068783,1,0.686518783068783,0.913512896825397,1,1
"Multidrug resistance-associated protein 1",1,1,1,1,1,1,1,1,1,1,1
"Receptor protein-tyrosine kinase erbB-4",1,1,1,1,1,1,1,1,1,1,1
"Cyclin-dependent kinase 2",1,1,1,1,1,1,1,1,1,1,1
"Phosphodiesterase 7A",1,1,1,1,1,1,1,1,1,1,1
"Matriptase",1,1,1,0.531498412698413,1,1,1,1,1,1,1
"Sphingosine kinase 2",1,0.857041190476191,1,1,1,0.730810317460317,1,0.0332186507936508,0.664373015873016,0.664373015873016,1
"Serine/threonine-protein kinase PLK1",1,1,0.946731547619048,1,0.974413756613757,1,0.946731547619048,1,1,1,1
"Carbonic anhydrase VI",0.981795679012346,0.981795679012346,0.981795679012346,0.664373015873016,0.981795679012346,0.981795679012346,1,0.786174735449735,0.132874603174603,0.981795679012346,1
"Protein kinase C beta",0.656068353174603,1,1,1,1,0.656068353174603,1,0.265749206349206,1,0.265749206349206,1
"Cyclin-dependent kinase 7",1,1,1,1,1,1,1,1,1,1,1
"Glycine transporter 2",1,0.511567222222222,1,1,1,0.511567222222222,0.511567222222222,0.382014484126984,0.545734977324263,0.132874603174603,0.545734977324263
"Cyclin-dependent kinase 1",1,1,1,1,1,1,1,1,1,1,1
"Excitatory amino acid transporter 1",1,1,1,1,1,1,1,1,1,1,1
"Plasma retinol-binding protein",0.406928472222222,1,0.972831916099773,0.972831916099773,1,1,0.896903571428572,0.406928472222222,0.406928472222222,0.406928472222222,1
"Poly [ADP-ribose] polymerase-1",1,0.465061111111111,1,1,1,0.664373015873016,1,0.664373015873016,1,1,1
"Thymidine phosphorylase",1,1,1,1,1,0.714200992063492,1,1,0.714200992063492,1,1
"Cyclin-dependent kinase 9",0.12456994047619,1,0.12456994047619,0.66806397707231,0.0664373015873016,0.351168594104308,0.338830238095238,0.12456994047619,0.543955406746032,0.351168594104308,0.986593928571429
"PI3-kinase p110-delta subunit",0.960019007936508,0.780638293650794,1,0.564717063492064,0.564717063492064,0.960019007936508,0.780638293650794,0,0.780638293650794,0.0498279761904762,0.730810317460318
"DNA-dependent protein kinase",0.948577028218695,1,0.616917800453515,0.616917800453515,1,0.518210952380952,0.409696693121693,0.39862380952381,0.888598908730159,0.0996559523809524,0.518210952380952
"PI3-kinase p110-beta subunit",1,1,1,1,1,1,1,1,1,1,1
"Serotonin 7 (5-HT7) receptor",0.730810317460317,0.793925753968254,0.730810317460317,0.465061111111111,0.465061111111111,1,0.465061111111111,0,0.788942956349206,0,0.793925753968254
"Bradykinin B2 receptor",1,0.524854682539683,0,1,1,0.489975099206349,0.559180621693122,0.232530555555556,0.754537925170068,0.365405158730159,1
"Protein-tyrosine phosphatase 1C",0.0664373015873016,0.979950198412698,1,0.722505654761905,0.509352645502645,0.979950198412698,0.979950198412698,0.979950198412698,0.315577182539683,1,1
"Carboxylesterase 2",1,1,1,1,1,1,0.43184246031746,1,1,1,1
"Estradiol 17-beta-dehydrogenase 1",0.620081481481481,1,1,0.620081481481481,0.620081481481481,0.717522857142857,0.841539153439153,1,0.717522857142857,1,1
"Histone deacetylase 8",1,1,1,1,1,1,1,1,1,1,1
"Prolyl endopeptidase",0.930122222222222,0.930122222222222,0.930122222222222,0.110728835978836,1,0.847075595238095,0.930122222222222,0.0996559523809524,0.930122222222222,0.0664373015873016,1
"Matrix metalloproteinase 9",1,0.780638293650794,0.780638293650794,1,1,1,1,0.780638293650794,0.780638293650794,1,1
"CD22",0.232530555555556,1,1,1,1,1,1,1,1,1,1
"Metabotropic glutamate receptor 5",0.78986569664903,0.343259391534392,0.411080803571429,0.274053869047619,0.343259391534392,0.254676322751323,0.411080803571429,0.0332186507936508,1,1,0.254676322751323
"Sphingosine 1-phosphate receptor Edg-6",0.971645535714286,0.971645535714286,0.971645535714286,0.971645535714286,0.971645535714286,1,0.971645535714286,0.971645535714286,0.971645535714286,1,1
"Rho-associated protein kinase 1",0.426306018518519,0.440147123015873,0.210384788359788,0.440147123015873,1,1,0.426306018518519,0.210384788359788,0.907976455026455,0.210384788359788,0.426306018518519
"Tyrosine-protein kinase HCK",1,1,1,1,1,1,1,1,1,1,1
"Carbonic anhydrase XII",0.988254861111111,1,1,1,1,1,1,0.298967857142857,0.298967857142857,0.376478042328042,1
"Histone deacetylase 1",0.919049338624339,1,0.919049338624339,0.597935714285714,1,1,1,0.620081481481481,1,0.919049338624339,0.620081481481481
"Lysophosphatidic acid receptor Edg-7",1,1,0.132874603174603,0.822161607142857,0.199311904761905,1,1,1,1,1,0.597935714285714
"PI3-kinase p110-gamma subunit",0.837848192239859,0.240835218253968,1,0.837848192239859,0.210384788359788,0.210384788359788,0.445129920634921,0.199311904761905,0.459524669312169,1,0.837848192239859
"PI4-kinase beta subunit",0.775101851851852,0.775101851851852,1,1,1,1,1,0.775101851851852,1,1,1
"Cathepsin L2",0.764028968253968,0.778265532879819,0.778265532879819,0.778265532879819,0.915358377425044,0.764028968253968,1,1,0.915358377425044,0.778265532879819,0.778265532879819
"Urokinase-type plasminogen activator",0.473365773809524,1,0.668525347222222,1,1,0.668525347222222,0.473365773809524,0.631154365079365,0.668525347222222,0.473365773809524,0.473365773809524
"Testis-specific androgen-binding protein",1,0.498279761904762,1,1,0.365405158730159,1,1,0.365405158730159,0.531498412698413,1,1
"Caspase-6",1,1,1,1,1,1,1,1,1,1,1
"Cyclin-dependent kinase 4",0.265749206349206,0.265749206349206,0.923478492063492,0.863684920634921,0.923478492063492,0.923478492063492,0.923478492063492,1,0.265749206349206,0.923478492063492,0.923478492063492
"Histone deacetylase 11",1,1,1,1,1,1,1,1,1,1,1
"Sodium-dependent proline transporter",1,0.47751810515873,0.166093253968254,0.494588800705467,0.42519873015873,0.42519873015873,0.47751810515873,0,1,0.47751810515873,0.42519873015873
"Matrix metalloproteinase-1",0.971645535714286,1,0.971645535714286,0.971645535714286,0.971645535714286,0.971645535714286,0.971645535714286,1,1,0.971645535714286,0.971645535714286
"Matrix metalloproteinase-2",1,1,1,0.896903571428571,1,1,1,1,0.896903571428571,1,1
"Protein-tyrosine phosphatase 1B",0.409696693121693,0.298967857142857,0.618697371031746,0.618697371031746,0.618697371031746,0.887843939393939,0.618697371031746,0.298967857142857,0.70866455026455,0.740775912698413,0.43184246031746
"Acetyl-CoA carboxylase 1",1,1,1,1,0.819393386243386,1,1,0.0996559523809524,0.819393386243386,1,1
"Serotonin 6 (5-HT6) receptor",0.597935714285714,0.132874603174603,0.702337188208617,0.823084347442681,1,0.642227248677249,1,0.642227248677249,0.823084347442681,0.149483928571429,0.453988227513228
"MAP kinase ERK1",1,0.647763690476191,1,1,1,1,1,1,1,0.647763690476191,1
"Cytochrome P450 2C9",1,1,1,1,1,1,1,1,1,1,1
"Probable G-protein coupled receptor 88",0.890259841269841,0.976628333333333,1,0.890259841269841,0.896903571428571,0.896903571428571,0.976628333333333,0.896903571428571,0.890259841269841,0.890259841269841,0.890259841269841
"Cytochrome P450 3A4",1,1,1,1,1,1,1,1,1,1,1
"Pregnane X receptor",0.697591666666667,1,1,0.697591666666667,1,1,1,1,0.697591666666667,1,1
"Carboxypeptidase B2 isoform A",0.669909457671958,0.818009275793651,0.669909457671958,0.754537925170068,0.669909457671958,0.669909457671958,1,0.669909457671958,1,0.952267989417989,0.669909457671958
"Serotonin 5a (5-HT5a) receptor",1,0.963340873015873,0.963340873015873,0.963340873015873,0.963340873015873,1,0.963340873015873,1,1,1,1
"Estrogen-related receptor alpha",1,1,1,1,1,1,1,1,1,1,1
"Amine oxidase, copper containing",1,1,0.409696693121693,0.847075595238095,1,0.755724305555556,1,0.0664373015873016,0.847075595238095,0.166093253968254,1
"Protein kinase C zeta",1,1,0.622849702380952,1,1,0.622849702380952,1,1,1,0.622849702380952,0.622849702380952
"Melanin-concentrating hormone receptor 1",0.81717880952381,0.631154365079365,0.858148478835979,0.941195105820106,1,0.631154365079365,0.941195105820106,0.941195105820106,0.265749206349206,0.631154365079365,1
"Caspase-7",0.786174735449735,0.988254861111111,0.988254861111111,1,1,0.988254861111111,0.988254861111111,1,0.988254861111111,0.786174735449735,0.786174735449735
"C-C chemokine receptor type 3",0.643233874458874,0.249139880952381,0.643233874458874,0.643233874458874,0.643233874458874,0.643233874458874,0.643233874458874,0.249139880952381,0.643233874458874,0.643233874458874,0.643233874458874
"Phospholipase A2 group IIA",0.498279761904762,1,0.788942956349206,0.819393386243386,1,0.498279761904762,1,1,1,0.265749206349206,0.819393386243386
"Plasminogen activator inhibitor-1",1,1,0.907976455026455,1,0.907976455026455,0.907976455026455,1,1,1,1,1
"Inhibitor of nuclear factor kappa B kinase alpha subunit",1,1,1,1,1,1,0.43184246031746,1,1,0.43184246031746,1
"Proteasome Macropain subunit",1,0.845230114638448,0.625617923280423,0.166093253968254,0.845230114638448,1,0.625617923280423,0.620081481481481,0.625617923280423,0.166093253968254,0.845230114638448
"Carbonic anhydrase XIV",1,1,1,0.863684920634921,0.963340873015873,1,1,0.365405158730159,1,1,1
"LDL-associated phospholipase A2",1,1,1,1,1,1,1,1,1,1,1
"Cytochrome P450 17A1",1,1,0.911140136054422,0.911140136054422,1,0.911140136054422,0.911140136054422,0.911140136054422,1,0,0.764028968253968
"Histone deacetylase 4",1,1,0.930122222222222,0.930122222222222,0.930122222222222,1,1,1,1,1,0.930122222222222
"Inhibitor of nuclear factor kappa B kinase epsilon subunit",1,0.514889087301587,1,1,1,1,1,0,1,0.55364417989418,1
"Phosphodiesterase 9A",1,1,0.775101851851852,0.730810317460317,0.956697142857143,1,1,1,1,0.956697142857143,0.775101851851852
"Tyrosine-protein kinase TYK2",1,1,1,1,1,1,1,1,1,1,1
"Steryl-sulfatase",0.887843939393939,0.887843939393939,0.730810317460318,0.365405158730159,0.730810317460318,0.887843939393939,0.76956541005291,0.564717063492063,0.564717063492063,0.887843939393939,0.887843939393939
"Nitric-oxide synthase, brain",1,1,1,1,1,1,1,1,1,1,1
"Cholesteryl ester transfer protein",1,1,1,1,1,1,1,1,1,1,1
"Protein kinase C epsilon",1,1,1,1,1,1,1,1,1,1,1
"Dual specificity mitogen-activated protein kinase kinase 1",0.348795833333333,1,1,0.348795833333333,0.484992301587302,1,1,0.0332186507936508,0.348795833333333,1,1
"Adenosine kinase",0.441333503401361,0.934274553571429,0.441333503401361,0.441333503401361,0.441333503401361,0.441333503401361,1,0.441333503401361,1,0.441333503401361,1
"Hormone sensitive lipase",0.450824546485261,0.149483928571429,1,1,1,0.390319146825397,0.450824546485261,0.15502037037037,0.450824546485261,0.0664373015873016,0.589631051587302
"Carbonic anhydrase IX",1,1,1,1,1,1,1,1,1,1,1
"Protein kinase C eta",1,0.855380257936508,1,1,1,0.855380257936508,1,1,1,0.855380257936508,0.855380257936508
"Cytochrome P450 2C19",1,1,1,1,0.487206878306878,0.487206878306878,1,0.487206878306878,1,1,1
"Quinone reductase 1)",1,1,1,1,1,1,1,1,1,1,1
"Casein kinase II alpha",1,1,1,1,1,1,1,1,1,1,1
"Opioid growth factor receptor-like protein 1",1,1,1,1,0.166093253968254,1,1,1,1,1,1
"Kininogen-1",0.963340873015873,0.963340873015873,0.963340873015873,1,1,0.963340873015873,0.963340873015873,0.896903571428571,0.963340873015873,0.896903571428571,1
"Acetyl-coenzyme A transporter 1",1,1,0.92181755952381,1,1,1,1,0.92181755952381,0.863684920634921,1,0.863684920634921
"Fibroblast growth factor receptor 1",1,1,1,1,1,1,1,1,0.597935714285714,1,1
"PI4-kinase alpha subunit",0.531498412698413,0.966662738095238,0.966662738095238,0.531498412698413,1,0.966662738095238,0.531498412698413,0.531498412698413,0.531498412698413,0.332186507936508,0.882667006802721
"Arachidonate 12-lipoxygenase",0,0.290663194444444,1,0.290663194444444,1,1,1,0.991023082010582,0.290663194444444,1,0.578004523809524
"Autotaxin",1,1,1,1,1,1,1,1,1,1,1
"ADAM17",1,0.730810317460317,1,0.730810317460317,0.730810317460317,1,0.730810317460317,0.730810317460317,0.730810317460317,0.730810317460317,0.747419642857143
"Prostanoid EP3 receptor",1,0.92458578042328,0.92458578042328,0.92458578042328,0.92458578042328,0.92458578042328,1,1,1,0.92458578042328,1
"Hepatocyte growth factor receptor",0.941195105820106,1,0.941195105820106,1,1,1,1,0.941195105820106,1,1,1
"Carbonic anhydrase IV",0.824929828042328,0.975797867063492,1,0.182702579365079,1,1,0.810535079365079,0.489975099206349,0.489975099206349,0.0996559523809524,0.85893939909297
"11-beta-hydroxysteroid dehydrogenase 2",0.631154365079365,1,0.484992301587302,0.484992301587302,1,0.484992301587302,0.616917800453515,0.581326388888889,1,0.484992301587302,0.484992301587302
"Histamine H4 receptor",0.509352645502645,0.967031834215168,0.883616111111111,0.509352645502645,0.967031834215168,0.967031834215168,1,0.967031834215168,0.509352645502645,0.883616111111111,1
"Beta-glucosidase",1,1,1,1,1,1,1,1,1,1,1
"Urotensin II receptor",1,0.43184246031746,0.747419642857143,1,1,1,1,1,1,1,1
"Metabotropic glutamate receptor 1",1,0.946731547619048,1,0.946731547619048,1,1,1,0.946731547619048,1,1,0.946731547619048
"Dual specificity phosphatase Cdc25A",1,1,1,1,0.73911498015873,1,1,0.0996559523809524,1,0.315577182539683,0.73911498015873
"Caspase-8",1,1,1,1,1,1,1,1,1,1,1
"Interleukin-1 receptor-associated kinase 4",0.910191031746032,0.910191031746032,0.910191031746032,0.755724305555556,0.910191031746032,0.755724305555556,1,0.910191031746032,0.755724305555556,0.755724305555556,0.910191031746032
"Histone acetyltransferase p300",1,0.905208234126984,1,0.905208234126984,0.905208234126984,1,1,0.0332186507936508,1,1,1
"Hydroxycarboxylic acid receptor 2",1,1,1,1,1,1,1,1,1,1,1
"Serine/threonine-protein kinase PLK4",1,1,1,1,1,1,1,1,1,1,1
"Melanocortin receptor 1",1,1,1,0.6754458994709,1,0.6754458994709,1,1,1,1,0.6754458994709
"Calcitonin gene-related peptide type 1 receptor",0.0996559523809524,0.936765952380952,0.936765952380952,0.936765952380952,0.930122222222222,0.936765952380952,0.783960158730159,0.465061111111111,1,0.465061111111111,0.465061111111111
"T-cell protein-tyrosine phosphatase",0.82097522675737,1,1,0.82097522675737,0.82097522675737,1,0.82097522675737,0.82097522675737,0.82097522675737,1,0.82097522675737
"Cytosolic phospholipase A2",0.0996559523809524,0.531498412698413,0.179380714285714,1,0.179380714285714,0.0996559523809524,0.359868716931217,0,1,0.971645535714286,1
"Hexokinase type IV",0.61454503968254,0.919049338624339,1,0.61454503968254,0.919049338624339,1,0.919049338624339,0.73911498015873,0.919049338624339,0.73911498015873,0.919049338624339
"Serine/threonine-protein kinase NEK2",1,1,1,1,1,1,1,1,1,1,1
"LIM domain kinase 1",0.265749206349206,1,1,1,1,0.930122222222222,1,0.332186507936508,1,0.420769576719577,0.930122222222222
"Cathepsin L",0.557335141093474,0.557335141093474,0.557335141093474,0.557335141093474,0.232530555555556,1,0.557335141093474,0.166093253968254,0.557335141093474,0.0664373015873016,1
"Protein kinase C mu",0.806738662131519,0.689287003968254,0.806738662131519,0.777316428571429,0.689287003968254,0.912002958152958,0.912002958152958,0.689287003968254,0.689287003968254,0.912002958152958,0.912002958152958
"Protein-tyrosine phosphatase 2C",1,1,0.279036666666667,0.942579216269841,1,0.719737433862434,0.942579216269841,0.0166093253968254,0,0.0221457671957672,0.279036666666667
"Matrix metalloproteinase 14",1,1,1,0.92458578042328,0.92458578042328,0.92458578042328,0.92458578042328,0.92458578042328,1,0.265749206349206,1
"Heat shock protein HSP 90-alpha",1,0.166093253968254,1,1,1,1,1,1,1,1,1
"Sodium/glucose cotransporter 2",1,1,1,1,1,1,1,0.116265277777778,1,0.116265277777778,1
"Calpain 1",0.581326388888889,0.741883201058201,0.768774489795918,0.415233134920635,0.818009275793651,1,1,1,0.741883201058201,0.520425529100529,0.415233134920635
"Sphingosine 1-phosphate receptor Edg-3",1,1,1,0.315577182539683,1,0.855380257936508,1,0.315577182539683,1,1,0.855380257936508
"Bone morphogenetic protein 1",0.669118537414966,0.592399272486772,0.592399272486772,0.592399272486772,1,1,1,0.564717063492064,1,0.592399272486772,0.592399272486772
"Glutathione S-transferase Pi",0.232530555555556,1,1,0.332186507936508,0.790603888888889,1,1,0.232530555555556,1,0.298967857142857,1
"Tyrosine-protein kinase Lyn",1,1,1,1,1,0.896903571428571,1,0.896903571428571,1,0.896903571428571,1
"Ribosomal protein S6 kinase alpha 2",0.132874603174603,0.882667006802721,1,0.243603439153439,1,1,1,0.882667006802721,0.882667006802721,0.730810317460317,0.132874603174603
"Carbonic anhydrase XIII",0.680982341269841,0.680982341269841,1,1,1,0.876972380952381,0.876972380952381,1,0.876972380952381,1,1
"Complement C1s",0.901055902777778,1,0.841539153439153,0.901055902777778,0.901055902777778,1,0.901055902777778,0.298967857142857,0.901055902777778,0.298967857142857,0.915358377425044
"Protein kinase C theta",1,1,0.498279761904762,1,1,0.631154365079365,1,0.498279761904762,0.498279761904762,1,0.81717880952381
"Heparanase",0.531498412698413,0.387550925925926,0.767719929453263,1,0.199311904761905,0.43184246031746,0.531498412698413,0.315577182539683,1,0.531498412698413,0.531498412698413
"Methionine aminopeptidase 2",1,1,0.298967857142857,1,0.298967857142857,1,0.298967857142857,0.612172278911565,0.298967857142857,0.298967857142857,0.298967857142857
"Serine/threonine-protein kinase Aurora-C",0.896903571428572,0.896903571428572,1,1,1,1,1,1,0.896903571428572,0.896903571428572,0.896903571428572
"Quinone reductase 2",0.294815525793651,0.116265277777778,0.157788591269841,0.12180171957672,0.899923448773449,0.575789947089947,0.294815525793651,0.219243095238095,0.27682208994709,0.116265277777778,0.880294246031746
"MAP kinase p38 beta",1,1,1,1,1,0.896903571428571,1,1,0.631154365079365,1,1
"Carbonic anhydrase VB",0.564717063492063,0.498279761904762,0.498279761904762,0.564717063492063,1,0.498279761904762,0.801399950396825,1,0.498279761904762,0.498279761904762,1
"GAR transformylase",1,1,1,1,1,1,1,1,1,0.647763690476191,0.647763690476191
"Proteinase-activated receptor 1",1,1,0.365405158730159,0.365405158730159,1,0.503816203703704,0.365405158730159,0.365405158730159,1,0.0996559523809524,1
"Fructose-1,6-bisphosphatase",1,1,1,1,1,1,1,1,1,1,1
"Dipeptidyl peptidase II",1,1,1,0.930122222222222,1,1,1,1,1,1,1
"Peroxisome proliferator-activated receptor delta",0.456756448412698,0.0996559523809524,1,1,0.904285493827161,0.904285493827161,0.904285493827161,0.456756448412698,0.847075595238095,0.456756448412698,0.471704841269841
"Serine/threonine-protein kinase 10",0.747419642857143,0.748929581529582,0.747419642857143,0.15502037037037,0.132874603174603,0.616917800453515,0.558073333333333,0.132874603174603,0.616917800453515,0.282358531746032,0.747419642857143
"Dual specificity protein kinase TTK",1,1,1,1,1,1,1,0.797247619047619,1,1,1
"Coagulation factor VII",1,1,1,1,1,1,1,1,1,1,1
"PI3-kinase p110-alpha subunit",1,0.730810317460317,0.956697142857143,0.730810317460317,0.730810317460317,0.730810317460317,0.730810317460317,0.730810317460317,0.730810317460317,0.730810317460317,0.730810317460317
"Tyrosine-protein kinase ABL2",1,1,1,1,1,1,1,1,1,1,1
"C-C chemokine receptor type 2",1,1,1,1,1,1,1,1,1,1,1
"Glutamate receptor ionotropic, AMPA 2",1,1,1,1,1,1,1,1,1,1,1
"Neuropeptide Y receptor type 2",0.950883878968254,0.950883878968254,1,0.863684920634921,0.950883878968254,1,0.950883878968254,1,0.950883878968254,0.950883878968254,0.950883878968254
"HMG-CoA reductase",0.43184246031746,0.27682208994709,0.27682208994709,1,1,0.27682208994709,1,0.43184246031746,1,0.43184246031746,1
"Signal transducer and activator of transcription 3",0.647763690476191,1,1,1,1,0.647763690476191,1,1,1,1,1
"Interleukin-8 receptor A",0.818009275793651,0.818009275793651,0.818009275793651,0.387550925925926,0.387550925925926,0.863684920634921,1,0.387550925925926,0.664373015873016,0.818009275793651,1
"Cyclin-dependent kinase 5",0.822161607142857,0.465061111111111,0.786174735449735,0.465061111111111,0.822161607142857,0.465061111111111,0.883616111111111,0.0996559523809524,0.465061111111111,1,0.883616111111111
"MAP kinase ERK2",0.83046626984127,0.83046626984127,0.991814002267574,0.83046626984127,0.991814002267574,1,0.991814002267574,1,0.43184246031746,1,1
"Cystic fibrosis transmembrane conductance regulator",0.6754458994709,1,0.378692619047619,0.298967857142857,0.559180621693122,1,0.378692619047619,0.166093253968254,0.6754458994709,0.6754458994709,0.321113624338624
"Chymase",0.955958950617284,0.810535079365079,1,1,0.810535079365079,0.955958950617284,0.730810317460317,0.730810317460317,0.730810317460317,0.869221362433862,0.955958950617284
"Casein kinase II alpha (prime)",1,1,1,1,1,1,1,1,1,1,1
"Cathepsin B",0.573021726190476,1,1,0.573021726190476,1,1,1,1,1,0.573021726190476,0.573021726190476
"Matrix metalloproteinase 7",0.12180171957672,0.157788591269841,1,0.27682208994709,0.27682208994709,1,0.6754458994709,0.0996559523809524,0.606240376984127,0.0996559523809524,0.43184246031746
"Bombesin receptor subtype-3",1,1,1,1,1,1,1,1,1,1,1
"LXR-beta",0.265749206349206,1,1,0.265749206349206,1,1,1,0.265749206349206,1,0.265749206349206,1
"Neurotensin receptor 1",1,1,1,1,1,1,1,1,1,1,1
"Tyrosine-protein kinase TIE-2",0.653300132275132,0.382014484126984,0.265749206349206,1,1,1,1,1,1,1,0.888598908730159
"Fibroblast growth factor receptor 2",0.531498412698413,0.110728835978836,0.647763690476191,0.0664373015873016,0.647763690476191,0.647763690476191,0.647763690476191,0.274053869047619,0.647763690476191,0.869724675324675,0.110728835978836
"Histone deacetylase 9",1,0.780638293650794,1,0.780638293650794,0.871989583333333,1,1,1,1,0.989915793650794,0.871989583333333
"Fatty acid synthase",1,1,1,1,1,1,1,0.963340873015873,1,0.963340873015873,1
"c-Jun N-terminal kinase 2",1,1,1,1,1,1,1,1,1,1,1
"Sodium channel protein type II alpha subunit",0.941195105820106,0.0664373015873016,1,1,1,1,1,0.941195105820106,0.941195105820106,0.941195105820106,0.941195105820106
"Monoglyceride lipase",1,1,1,1,1,1,1,0.996559523809524,0.996559523809524,1,0.996559523809524
"Inhibitor of apoptosis protein 3",1,1,0.581326388888889,0,1,0.287894973544974,1,0.182702579365079,0.996559523809524,1,1
"Serine/threonine-protein kinase 2",1,0.911140136054422,0.911140136054422,0.332186507936508,1,0.911140136054422,0.911140136054422,0.265749206349206,1,0.265749206349206,1
"Dual specificity protein kinase CLK4",1,0.514889087301587,0.514889087301587,0.514889087301587,0.988254861111111,0.716573752834467,1,0.0332186507936508,1,0.716573752834467,0.524854682539683
"MAP kinase signal-integrating kinase 2",0.934867743764172,0.896903571428571,1,0.896903571428571,0.896903571428571,0.934867743764172,1,0.934867743764172,0.934867743764172,1,1
"Proteasome component C5",0.638536287477954,0.573021726190476,0.638536287477954,0.481670436507937,0.638536287477954,0.638536287477954,1,0.481670436507937,1,0.573021726190476,0.638536287477954
"Tyrosine-protein kinase FRK",1,1,1,1,1,1,1,1,1,1,1
"Dual specificty protein kinase CLK1",1,0.714200992063492,0.714200992063492,0.43184246031746,0.714200992063492,0.87614191468254,0.714200992063492,0.714200992063492,1,0.87614191468254,1
"Dual specificity protein kinase CLK2",1,1,1,1,1,1,1,1,1,1,1
"Lipoxin A4 receptor",0.559971541950113,1,0.559971541950113,0.166093253968254,1,0.42519873015873,0.166093253968254,0.166093253968254,1,1,0.42519873015873
"Estradiol 17-beta-dehydrogenase 3",1,1,0.957804431216931,0.957804431216931,0.957804431216931,0.957804431216931,0.957804431216931,1,1,1,0.957804431216931
"11-beta-hydroxysteroid dehydrogenase 1",1,1,1,1,1,1,1,0.930122222222222,0.0996559523809524,1,1
"Ribosomal protein S6 kinase alpha 5",1,1,1,1,1,1,1,1,1,1,1
"ALK tyrosine kinase receptor",1,0.647763690476191,1,0.647763690476191,1,1,1,1,1,1,1
"Hypoxia-inducible factor 1 alpha",1,1,1,1,1,1,1,1,1,1,1
"TGF-beta receptor type II",1,1,1,1,1,1,1,1,1,1,1
"Serine/threonine-protein kinase AKT",0.767350833333333,0.586862830687831,0.767350833333333,0.788187987012987,0.767350833333333,0.767350833333333,0.767350833333333,0.586862830687831,0.586862830687831,0.767350833333333,0.680982341269841
"Sodium channel protein type IX alpha subunit",0.930122222222222,1,1,1,1,1,1,1,1,1,1
"P-glycoprotein 1",1,1,1,1,1,1,1,1,1,1,0.664373015873016
"Heat shock protein HSP 90-beta",0.949104308390023,0.902440013227513,0.790603888888889,0.790603888888889,0.697591666666667,1,1,0.0332186507936508,1,0.199311904761905,1
"Calcium-activated potassium channel subunit alpha-1",1,1,1,1,1,1,1,1,1,1,1
"Intermediate conductance calcium-activated potassium channel protein 4",1,1,1,1,1,1,1,0.415233134920635,1,1,0.415233134920635
"Voltage-gated potassium channel subunit Kv1.5",0.357100496031746,1,1,0.254676322751323,1,1,1,0.149483928571429,1,0.149483928571429,0.538142142857143
"Bradykinin B1 receptor",1,0.697591666666667,1,1,1,1,1,1,1,0.979950198412698,1
"Purinergic receptor P2Y1",1,1,0.847075595238095,0.938426884920635,1,1,1,0.938426884920635,1,0.847075595238095,1
"Sphingosine 1-phosphate receptor Edg-1",0.627002033730159,0,0.570253505291005,1,0.602681235827664,1,1,0,0.570253505291005,0.570253505291005,0.570253505291005
"Purine nucleoside phosphorylase",1,1,1,1,0.0332186507936508,1,1,0.0498279761904762,1,1,1
"Serine/threonine-protein kinase GAK",0.365405158730159,0.365405158730159,1,0.132874603174603,0.210384788359788,0.315577182539683,0.946731547619048,0.149483928571429,0.778792813051146,0.365405158730159,0.701743998015873
"Induced myeloid leukemia cell differentiation protein Mcl-1",1,1,0.664373015873016,0.724166587301587,1,0.764028968253968,1,0.664373015873016,1,0.664373015873016,0.664373015873016
"Dual-specificity tyrosine-phosphorylation regulated kinase 2",1,1,1,1,1,1,1,1,1,1,1
"Gastric inhibitory polypeptide receptor",1,0.304504298941799,0.265749206349206,0.304504298941799,1,0.0996559523809524,0.42709693877551,0.930122222222222,0.265749206349206,0,0.47751810515873
"Matrix metalloproteinase 12",0.73911498015873,0.838770932539683,1,0.838770932539683,0.838770932539683,0.73911498015873,1,0.838770932539683,0.73911498015873,0.73911498015873,1
"Sphingosine kinase 1",1,0.697591666666667,0.863684920634921,1,1,0.697591666666667,1,1,1,1,0.863684920634921
"Phosphodiesterase 8B",1,0.254676322751323,0.254676322751323,0.974413756613757,1,0.232530555555556,1,1,0.705896329365079,0.974413756613757,1
"Phosphodiesterase 10A",1,1,1,1,1,1,1,1,1,1,1
"Free fatty acid receptor 1",1,0.841539153439153,1,0.915885657596372,0.448451785714286,0.476133994708995,0.841539153439153,0.365405158730159,1,0.841539153439153,1
"Prostanoid DP receptor",0.287894973544974,0.730810317460317,0.730810317460317,0.657729285714286,1,0.741883201058201,0.357100496031746,0.083046626984127,1,0,0.741883201058201
"Neurokinin 3 receptor",1,1,1,1,1,1,1,1,1,1,1
"TGF-beta receptor type I",0.802784060846561,0.802784060846561,1,0.802784060846561,1,0.802784060846561,0.802784060846561,1,1,1,0.802784060846561
"C-X-C chemokine receptor type 3",1,1,1,1,1,1,1,1,1,1,1
"Vitamin K-dependent protein C",0.867837251984127,0.867837251984127,0.867837251984127,1,1,0.867837251984127,0.867837251984127,0.867837251984127,0.867837251984127,0.867837251984127,0.889521649029982
"Tyrosine-protein kinase FGR",0.702337188208617,0.702337188208617,0.702337188208617,1,1,0.92181755952381,0.702337188208617,0.702337188208617,0.702337188208617,0.702337188208617,1
"NAD-dependent deacetylase sirtuin 3",0.863684920634921,0.210384788359788,1,0.73911498015873,0.210384788359788,1,1,0,1,1,1
"NAD-dependent deacetylase sirtuin 2",1,1,1,1,1,1,1,1,1,1,1
"Acyl coenzyme A:cholesterol acyltransferase 2",1,0.232530555555556,0.949104308390023,0.581326388888889,0.581326388888889,1,1,0.581326388888889,1,0.581326388888889,0.581326388888889
"Voltage-gated N-type calcium channel alpha-1B subunit",0.42519873015873,0.797247619047619,0.42519873015873,0.797247619047619,0.42519873015873,0.0332186507936508,1,1,0.382014484126984,0.636690806878307,1
"Nitric oxide synthase, inducible",1,1,1,1,1,1,1,1,1,1,1
"Serine/threonine-protein kinase PAK 4",0.573021726190476,0.514889087301587,0.232530555555556,1,1,0.573021726190476,0.514889087301587,0.39862380952381,0.514889087301587,0.730810317460317,0.514889087301587
"Ribosomal protein S6 kinase 1",0.182702579365079,0.70866455026455,0.586862830687831,0.70866455026455,0.70866455026455,1,0.70866455026455,0.589631051587302,0.70866455026455,0.166093253968254,1
"NAD-dependent deacetylase sirtuin 1",1,1,1,0.863684920634921,1,1,1,1,1,1,1
"Glutaminyl-peptide cyclotransferase",1,1,1,1,0.841539153439153,0.996559523809524,0.841539153439153,0.797247619047619,0.863684920634921,1,1
"Serine/threonine-protein kinase PIM2",0.702337188208617,0.348795833333333,0.348795833333333,0.705896329365079,0.348795833333333,1,1,0.352117698412698,0.348795833333333,1,0.387550925925926
"TRAF2- and NCK-interacting kinase",1,1,1,1,1,1,1,1,1,0.265749206349206,1
"Coagulation factor XIII",1,1,0.210384788359788,1,0.465061111111111,0.210384788359788,1,0,0.616917800453515,0.531498412698413,0.570253505291005
"5-lipoxygenase activating protein",1,0.465061111111111,0.465061111111111,1,1,1,0.936765952380952,0.487206878306878,1,0.936765952380952,1
"Neuropeptide Y receptor type 5",1,1,1,1,1,1,1,0.465061111111111,1,1,1
"Kinesin-like protein 1",1,1,0.680982341269841,1,1,0.680982341269841,0.680982341269841,1,1,0.680982341269841,0.764028968253968
"Matrix metalloproteinase 8",0.87106684303351,0.0885830687830688,1,0.559180621693122,0.635306696428571,0.0166093253968254,0.146162063492064,0.146162063492064,1,0,0.635306696428571
"C-C chemokine receptor type 8",1,1,1,0.0332186507936508,1,0.453988227513228,0.797247619047619,0.453988227513228,0.514889087301587,0.797247619047619,0.797247619047619
"Tyrosine kinase non-receptor protein 2",1,1,1,0.365405158730159,1,1,1,1,1,1,0.930122222222222
"Serine/threonine-protein kinase PAK 1",0.647763690476191,1,1,1,0.514889087301587,0.586862830687831,1,1,1,1,0.514889087301587
"Tyrosine-protein kinase BRK",0.719737433862434,0.84375373015873,0.719737433862434,0.719737433862434,0.84375373015873,0.719737433862434,0.719737433862434,0.719737433862434,0.84375373015873,0.84375373015873,0.878784307359307
"Melanocortin receptor 5",0.735555839002268,0.735555839002268,1,0.735555839002268,0.735555839002268,0.735555839002268,1,0.0996559523809524,0.735555839002268,0.834157231040564,0.834157231040564
"Ghrelin receptor",0.642227248677249,0.55364417989418,1,0.498279761904762,1,1,0.787756575963719,0.0664373015873016,0.606240376984127,0.642227248677249,1
"Phenylethanolamine N-methyltransferase",1,1,1,1,1,1,1,1,1,1,1
"Leukotriene A4 hydrolase",0.703128108465608,1,0.498279761904762,0.498279761904762,0.498279761904762,0.498279761904762,0.834618601190476,0.941195105820106,0.730810317460317,0.498279761904762,1
"Apoptosis regulator Bcl-X",1,0.943409682539682,1,0.943409682539682,0.943409682539682,0.943409682539682,1,1,1,0.943409682539682,1
"Serine/threonine-protein kinase Chk1",0.526752891156463,0.590553791887125,1,0,0.647763690476191,0.116265277777778,0.590553791887125,0.526752891156463,0.526752891156463,0.210384788359788,0.526752891156463
"Voltage-gated potassium channel subunit Kv1.3",1,1,1,1,1,1,1,1,1,1,1
"Voltage-gated T-type calcium channel alpha-1G subunit",0.777316428571429,0.777316428571429,1,1,1,0.777316428571429,1,1,1,0.777316428571429,0.777316428571429
"Melanocortin receptor 3",1,1,1,1,1,1,1,1,1,1,1
"Dipeptidyl peptidase VIII",1,1,1,1,1,1,1,1,1,1,1
"Lymphocyte differentiation antigen CD38",0.986593928571429,0.689287003968254,0.689287003968254,0.89136712962963,0.986593928571429,0.689287003968254,1,0.986593928571429,0.689287003968254,0.790603888888889,0.986593928571429
"Proteasome Macropain subunit MB1",0.971645535714286,1,0.597935714285714,1,1,1,1,1,0.298967857142857,1,0.70866455026455
"Apoptosis regulator Bcl-W",1,1,0.21592123015873,1,1,0.855380257936508,1,0.166093253968254,1,1,0.855380257936508
"Aldo-keto-reductase family 1 member C3",1,1,1,0.456756448412698,1,1,0.210384788359788,0.210384788359788,1,0.210384788359788,1
"Fibroblast activation protein alpha",1,0.987068480725623,1,0.987068480725623,1,0.647763690476191,0.987068480725623,0.987068480725623,1,0.647763690476191,0.987068480725623
"Indoleamine 2,3-dioxygenase",1,0.697591666666667,1,1,1,0.282358531746032,0.697591666666667,0.531498412698413,1,0,1
"Malonyl-CoA decarboxylase",0.409696693121693,0.979950198412698,1,0.979950198412698,1,0.979950198412698,1,0.979950198412698,0.409696693121693,0.979950198412698,0.409696693121693
"Isoprenylcysteine carboxyl methyltransferase",1,1,0.904285493827161,0.904285493827161,0.764028968253968,0.904285493827161,0.904285493827161,0.132874603174603,0.904285493827161,0.39862380952381,0.904285493827161
"Serine/threonine-protein kinase Aurora-A",1,1,1,1,1,1,1,1,1,1,1
"C3a anaphylatoxin chemotactic receptor",1,0.415233134920635,1,1,1,1,1,0.415233134920635,1,1,1
"Vesicular acetylcholine transporter",1,1,1,1,0.498279761904762,0.664373015873016,1,0.0996559523809524,1,0.382014484126984,1
"Geranylgeranyl pyrophosphate synthetase",1,0.631154365079365,1,1,0.0996559523809524,1,1,0,1,0.243603439153439,1
"Neuropeptide Y receptor type 1",0.589631051587302,1,0.85039746031746,0.387550925925926,1,1,1,0.382014484126984,1,0.382014484126984,1
"Carbonic anhydrase VA",1,1,1,1,1,1,1,1,1,1,1
"Endothelin-converting enzyme 1",1,1,1,0.664373015873016,0.664373015873016,1,1,1,0.664373015873016,1,1
"Orexin receptor 2",0.883616111111111,0.166093253968254,1,1,0.883616111111111,0.348795833333333,0.883616111111111,1,1,1,1
"Dipeptidyl peptidase IX",1,1,0.938426884920635,1,1,1,0.938426884920635,0.0664373015873016,1,0.282358531746032,1
"Vanilloid receptor",1,1,0.232530555555556,1,1,1,1,0.786174735449735,1,0.786174735449735,1
"Caspase-1",0.755724305555556,0.979950198412698,1,0.315577182539683,1,1,1,0.83046626984127,1,0.755724305555556,0.298967857142857
"Nitric-oxide synthase, endothelial",0.775101851851852,0.740301360544218,0.740301360544218,1,0.740301360544218,0.740301360544218,0.740301360544218,0.740301360544218,0.740301360544218,0.775101851851852,1
"Dual specificity phosphatase Cdc25B",1,1,1,1,1,1,1,0.332186507936508,1,1,1
"P2X purinoceptor 7",1,1,1,1,1,0.6754458994709,1,1,1,0.21592123015873,0.21592123015873
"Serine/threonine-protein kinase AKT3",1,1,1,0.813856944444445,1,0.913512896825397,1,1,0.863684920634921,1,0.730810317460317
"Beta-secretase 1",1,1,1,0.597935714285714,1,1,1,0.597935714285714,1,1,0.597935714285714
"Acetyl-CoA carboxylase 2",0.265749206349206,1,0.39862380952381,0.882667006802721,0.21592123015873,1,1,1,0.166093253968254,0.824929828042328,0.39862380952381
"L-lactate dehydrogenase A chain",0.440147123015873,1,1,1,1,0.440147123015873,0.440147123015873,0.440147123015873,1,1,1
"C-X3-C chemokine receptor 1",0.338830238095238,1,1,1,1,0.338830238095238,0.338830238095238,0.199311904761905,1,0.199311904761905,0.902440013227513
"Eukaryotic translation initation factor",1,1,1,1,1,1,1,0.797247619047619,1,1,1
"Apoptosis regulator Bcl-2",1,1,0.365405158730159,0.730810317460318,0.365405158730159,0.365405158730159,0.740301360544218,0.365405158730159,1,0.740301360544218,1
"Cytochrome P450 1B1",0.0498279761904762,0.724166587301587,0.506584424603175,0.177166137566138,0.177166137566138,0.803287373737374,0.177166137566138,0.177166137566138,0.41286037414966,0,0.638536287477954
"Tyrosine-protein kinase receptor UFO",0.747419642857143,0.808320502645503,0.747419642857143,0.808320502645503,1,0.0996559523809524,0.975797867063492,1,0.747419642857143,0.84470283446712,1
"Neurotrophic tyrosine kinase receptor type 2",0.697591666666667,0.697591666666667,0.697591666666667,0.959188541666667,0.697591666666667,0.697591666666667,1,0.697591666666667,0.959188541666667,1,1
"Mitogen-activated protein kinase kinase kinase 8",1,0.478348571428571,0.409696693121693,1,0.478348571428571,0.592399272486772,1,0.365405158730159,1,0.409696693121693,1
"Low molecular weight phosphotyrosine protein phosphatase",1,0.43184246031746,1,0.43184246031746,1,1,0.764028968253968,0.43184246031746,0.43184246031746,0.43184246031746,1
"Casein kinase I epsilon",1,1,1,1,1,1,1,1,1,1,1
"L-lactate dehydrogenase B chain",1,1,0.885830687830688,1,0.298967857142857,1,1,0.232530555555556,1,1,1
"S-methyl-5-thioadenosine phosphorylase",1,0.741883201058201,1,0.741883201058201,0.741883201058201,1,1,0.741883201058201,0.741883201058201,0.741883201058201,1
"Proto-oncogene c-JUN",1,0.265749206349206,0.963340873015873,1,1,0.764028968253968,1,1,1,1,1
"Sodium/glucose cotransporter 1",1,1,0.979950198412698,1,1,1,1,1,0.979950198412698,1,1
"Transketolase",1,1,1,1,1,1,1,1,1,1,1
"Serine/threonine-protein kinase RIPK2",1,1,0.863684920634921,1,1,0.863684920634921,1,0.863684920634921,0.863684920634921,1,1
"p53-binding protein Mdm-2",0.559180621693122,0.453988227513228,0.456756448412698,1,0.559180621693122,0.232530555555556,1,0.232530555555556,1,0.87614191468254,0.745046882086168
"Serine-protein kinase ATR",1,1,1,1,1,1,1,1,1,1,1
"ADAM10",1,0.498279761904762,1,1,1,1,1,1,1,0.43184246031746,1
"Endoplasmic reticulum aminopeptidase 2",1,1,1,1,1,1,1,1,1,1,1
"G protein-coupled receptor 44",0.448451785714286,0.0498279761904762,0.0415233134920635,0,0.963340873015873,0.0498279761904762,0.218293990929705,0.62118876984127,0.62118876984127,0.0415233134920635,0
"Endothelial lipase",1,1,1,1,1,1,0.808320502645503,0,1,0.548107738095238,1
"Histone deacetylase 10",1,1,1,1,1,1,1,1,1,1,1
"GABA receptor alpha-5 subunit",0.558073333333333,0.149483928571429,0.539803075396825,0.885830687830688,1,0.343259391534392,1,0.149483928571429,0.607426757369614,0.885830687830688,0.607426757369614
"Orexin receptor 1",1,1,0.531498412698413,1,0.531498412698413,1,1,0.0332186507936508,0.664373015873016,0.531498412698413,1
"Discoidin domain-containing receptor 2",1,1,1,1,1,1,1,1,1,1,1
"Metabotropic glutamate receptor 2",0.573021726190476,0.573021726190476,0.674338611111111,0.674338611111111,0.573021726190476,0.573021726190476,0.993539646464647,0.0332186507936508,0.573021726190476,0.573021726190476,0.573021726190476
"Cytochrome P450 26A1",0.647763690476191,0.61454503968254,0.647763690476191,1,0.647763690476191,0.647763690476191,0.664373015873016,0.166093253968254,1,1,0.664373015873016
"Serine/threonine-protein kinase B-raf",0.905208234126984,1,0.83995731292517,0,1,0.0332186507936508,0.265749206349206,1,0.0332186507936508,0.0332186507936508,0.83995731292517
"Ephrin type-B receptor 4",1,1,1,1,1,1,1,1,1,1,1
"Neuropilin-1",1,0.943409682539682,1,1,0.398623809523809,0.943409682539682,1,0,1,0.083046626984127,1
"dUTP pyrophosphatase",0.741883201058201,0.55364417989418,0.834157231040564,0.811484183673469,1,1,0.741883201058201,0.834157231040564,0.55364417989418,0.55364417989418,0.741883201058201
"Serine/threonine-protein kinase ILK-1",0.786174735449735,1,1,1,0.786174735449735,1,1,1,0.786174735449735,1,0.83046626984127
"Tyrosine-protein kinase BTK",1,1,1,1,1,1,1,1,1,1,1
"Serine/threonine-protein kinase TNNI3K",0.83046626984127,0.83046626984127,1,0.232530555555556,0.83046626984127,1,1,0.780638293650794,0.83046626984127,0.83046626984127,1
"Cytochrome P450 2A6",0.507770804988662,0.43184246031746,0.889521649029982,1,1,0.507770804988662,0.507770804988662,0.889521649029982,0.507770804988662,0.487206878306878,0.487206878306878
"Mitogen-activated protein kinase kinase kinase 5",0.892751240079365,0.697591666666667,1,0.697591666666667,0.697591666666667,1,0.61454503968254,0.0332186507936508,0.970722795414462,0.697591666666667,0.697591666666667
"Tyrosine-protein kinase receptor TYRO3",0.852612037037037,0.852612037037037,1,1,1,1,1,1,1,0.232530555555556,1
"Epithelial discoidin domain-containing receptor 1",0.784790625,0.784790625,1,0.784790625,1,0.784790625,0.784790625,0.332186507936508,0.784790625,1,0.784790625
"Proto-oncogene tyrosine-protein kinase MER",1,1,0.620081481481481,1,1,0.620081481481481,1,0.620081481481481,1,1,0.813856944444445
"Baculoviral IAP repeat-containing protein 3",0.948577028218695,0.116265277777778,1,0.409696693121693,0.741883201058201,0.948577028218695,1,0.741883201058201,0.868430442176871,0.0664373015873016,0.456756448412698
"Poly [ADP-ribose] polymerase 2",1,1,1,1,1,0.39862380952381,1,0.764028968253968,1,1,1
"P-selectin",0.737454047619048,0.793095287698413,0.265749206349206,0.867375881834215,1,0.132874603174603,0.793095287698413,0.132874603174603,0.793095287698413,1,0.581326388888889
"ATP-binding cassette sub-family G member 2",1,1,1,1,1,1,1,1,1,1,1
"Pituitary adenylate cyclase-activating polypeptide type I receptor",0.923478492063492,0.697591666666667,1,0.39862380952381,0.697591666666667,1,0.896903571428571,1,1,1,1
"Serine/threonine-protein kinase PIM3",1,1,0.737454047619048,0.737454047619048,0.737454047619048,0.265749206349206,1,1,1,0.841539153439153,0.737454047619048
"G-protein coupled bile acid receptor 1",1,1,1,1,1,1,1,1,1,1,1
"Metastin receptor",1,1,1,1,1,1,1,1,1,1,1
"Cell division cycle 7-related protein kinase",0.890259841269841,0.890259841269841,0.890259841269841,0.890259841269841,0.993539646464647,0.890259841269841,0.890259841269841,0.890259841269841,0.890259841269841,0.890259841269841,0.890259841269841
"Sodium channel protein type X alpha subunit",1,1,1,1,1,1,1,0.166093253968254,1,1,1
"Baculoviral IAP repeat-containing protein 2",1,1,1,0.697591666666667,1,0.697591666666667,1,1,1,1,0.741883201058201
"Receptor-interacting serine/threonine-protein kinase 1",1,1,1,1,1,1,1,1,1,1,1
"Protein tyrosine kinase 2 beta",0.465061111111111,1,0.692846145124717,0.409696693121693,0.199311904761905,0.692846145124717,1,1,0.465061111111111,0.788942956349206,0.0996559523809524
"Perforin-1",0.859532589285714,0.531498412698413,0.859532589285714,1,1,0.859532589285714,1,0.531498412698413,0.465061111111111,0.859532589285714,0.859532589285714
"D-amino-acid oxidase",1,0.518210952380952,1,0.132874603174603,0.680982341269841,0.132874603174603,1,0.0332186507936508,0.697591666666667,0.0332186507936508,1
"Serine/threonine-protein kinase WEE1",0.863684920634921,0.863684920634921,1,1,0.863684920634921,1,0.863684920634921,0.863684920634921,0.465061111111111,0.780638293650794,1
"Histone acetyltransferase PCAF",0.672677678571429,0.672677678571429,0.672677678571429,0.934274553571429,1,0.98548664021164,1,0.934274553571429,0.934274553571429,0.934274553571429,0.672677678571429
"Secreted frizzled-related protein 1",1,0.626408843537415,1,1,0.531498412698413,0.531498412698413,0.626408843537415,0.626408843537415,1,0.531498412698413,0.531498412698413
"Transient receptor potential cation channel subfamily V member 3",1,1,1,1,1,1,1,1,1,1,1
"Protein-arginine N-methyltransferase 1",0.83046626984127,0.332186507936508,0.43184246031746,0.83046626984127,1,0.83046626984127,1,0.43184246031746,1,0.83046626984127,0.83046626984127
"Nuclear factor NF-kappa-B p65 subunit",0.684304206349206,1,1,0.489975099206349,0.166093253968254,0.808320502645503,1,0.166093253968254,0.177166137566138,1,1
"Dual specificity tyrosine-phosphorylation-regulated kinase 1B",1,0.819393386243386,1,1,1,1,1,0.819393386243386,0.847075595238095,1,0.697591666666667
"Acyl-CoA desaturase",1,0.132874603174603,0.950053412698413,0.132874603174603,1,1,0.98548664021164,1,0.950053412698413,0.132874603174603,1
"Proto-oncogene tyrosine-protein kinase ROS",0.83711,1,0.83711,1,1,0.83711,1,0.83711,1,0.83711,1
"Lysyl-tRNA synthetase",1,1,1,1,1,1,1,1,1,1,1
"DNA-(apurinic or apyrimidinic site) lyase",1,0.465061111111111,0.813856944444445,1,0.581326388888889,1,1,1,0.813856944444445,1,1
"Glucose-dependent insulinotropic receptor",0.936765952380952,0.936765952380952,0.936765952380952,0.936765952380952,0.936765952380952,1,0.936765952380952,0.936765952380952,0.936765952380952,0.332186507936508,0.936765952380952
"Prostaglandin E synthase",1,1,1,1,1,1,1,1,1,1,1
"G protein-coupled receptor kinase 5",0.315577182539683,0.514889087301587,0.514889087301587,0.610392708333333,0.514889087301587,0.514889087301587,1,0.315577182539683,0.907976455026455,0.610392708333333,1
"Egl nine homolog 1",1,1,1,1,0.747419642857143,0.747419642857143,1,0.747419642857143,0.747419642857143,1,1
"Elongation of very long chain fatty acids protein 6",0.597935714285714,0.597935714285714,0.597935714285714,1,0.597935714285714,0.597935714285714,1,0.597935714285714,0.597935714285714,0.597935714285714,1
"Glucagon",1,1,1,1,1,0.332186507936508,1,0.166093253968254,1,0,0.448451785714286
"CREB-binding protein",1,1,1,1,0.348795833333333,0.348795833333333,1,0.348795833333333,0.348795833333333,1,1
"Mitogen-activated protein kinase kinase kinase 7",1,0.863684920634921,1,1,1,1,1,1,1,1,1
"Interferon-induced, double-stranded RNA-activated protein kinase",1,1,1,1,1,1,1,1,1,1,1
"Aldo-keto reductase family 1 member C2",1,1,1,1,0.232530555555556,1,1,1,1,1,1
"Trace amine-associated receptor 1",0.677660476190476,1,0.677660476190476,0.348795833333333,1,1,0.741883201058201,1,0.0332186507936508,0.677660476190476,1
"Nuclear receptor ROR-alpha",0.606240376984127,0.925969890873016,1,0.810535079365079,1,0.813856944444444,0.925969890873016,0.21592123015873,1,0.0332186507936508,0.420769576719577
"Heat shock factor protein 1",0.43184246031746,0.287894973544974,0.620081481481482,1,0.287894973544974,0.318899047619048,0.287894973544974,0.318899047619048,0.620081481481482,0.493534240362812,1
"Hematopoietic prostaglandin D synthase",1,1,1,1,1,1,1,1,1,1,1
"Aldo-keto reductase family 1 member C1",0.635306696428571,0.498279761904762,0.498279761904762,0.498279761904762,0.498279761904762,1,0.724166587301587,0.498279761904762,0.498279761904762,0.679136860670194,0.635306696428571
"Bifunctional protein NCOAT",0.984480014430015,0.984480014430015,0.984480014430015,0.984480014430015,0.714200992063492,0.984480014430015,0.984480014430015,0.984480014430015,0.498279761904762,0.930122222222222,0.984480014430015
"LIM domain kinase 2",1,0.6754458994709,0.996559523809524,1,1,1,1,0.6754458994709,0.996559523809524,1,0.6754458994709
"Serine/threonine-protein kinase PLK2",1,1,1,1,1,1,1,1,1,1,1
"Neuropeptide FF receptor 1",1,1,1,0.61454503968254,1,0.61454503968254,1,1,1,0.730810317460317,1
"Neuropeptide FF receptor 2",0.810535079365079,1,1,1,0.810535079365079,0.810535079365079,1,0.647763690476191,1,0.647763690476191,1
"IgG receptor FcRn large subunit p51",1,1,1,0.647763690476191,0.907976455026455,1,1,0.647763690476191,1,1,1
"Smoothened homolog",1,1,1,0,1,0.788942956349206,1,0.714200992063492,0.788942956349206,1,1
"Aldo-keto reductase family 1 member B10",1,1,1,0.498279761904762,1,1,1,1,1,1,1
"Serine/threonine-protein kinase 33",1,0.797247619047619,0.923478492063492,1,0.923478492063492,0.923478492063492,1,1,0.923478492063492,1,1
"Transient receptor potential cation channel subfamily A member 1",0.526752891156463,0.219243095238095,1,1,0.343259391534392,1,0.0498279761904762,0,1,0,0.0442915343915344
"Diacylglycerol O-acyltransferase 1",0.671754938271605,0.647763690476191,0.671754938271605,0.671754938271605,0.177166137566138,0.927102344877345,0.82382253968254,0.0664373015873016,0.671754938271605,0,0.671754938271605
"Histone-lysine N-methyltransferase, H3 lysine-9 specific 3",1,1,1,1,1,0.0664373015873016,1,1,1,1,1
"Lysine-specific histone demethylase 1",1,0.672677678571429,1,1,0.977577437641723,0.85039746031746,0.631154365079365,0.957804431216931,0.631154365079365,1,0.672677678571429
"Alpha-synuclein",0.805552281746032,1,0.805552281746032,0.805552281746032,1,0.805552281746032,1,0.913512896825397,0.913512896825397,0.913512896825397,0.913512896825397
"Tankyrase-2",1,1,1,1,1,1,1,1,1,1,1
"Tankyrase-1",1,1,0.890259841269841,1,0.890259841269841,1,0.890259841269841,1,0.890259841269841,0.890259841269841,1
"Mitogen-activated protein kinase kinase kinase kinase 4",1,1,1,1,1,1,1,1,1,1,1
"Lysine-specific demethylase 4C",1,1,1,1,1,1,1,1,1,1,1
