"","EGFR","Hypoxia","JAK.STAT","MAPK","NFkB","PI3K","TGFb","TNFa","Trail","VEGF","p53"
"Arginase-1",0.183,0.38,0.156,0.162,0.369,0.326,0.109,0.053,0.204,0.331,0.023
"Leucine-rich repeat serine/threonine-protein kinase 2",0.141,0.436,0.171,0.469,0.04,0.466,0.189,0.208,0.056,0.112,0.256
"Tyrosyl-DNA phosphodiesterase 1",0.431,0.426,0.24,0.119,0.153,0.252,0.145,0.226,0.469,0,0.297
"Transitional endoplasmic reticulum ATPase",0.189,0.408,0.48,0.037,0.489,0.437,0.06,0.013,0.111,0,0.224
"Glucokinase regulatory protein",0.307,0.071,0.372,0.155,0.415,0.373,0.155,0.025,0.435,0.319,0.49
"Pyruvate kinase isozymes M1/M2",0.545,0.215,0.24,0.007,0.059,0.005,0.205,0.004,0.279,0.001,0.322
"Transient receptor potential cation channel subfamily M member 8",0.128,0.539,0.407,0.096,0.204,0.156,0.515,0.487,0.143,0.087,0.564
"G-protein coupled receptor 55",0.417,0.463,0.453,0.253,0.229,0.396,0.434,0.059,0.294,0.226,0.387
"Endoplasmin",0.382,0.167,0.065,0.281,0.016,0.383,0.358,0.016,0.295,0.192,0.353
"Serine/threonine-protein kinase/endoribonuclease IRE1",0.268,0.487,0.086,0.132,0.289,0.413,0.331,0.089,0.121,0.485,0.399
"NADPH oxidase 4",0.155,0.244,0.372,0.12,0.051,0.308,0.12,0.043,0.515,0.463,0.425
"Ketohexokinase",0.406,0.214,0.259,0.046,0.172,0.101,0.343,0.431,0.498,0.135,0.161
"Lethal(3)malignant brain tumor-like protein 1",0.418,0.322,0.38,0.101,0.175,0.284,0.559,0.139,0.04,0.018,0.135
"Microtubule-associated protein tau",0.328,0.162,0.109,0.068,0.252,0.131,0.467,0.475,0.394,0.12,0.525
"15-hydroxyprostaglandin dehydrogenase [NAD+]",0.212,0.477,0.249,0.451,0.427,0.139,0.058,0.234,0.256,0.056,0.117
"G-protein coupled receptor 35",0.046,0.442,0.108,0.006,0.188,0.012,0.056,0.292,0.137,0.002,0.065
"ATP-sensitive inward rectifier potassium channel 1",0.556,0.342,0.47,0.204,0.258,0.125,0.2,0.008,0.008,0,0.237
"Neuropeptides B/W receptor type 1",0.465,0.056,0.527,0.11,0.099,0.212,0.305,0.155,0.183,0.038,0.236
"Nuclear receptor ROR-gamma",0.274,0.109,0.554,0.249,0.043,0.078,0.169,0.063,0.424,0.019,0.37
"DNA topoisomerase I",0.197,0.02,0.303,0.078,0.259,0.034,0.534,0.18,0.349,0.559,0.389
"Farnesyl diphosphate synthase",0.008,0.26,0.117,0.163,0.243,0.011,0.182,0.005,0.289,0.023,0.425
"Glucagon-like peptide 1 receptor",0.201,0.05,0.309,0.01,0.113,0.028,0.12,0.003,0.174,0.005,0.115
"Endothelin receptor ET-B",0.326,0.39,0.045,0.078,0,0.405,0.193,0.001,0.43,0.116,0.391
"Steroid 5-alpha-reductase 1",0.112,0.264,0.377,0.385,0.195,0.457,0.247,0.291,0.147,0.235,0.242
"Vasopressin V2 receptor",0.293,0.398,0.578,0.012,0.077,0.049,0.225,0.326,0.002,0.032,0.291
"Somatostatin receptor 5",0.41,0.274,0.401,0.028,0.425,0.161,0.425,0.31,0.124,0.103,0.266
"Histone-lysine N-methyltransferase, H3 lysine-79 specific",0.231,0.216,0.435,0.502,0.035,0.162,0.497,0,0.219,0.038,0.191
"Bromodomain-containing protein 3",0.07,0.14,0.234,0.464,0.113,0.528,0.273,0.304,0.279,0.323,0.105
"Cysteinyl leukotriene receptor 1",0.541,0.224,0.375,0.262,0.14,0.119,0.234,0.484,0.286,0.128,0.387
"Plasminogen",0.475,0.134,0.246,0.222,0.137,0.086,0.261,0.404,0.137,0.13,0.298
"Leukocyte adhesion glycoprotein LFA-1 alpha",0.195,0.18,0.315,0.176,0.287,0.237,0.036,0.408,0.491,0.167,0.204
"Somatostatin receptor 2",0.023,0.201,0.031,0.103,0.162,0.413,0.296,0.005,0.204,0.001,0.057
"Muscarinic acetylcholine receptor M4",0.196,0.365,0.316,0.262,0.546,0.283,0.459,0.13,0.155,0.368,0.09
"Inosine-5'-monophosphate dehydrogenase 1",0.035,0.041,0.174,0.08,0.5,0.322,0.376,0.015,0.224,0.43,0.31
"Receptor protein-tyrosine kinase erbB-2",0.405,0.009,0.083,0.252,0.302,0.041,0.172,0,0.182,0.475,0.125
"TNF-alpha",0.094,0.281,0.107,0.442,0.071,0.218,0.029,0.497,0.298,0.014,0.106
"Phosphodiesterase 5A",0.128,0.137,0.524,0.025,0.478,0.151,0.179,0.296,0.377,0.009,0.319
"Serotonin 2b (5-HT2b) receptor",0.105,0.038,0.353,0.089,0.245,0.333,0.124,0.481,0.489,0,0.256
"Thromboxane-A synthase",0.028,0.044,0.358,0.047,0.047,0.407,0.467,0.053,0.013,0.023,0.089
"Prostanoid EP4 receptor",0.482,0.058,0.12,0.105,0.415,0.272,0.415,0.006,0.115,0.066,0.061
"Dopamine D5 receptor",0.223,0.141,0.505,0.319,0.289,0.433,0.19,0.002,0.161,0.099,0.133
"Somatostatin receptor 4",0.462,0.055,0.121,0.38,0.111,0.08,0.37,0.38,0.194,0.243,0.174
"Gonadotropin-releasing hormone receptor",0.045,0.141,0.417,0.005,0.454,0.207,0.321,0.258,0.013,0.034,0.208
"4-hydroxyphenylpyruvate dioxygenase",0.301,0.442,0.155,0.15,0.39,0.32,0.052,0.161,0.209,0.368,0.21
"Tyrosine-protein kinase ABL",0.143,0.048,0.359,0.317,0.207,0.014,0.196,0.274,0.408,0.24,0.3
"Vascular endothelial growth factor receptor 1",0.176,0.14,0.252,0.287,0.363,0.08,0.511,0.302,0.067,0.032,0.522
"Tissue-type plasminogen activator",0.097,0.097,0.056,0.212,0.094,0.131,0.379,0.101,0.065,0.339,0.084
"Calcium sensing receptor",0.447,0.263,0.459,0.412,0.225,0.513,0.309,0.223,0.057,0.106,0.264
"Neuronal acetylcholine receptor protein alpha-4 subunit",0.16,0.204,0.201,0.016,0.065,0.086,0.298,0.014,0.074,0.003,0.026
"Potassium channel, inwardly rectifying, subfamily J, member 11",0.219,0.409,0.419,0.474,0.001,0.441,0.335,0.122,0.362,0.188,0.533
"Vasopressin V1a receptor",0.294,0.369,0.262,0.329,0.294,0.493,0.451,0.375,0.457,0.269,0.266
"Glutamate carboxypeptidase II",0.201,0.305,0.207,0.219,0.431,0.129,0.184,0.083,0.063,0.288,0.279
"Serotonin 1b (5-HT1b) receptor",0.15,0.281,0.345,0.159,0.192,0.318,0.255,0.006,0.372,0.037,0.333
"Serotonin 3a (5-HT3a) receptor",0.112,0.322,0.317,0.185,0.259,0.389,0.179,0.361,0.056,0.007,0.422
"Aldose reductase",0.02,0.007,0.36,0.041,0.092,0.178,0.203,0.323,0.472,0.35,0.133
"Glutamate [NMDA] receptor subunit epsilon 2",0.407,0.01,0.39,0.087,0.126,0.113,0.425,0,0.081,0.032,0.044
"Serine/threonine-protein kinase RAF",0.008,0.016,0.259,0.039,0.19,0.339,0.419,0.476,0.098,0.263,0.147
"Aminopeptidase N",0.113,0.037,0.153,0.411,0.168,0.473,0.256,0.014,0.521,0.196,0.273
"Cytochrome P450 11B1",0.014,0.182,0.011,0.227,0.103,0.006,0.46,0,0.388,0.008,0.117
"Butyrylcholinesterase",0.283,0.34,0.389,0.083,0.328,0.107,0.341,0.217,0.168,0.081,0.169
"Alpha-2c adrenergic receptor",0.034,0.039,0.264,0,0.476,0.085,0.325,0.103,0.001,0.015,0.03
"Melatonin receptor 1A",0.111,0.072,0.22,0.177,0.026,0.513,0.122,0.012,0.13,0.353,0.479
"Melatonin receptor 1B",0.248,0.176,0.321,0.076,0.323,0.085,0.227,0.117,0.401,0.223,0.494
"Thyroid hormone receptor beta-1",0.517,0.42,0.495,0.175,0.262,0.383,0.448,0.364,0.139,0.26,0.283
"Cyclophilin A",0.065,0.225,0.333,0,0.063,0.033,0.453,0.423,0.071,0.325,0.019
"Thymidylate synthase",0.018,0.069,0.262,0.449,0.465,0.077,0.291,0.044,0.014,0.093,0.118
"Vascular endothelial growth factor receptor 3",0.022,0.125,0.426,0.076,0.154,0.1,0.492,0.164,0.028,0.366,0.131
"Insulin-like growth factor I receptor",0.469,0.109,0.135,0.007,0.047,0.029,0.473,0.019,0.195,0.099,0.209
"Epoxide hydrolase 1",0.083,0.013,0.247,0.346,0.024,0.001,0.349,0.003,0.1,0.447,0.421
"Tyrosine-protein kinase receptor FLT3",0.157,0.069,0.221,0.011,0.386,0.342,0.087,0.053,0.527,0.016,0.085
"Vitamin D receptor",0.42,0.091,0.369,0.31,0.11,0.249,0.289,0.004,0.063,0.01,0.403
"Cytochrome P450 19A1",0.382,0.177,0.089,0.273,0.176,0.141,0.442,0.316,0.02,0.154,0.117
"Insulin receptor",0.127,0.178,0.141,0.268,0.101,0.281,0.223,0.006,0.444,0.056,0.393
"Serotonin 1d (5-HT1d) receptor",0.265,0.181,0.152,0.007,0.341,0.454,0.267,0.072,0.197,0.019,0.093
"Inhibitor of nuclear factor kappa B kinase beta subunit",0.282,0.044,0.427,0.085,0.045,0.336,0.265,0,0.168,0.085,0.424
"Prostanoid IP receptor",0.017,0.113,0.2,0.096,0.061,0.004,0.413,0.011,0.468,0.085,0.294
"Equilibrative nucleoside transporter 1",0.389,0.392,0.26,0.129,0.494,0.495,0.424,0.198,0.455,0.011,0.167
"Purinergic receptor P2Y12",0.354,0.038,0.108,0.288,0.077,0.072,0.279,0.224,0.379,0.401,0.436
"Retinoic acid receptor gamma",0.353,0.339,0.329,0.016,0.271,0.378,0.208,0.073,0.313,0,0.178
"Platelet-derived growth factor receptor alpha",0.286,0.121,0.092,0.215,0.38,0.131,0.303,0.001,0.275,0.016,0.41
"Retinoic acid receptor beta",0.036,0.401,0.482,0.082,0.065,0.07,0.24,0.016,0.154,0.231,0.031
"Nociceptin receptor",0.054,0.134,0.101,0.448,0.009,0.318,0.217,0.038,0.062,0.062,0.241
"Dihydrofolate reductase",0.406,0.335,0.413,0.11,0.118,0.38,0.384,0.47,0.405,0.177,0.205
"Epidermal growth factor receptor erbB1",0.503,0.263,0.485,0.024,0.426,0.117,0.509,0.034,0.251,0.049,0.094
"Muscarinic acetylcholine receptor M5",0.133,0.223,0.239,0.258,0.014,0.196,0.326,0.365,0.233,0.008,0.274
"Peptidyl-prolyl cis-trans isomerase FKBP5",0.374,0.098,0.067,0.146,0.486,0.289,0.031,0.335,0.422,0.277,0.1
"Retinoic acid receptor alpha",0.001,0.218,0.238,0.016,0.06,0.022,0.459,0.116,0.013,0.012,0.141
"Estrogen receptor alpha",0.476,0.372,0.359,0.44,0.318,0.402,0.271,0.28,0.132,0.036,0.466
"Beta-2 adrenergic receptor",0.43,0.504,0.101,0.207,0.383,0.445,0.459,0.065,0.548,0.271,0.36
"Cyclin T1",0.436,0.138,0.173,0.003,0.113,0.027,0.253,0.058,0.044,0.26,0.119
"Muscarinic acetylcholine receptor M2",0.17,0.083,0.426,0.108,0.106,0.044,0.126,0.456,0.206,0.16,0.326
"Beta-1 adrenergic receptor",0.014,0.209,0.188,0.066,0.016,0.001,0.125,0.048,0.439,0.223,0.366
"Dopamine D2 receptor",0.253,0.41,0.117,0.512,0.037,0.43,0.318,0.009,0.305,0.508,0.305
"Beta-glucocerebrosidase",0.072,0.144,0.433,0.2,0.173,0.076,0.369,0.166,0.24,0.152,0.49
"Motilin receptor",0.018,0.044,0.291,0.08,0.233,0.195,0.429,0.089,0.01,0.457,0.109
"MAP kinase-activated protein kinase 2",0.125,0.375,0.391,0.112,0.293,0.101,0.332,0.362,0.225,0.352,0.476
"Cyclooxygenase-1",0.509,0.558,0.383,0.299,0.144,0.186,0.506,0.071,0.24,0.21,0.101
"Norepinephrine transporter",0.071,0.485,0.103,0.028,0.217,0.267,0.274,0.005,0.088,0.003,0.302
"Anandamide amidohydrolase",0.33,0.131,0.297,0.12,0.056,0.127,0.224,0.488,0.305,0.052,0.003
"Serotonin 2c (5-HT2c) receptor",0.146,0.217,0.364,0.281,0.003,0.442,0.291,0.204,0.139,0.185,0.338
"Dipeptidyl peptidase I",0.329,0.383,0.037,0.074,0.057,0.36,0.106,0.096,0.099,0.1,0.54
"Serotonin transporter",0.237,0.199,0.216,0.184,0.029,0.004,0.097,0.038,0.188,0.322,0.366
"Peroxisome proliferator-activated receptor alpha",0.059,0.413,0.064,0.045,0.429,0.195,0.113,0.001,0.273,0.019,0.255
"HERG",0.368,0.044,0.387,0.065,0.366,0.103,0.352,0.115,0.516,0.221,0.213
"Epoxide hydratase",0.335,0.159,0.058,0.232,0.209,0.22,0.14,0.324,0.349,0.524,0.183
"Phosphodiesterase 3A",0.358,0.21,0.346,0.282,0.428,0.19,0.039,0.239,0.053,0.318,0.172
"C-C chemokine receptor type 1",0.07,0.167,0.343,0.011,0.233,0.363,0.237,0.318,0.329,0.073,0.021
"C-C chemokine receptor type 4",0.485,0.205,0.034,0.465,0.239,0.463,0.165,0.039,0.282,0.016,0.087
"Estrogen receptor beta",0.158,0.504,0.386,0.182,0.24,0.334,0.146,0.442,0.189,0.405,0.185
"Glyoxalase I",0.416,0.091,0.312,0.02,0.057,0.059,0.359,0.003,0.458,0.393,0.207
"Myosin light chain kinase, smooth muscle",0.058,0.103,0.381,0.147,0.059,0.283,0.161,0.019,0.024,0.469,0.117
"Serine/threonine-protein kinase AKT2",0.01,0.284,0.109,0.086,0.089,0.1,0.341,0.141,0.011,0.187,0.116
"Interleukin-8 receptor B",0.434,0.026,0.149,0.19,0.036,0.354,0.41,0.239,0.147,0.132,0.038
"Myeloperoxidase",0.153,0.316,0.074,0.456,0.532,0.037,0.461,0.02,0.238,0.058,0.289
"Coagulation factor X",0.083,0.083,0.179,0.351,0.071,0.009,0.039,0.065,0.175,0.007,0.059
"Deoxycytidine kinase",0.33,0.47,0.047,0.084,0.47,0.479,0.361,0.08,0.335,0.052,0.328
"Muscarinic acetylcholine receptor M3",0.033,0.432,0.208,0.039,0.037,0.103,0.193,0.051,0.271,0.132,0.394
"Beta-3 adrenergic receptor",0.152,0.183,0.091,0.008,0.189,0.418,0.464,0.328,0.26,0.073,0.224
"Death-associated protein kinase 3",0.168,0.232,0.235,0.351,0.584,0.308,0.447,0.183,0.129,0.11,0.032
"Methionine aminopeptidase 1",0.402,0.158,0.346,0.267,0.074,0.162,0.392,0.405,0.318,0.182,0.334
"Leukocyte elastase",0.104,0.368,0.442,0.266,0.092,0.23,0.083,0,0.388,0.045,0.036
"Beta amyloid A4 protein",0.013,0.005,0.109,0.033,0.174,0.035,0.384,0.029,0.401,0.209,0.134
"Neurokinin 1 receptor",0.148,0.022,0.293,0.4,0.184,0.235,0.486,0.432,0.249,0.054,0.053
"Neuronal acetylcholine receptor protein alpha-7 subunit",0.351,0.016,0.486,0.182,0.17,0.224,0.511,0.002,0.503,0.1,0.384
"Adenosine A2a receptor",0.269,0.263,0.105,0.277,0.151,0.486,0.388,0.155,0.22,0.097,0.152
"Endothelin receptor ET-A",0.186,0.339,0.176,0.022,0.109,0.354,0.036,0.131,0.096,0.004,0.534
"Beta secretase 2",0.075,0.278,0.122,0.154,0.111,0.13,0.08,0.158,0.497,0.445,0.016
"Serine/threonine-protein kinase Chk2",0.001,0.033,0.039,0.261,0.495,0.058,0.275,0.086,0.02,0.404,0.398
"Cannabinoid CB2 receptor",0.499,0.058,0.365,0.312,0.403,0.168,0.16,0.345,0.448,0.052,0.496
"3-phosphoinositide dependent protein kinase-1",0.034,0.363,0.38,0.436,0.457,0.045,0.429,0.02,0.041,0.161,0.192
"Phospholipase D1",0.117,0.137,0.037,0.182,0.25,0.017,0.404,0.012,0.468,0.019,0.418
"Phosphodiesterase 4A",0.393,0.135,0.452,0.159,0.499,0.042,0.255,0.548,0.005,0.171,0.218
"Adenosine A2b receptor",0.494,0.389,0.039,0.027,0.026,0.309,0.422,0,0.002,0,0.312
"Carboxypeptidase B",0.284,0.267,0.457,0.488,0.069,0.043,0.34,0.029,0.387,0.177,0.357
"Adenosine A3 receptor",0.468,0.046,0.345,0.366,0.051,0.109,0.464,0,0.231,0.139,0.483
"Histone deacetylase 5",0.266,0.509,0.174,0.291,0.01,0.293,0.072,0.004,0.291,0.205,0.391
"Liver glycogen phosphorylase",0.127,0.151,0.456,0.217,0.46,0.306,0.38,0.004,0.268,0.017,0.024
"Tyrosine-protein kinase LCK",0.223,0.033,0.083,0.174,0.097,0.148,0.417,0.341,0.06,0.168,0.368
"Cathepsin D",0.154,0.036,0.197,0.097,0.423,0.423,0.262,0.064,0.081,0.419,0.105
"Melanocortin receptor 4",0.185,0.224,0.23,0.288,0.394,0.159,0.178,0.035,0.204,0.398,0.326
"Peptide N-myristoyltransferase 1",0.103,0.222,0.356,0.105,0.052,0.019,0.418,0.426,0.02,0.423,0.103
"Tyrosine-protein kinase SYK",0.03,0.313,0.112,0.375,0.04,0.374,0.379,0.238,0.08,0.482,0.014
"MAP kinase p38 alpha",0.311,0.096,0.308,0.413,0.33,0.24,0.291,0.429,0.059,0.432,0.177
"Carbonic anhydrase I",0.168,0.019,0.329,0.044,0.522,0.046,0.197,0.001,0.288,0.382,0.31
"Furin",0.113,0.354,0.092,0.162,0.256,0.475,0.392,0.116,0.168,0.502,0.076
"Tryptase beta-1",0.271,0.481,0.087,0.281,0.242,0.209,0.254,0.251,0.203,0.303,0.463
"Glycogen synthase kinase-3 beta",0.262,0.117,0.474,0.028,0.081,0.288,0.335,0.01,0.388,0.128,0.264
"Dual specificity protein phosphatase 3",0.156,0.107,0.484,0.113,0.305,0.05,0.075,0.026,0.23,0.013,0.297
"c-Jun N-terminal kinase 3",0.018,0.244,0.324,0.367,0.043,0.314,0.27,0.007,0.001,0.092,0.514
"Histamine H3 receptor",0.461,0.484,0.141,0.056,0.364,0.402,0.204,0.156,0.266,0.029,0.193
"Phosphodiesterase 2A",0.343,0.101,0.19,0.323,0.211,0.106,0.439,0.224,0.334,0.193,0.196
"Adenosylhomocysteinase",0.269,0.044,0.072,0.137,0.341,0.016,0.291,0.007,0.081,0.065,0.082
"Tyrosine-protein kinase SRC",0.359,0.132,0.369,0.351,0.016,0.181,0.38,0.023,0.353,0.085,0.454
"Cathepsin K",0.239,0.283,0.119,0.218,0.472,0.048,0.211,0.242,0.407,0.3,0.059
"Macrophage-stimulating protein receptor",0.36,0.255,0.284,0.049,0.024,0.115,0.544,0.21,0.428,0.45,0.259
"Cystinyl aminopeptidase",0.328,0.095,0.37,0.176,0.143,0.302,0.102,0.148,0.155,0.16,0.15
"Focal adhesion kinase 1",0.015,0.134,0.12,0.55,0.366,0.371,0.49,0.001,0.329,0.315,0.403
"Mitogen-activated protein kinase kinase kinase 11",0.173,0.348,0.112,0.159,0.507,0.48,0.293,0.069,0.383,0.027,0.353
"Histone deacetylase 7",0.024,0.129,0.492,0.466,0.393,0.164,0.339,0.291,0.219,0.028,0.209
"Phosphodiesterase 11A",0.479,0.168,0.321,0.175,0.486,0.16,0.136,0.281,0.206,0.043,0.328
"Cytochrome P450 11B2",0.193,0.192,0.037,0.361,0.283,0.403,0.015,0.244,0.142,0.034,0.138
"Protein-glutamine gamma-glutamyltransferase",0.189,0.391,0.021,0.104,0.18,0.267,0.289,0.286,0.131,0.197,0.257
"Phospholipase D2",0.065,0.144,0.04,0.23,0.442,0.038,0.383,0,0.019,0.008,0.168
"Metabotropic glutamate receptor 4",0.444,0.163,0.361,0.044,0.108,0.059,0.122,0.346,0.365,0.063,0.341
"C-C chemokine receptor type 5",0.101,0.101,0.462,0.058,0.42,0.18,0.486,0.009,0.252,0.004,0.348
"Fibroblast growth factor receptor 3",0.435,0.007,0.242,0.391,0.382,0.208,0.162,0.19,0.187,0.044,0.416
"Phosphodiesterase 4B",0.272,0.163,0.39,0.478,0.185,0.236,0.11,0.21,0.433,0.345,0.281
"Ileal bile acid transporter",0.169,0.205,0.473,0.186,0.445,0.465,0.224,0.074,0.254,0.235,0.385
"Integrin alpha-4",0.286,0.27,0.409,0.351,0.241,0.417,0.193,0.018,0.22,0.004,0.383
"Sodium/hydrogen exchanger 1",0.478,0.292,0.058,0.478,0.125,0.107,0.315,0.09,0.192,0.16,0.21
"Acyl coenzyme A:cholesterol acyltransferase 1",0.196,0.001,0.083,0.046,0.246,0.26,0.418,0.067,0.235,0.329,0.21
"Estradiol 17-beta-dehydrogenase 2",0.393,0.157,0.396,0.119,0.43,0.33,0.362,0.095,0.018,0.076,0.079
"Vascular endothelial growth factor receptor 2",0.152,0.045,0.069,0.045,0.099,0.288,0.445,0.006,0.109,0.288,0.364
"Matrix metalloproteinase 13",0.023,0.219,0.382,0.089,0.042,0.043,0.192,0.001,0.046,0.064,0.521
"Tyrosine-protein kinase ZAP-70",0.164,0.097,0.49,0.09,0.073,0.348,0.337,0.159,0.115,0.272,0.02
"LXR-alpha",0.472,0.31,0.186,0.329,0.327,0.093,0.468,0.139,0.204,0.158,0.081
"Protein-glutamine gamma-glutamyltransferase K",0.361,0.022,0.488,0.51,0.357,0.365,0.445,0.404,0.286,0.064,0.02
"Nerve growth factor receptor Trk-A",0.166,0.33,0.412,0.069,0.061,0.421,0.472,0.095,0.426,0.018,0.164
"Coagulation factor XI",0.334,0.032,0.12,0.021,0.16,0.126,0.267,0.362,0.014,0.399,0.131
"Casein kinase I delta",0.037,0.443,0.471,0.277,0.401,0.145,0.156,0.299,0.427,0.326,0.428
"Matrix metalloproteinase 3",0.316,0.49,0.033,0.02,0.419,0.406,0.206,0.511,0.196,0.032,0.416
"Tyrosine-protein kinase JAK1",0.123,0.091,0.183,0.332,0.078,0.001,0.408,0.084,0.354,0.416,0.268
"Dipeptidyl peptidase IV",0.388,0.167,0.041,0.052,0.18,0.327,0.483,0.052,0.195,0.136,0.292
"Serine/threonine-protein kinase mTOR",0.373,0.253,0.487,0.216,0.043,0.091,0.264,0.204,0.018,0.056,0.33
"Glycogen synthase kinase-3 alpha",0.45,0.272,0.348,0.477,0.196,0.41,0.139,0.057,0.204,0.006,0.01
"Renin",0.16,0.029,0.209,0.478,0.134,0.49,0.054,0.271,0.26,0.25,0.315
"Sigma opioid receptor",0.459,0.209,0.261,0.1,0.225,0.308,0.219,0.264,0.393,0.113,0.03
"Mitogen-activated protein kinase kinase kinase 9",0.289,0.067,0.37,0.021,0.003,0.477,0.012,0.405,0.396,0.268,0.054
"Phosphodiesterase 4D",0.103,0.006,0.357,0.029,0.351,0.3,0.118,0.218,0.311,0.137,0.554
"Carbonic anhydrase III",0.044,0.024,0.519,0.019,0.236,0.419,0.385,0.056,0.409,0.164,0.022
"Hematopoietic cell protein-tyrosine phosphatase 70Z-PEP",0.071,0.184,0.058,0.405,0.312,0.071,0.32,0.024,0.099,0.305,0.424
"Phosphodiesterase 3B",0.142,0.021,0.194,0.275,0.238,0.182,0.467,0.178,0.44,0.272,0.516
"Arachidonate 15-lipoxygenase",0.442,0.425,0.331,0.392,0.053,0.187,0.201,0.476,0.092,0.313,0.165
"Phosphodiesterase 4C",0.396,0.224,0.228,0.45,0.434,0.427,0.375,0.465,0.299,0.283,0.345
"Telomerase reverse transcriptase",0.419,0.331,0.21,0.389,0.117,0.477,0.38,0.274,0.019,0.454,0.206
"Protein kinase C gamma",0.316,0.361,0.293,0.237,0.049,0.142,0.247,0.02,0.329,0.151,0.382
"Cathepsin S",0.018,0.495,0.271,0.081,0.354,0.186,0.07,0.029,0.234,0.005,0.026
"Sphingosine 1-phosphate receptor Edg-5",0.083,0.033,0.189,0.004,0.268,0.394,0.197,0.109,0.027,0.364,0.023
"Tyrosine-protein kinase ITK/TSK",0.396,0.138,0.006,0.056,0.416,0.22,0.35,0.198,0.075,0.361,0.039
"Dual specificity mitogen-activated protein kinase kinase 2",0.326,0.133,0.329,0.262,0.229,0.416,0.214,0.026,0.488,0.137,0.055
"Tyrosine-protein kinase JAK2",0.11,0.115,0.562,0.151,0.167,0.227,0.461,0.002,0.028,0.077,0.153
"Rho-associated protein kinase 2",0.009,0.237,0.233,0.156,0.224,0.175,0.233,0.039,0.043,0.427,0.026
"Cholecystokinin B receptor",0.15,0.242,0.424,0.307,0.214,0.25,0.105,0.029,0.404,0.058,0.189
"Protein kinase C alpha",0.304,0.397,0.284,0.199,0.27,0.207,0.281,0.431,0.2,0.324,0.089
"Protein kinase C delta",0.517,0.397,0.426,0.305,0.021,0.014,0.023,0.245,0.302,0.007,0.49
"P2X purinoceptor 3",0.181,0.107,0.219,0.087,0.006,0.06,0.368,0.062,0.22,0.381,0.335
"Multidrug resistance-associated protein 1",0.317,0.3,0.164,0.227,0.458,0.234,0.103,0.132,0.195,0.088,0.464
"Receptor protein-tyrosine kinase erbB-4",0.336,0.04,0.46,0.391,0.228,0.335,0.113,0.121,0.144,0.297,0.216
"Cyclin-dependent kinase 2",0.357,0.302,0.401,0.326,0.3,0.171,0.089,0.108,0.055,0.187,0.135
"Phosphodiesterase 7A",0.181,0.341,0.212,0.417,0.371,0.071,0.105,0.35,0.241,0.363,0.133
"Matriptase",0.279,0.421,0.112,0.016,0.29,0.466,0.163,0.135,0.248,0.284,0.236
"Sphingosine kinase 2",0.249,0.129,0.334,0.3,0.295,0.088,0.42,0.001,0.041,0.06,0.445
"Serine/threonine-protein kinase PLK1",0.399,0.222,0.046,0.353,0.088,0.338,0.057,0.259,0.504,0.419,0.332
"Carbonic anhydrase VI",0.254,0.191,0.25,0.04,0.178,0.266,0.502,0.071,0.004,0.185,0.39
"Protein kinase C beta",0.063,0.186,0.238,0.529,0.262,0.079,0.321,0.016,0.353,0.013,0.169
"Cyclin-dependent kinase 7",0.037,0.305,0.491,0.153,0.206,0.466,0.452,0.082,0.169,0.398,0.18
"Glycine transporter 2",0.317,0.066,0.41,0.523,0.299,0.06,0.077,0.023,0.108,0.004,0.115
"Cyclin-dependent kinase 1",0.128,0.385,0.442,0.279,0.223,0.485,0.454,0.37,0.268,0.061,0.15
"Excitatory amino acid transporter 1",0.037,0.179,0.541,0.36,0.178,0.385,0.362,0.284,0.266,0.499,0.459
"Plasma retinol-binding protein",0.034,0.289,0.205,0.186,0.356,0.389,0.135,0.034,0.049,0.04,0.472
"Poly [ADP-ribose] polymerase-1",0.284,0.014,0.428,0.429,0.144,0.06,0.172,0.048,0.364,0.204,0.464
"Thymidine phosphorylase",0.413,0.38,0.409,0.111,0.388,0.043,0.279,0.246,0.03,0.28,0.464
"Cyclin-dependent kinase 9",0.01,0.418,0.012,0.181,0.002,0.074,0.051,0.015,0.131,0.069,0.297
"PI3-kinase p110-delta subunit",0.289,0.188,0.526,0.057,0.068,0.277,0.186,0,0.149,0.003,0.11
"DNA-dependent protein kinase",0.257,0.544,0.13,0.118,0.33,0.078,0.037,0.024,0.214,0.003,0.069
"PI3-kinase p110-beta subunit",0.07,0.428,0.216,0.435,0.411,0.328,0.113,0.236,0.16,0.348,0.469
"Serotonin 7 (5-HT7) receptor",0.135,0.239,0.154,0.051,0.07,0.401,0.062,0,0.19,0,0.236
"Bradykinin B2 receptor",0.3,0.079,0,0.337,0.344,0.059,0.101,0.014,0.159,0.033,0.358
"Protein-tyrosine phosphatase 1C",0.002,0.235,0.28,0.087,0.046,0.236,0.15,0.2,0.019,0.495,0.436
"Carboxylesterase 2",0.266,0.355,0.11,0.31,0.124,0.227,0.013,0.272,0.322,0.128,0.162
"Estradiol 17-beta-dehydrogenase 1",0.056,0.397,0.403,0.055,0.03,0.108,0.152,0.355,0.096,0.461,0.241
"Histone deacetylase 8",0.102,0.406,0.215,0.288,0.246,0.129,0.172,0.475,0.167,0.424,0.29
"Prolyl endopeptidase",0.181,0.187,0.252,0.01,0.486,0.102,0.202,0.006,0.234,0.002,0.527
"Matrix metalloproteinase 9",0.219,0.081,0.074,0.338,0.463,0.207,0.401,0.04,0.094,0.283,0.218
"CD22",0.007,0.499,0.348,0.181,0.251,0.21,0.401,0.24,0.171,0.471,0.27
"Metabotropic glutamate receptor 5",0.214,0.062,0.097,0.033,0.052,0.023,0.099,0.001,0.43,0.463,0.023
"Sphingosine 1-phosphate receptor Edg-6",0.157,0.2,0.227,0.206,0.085,0.438,0.166,0.141,0.234,0.365,0.447
"Rho-associated protein kinase 1",0.052,0.106,0.019,0.105,0.327,0.461,0.067,0.017,0.246,0.015,0.077
"Tyrosine-protein kinase HCK",0.354,0.227,0.321,0.083,0.037,0.33,0.25,0.34,0.297,0.377,0.275
"Carbonic anhydrase XII",0.119,0.363,0.383,0.477,0.375,0.323,0.304,0.01,0.018,0.034,0.401
"Histone deacetylase 1",0.166,0.281,0.144,0.018,0.38,0.337,0.442,0.044,0.431,0.16,0.056
"Lysophosphatidic acid receptor Edg-7",0.247,0.51,0.004,0.099,0.012,0.457,0.19,0.302,0.302,0.171,0.054
"PI3-kinase p110-gamma subunit",0.205,0.029,0.343,0.227,0.014,0.019,0.067,0.006,0.083,0.449,0.226
"PI4-kinase beta subunit",0.068,0.07,0.197,0.199,0.392,0.414,0.3,0.052,0.318,0.138,0.267
"Cathepsin L2",0.028,0.158,0.089,0.111,0.248,0.046,0.314,0.382,0.226,0.161,0.164
"Urokinase-type plasminogen activator",0.042,0.403,0.146,0.32,0.427,0.132,0.044,0.095,0.161,0.057,0.029
"Testis-specific androgen-binding protein",0.267,0.045,0.513,0.391,0.022,0.182,0.324,0.02,0.064,0.519,0.46
"Caspase-6",0.277,0.105,0.345,0.486,0.21,0.378,0.29,0.125,0.103,0.094,0.289
"Cyclin-dependent kinase 4",0.024,0.023,0.246,0.104,0.278,0.254,0.235,0.377,0.02,0.173,0.184
"Histone deacetylase 11",0.16,0.475,0.394,0.099,0.156,0.322,0.112,0.197,0.252,0.235,0.116
"Sodium-dependent proline transporter",0.436,0.115,0.01,0.134,0.052,0.064,0.091,0,0.378,0.103,0.049
"Matrix metalloproteinase-1",0.223,0.493,0.035,0.228,0.094,0.22,0.137,0.382,0.335,0.234,0.064
"Matrix metalloproteinase-2",0.187,0.461,0.522,0.054,0.375,0.41,0.45,0.092,0.032,0.205,0.379
"Protein-tyrosine phosphatase 1B",0.037,0.018,0.142,0.149,0.123,0.294,0.11,0.011,0.192,0.223,0.052
"Acetyl-CoA carboxylase 1",0.134,0.176,0.312,0.321,0.074,0.511,0.405,0.003,0.069,0.306,0.378
"Serotonin 6 (5-HT6) receptor",0.072,0.004,0.148,0.223,0.383,0.116,0.561,0.099,0.221,0.009,0.041
"MAP kinase ERK1",0.178,0.024,0.463,0.284,0.454,0.099,0.265,0.519,0.224,0.039,0.185
"Cytochrome P450 2C9",0.459,0.064,0.483,0.239,0.421,0.278,0.493,0.16,0.365,0.279,0.452
"Probable G-protein coupled receptor 88",0.096,0.294,0.348,0.125,0.216,0.211,0.27,0.213,0.134,0.102,0.061
"Cytochrome P450 3A4",0.451,0.32,0.368,0.06,0.13,0.344,0.194,0.381,0.101,0.16,0.144
"Pregnane X receptor",0.042,0.184,0.467,0.05,0.455,0.319,0.414,0.261,0.063,0.412,0.341
"Carboxypeptidase B2 isoform A",0.11,0.197,0.102,0.159,0.024,0.11,0.428,0.082,0.418,0.258,0.121
"Serotonin 5a (5-HT5a) receptor",0.195,0.047,0.13,0.126,0.06,0.219,0.145,0.247,0.388,0.293,0.327
"Estrogen-related receptor alpha",0.35,0.102,0.201,0.543,0.396,0.397,0.427,0.387,0.164,0.42,0.348
"Amine oxidase, copper containing",0.318,0.414,0.037,0.153,0.42,0.091,0.319,0.002,0.137,0.01,0.464
"Protein kinase C zeta",0.395,0.275,0.03,0.416,0.359,0.075,0.357,0.49,0.469,0.047,0.064
"Melanin-concentrating hormone receptor 1",0.123,0.076,0.155,0.255,0.364,0.076,0.228,0.2,0.008,0.052,0.384
"Caspase-7",0.06,0.219,0.21,0.431,0.422,0.21,0.238,0.418,0.182,0.071,0.039
"C-C chemokine receptor type 3",0.211,0.013,0.213,0.189,0.164,0.088,0.133,0.015,0.182,0.072,0.175
"Phospholipase A2 group IIA",0.045,0.299,0.095,0.148,0.335,0.038,0.372,0.335,0.265,0.008,0.125
"Plasminogen activator inhibitor-1",0.38,0.446,0.082,0.442,0.067,0.034,0.432,0.256,0.136,0.355,0.382
"Inhibitor of nuclear factor kappa B kinase alpha subunit",0.302,0.421,0.146,0.149,0.226,0.439,0.013,0.358,0.394,0.026,0.375
"Proteasome Macropain subunit",0.468,0.216,0.106,0.01,0.197,0.457,0.113,0.056,0.109,0.01,0.229
"Carbonic anhydrase XIV",0.32,0.474,0.227,0.052,0.087,0.195,0.265,0.011,0.311,0.236,0.46
"LDL-associated phospholipase A2",0.357,0.439,0.424,0.172,0.373,0.459,0.457,0.031,0.16,0.073,0.212
"Cytochrome P450 17A1",0.387,0.443,0.179,0.172,0.457,0.192,0.182,0.175,0.303,0,0.046
"Histone deacetylase 4",0.418,0.401,0.087,0.087,0.112,0.157,0.478,0.27,0.34,0.286,0.035
"Inhibitor of nuclear factor kappa B kinase epsilon subunit",0.219,0.031,0.16,0.428,0.316,0.303,0.153,0,0.392,0.05,0.406
"Phosphodiesterase 9A",0.317,0.508,0.07,0.022,0.144,0.2,0.432,0.379,0.457,0.134,0.051
"Tyrosine-protein kinase TYK2",0.496,0.399,0.41,0.2,0.108,0.445,0.044,0.143,0.214,0.294,0.466
"Steryl-sulfatase",0.294,0.282,0.11,0.011,0.109,0.254,0.139,0.04,0.051,0.251,0.226
"Nitric-oxide synthase, brain",0.349,0.285,0.355,0.186,0.361,0.045,0.457,0.425,0.465,0.259,0.175
"Cholesteryl ester transfer protein",0.419,0.331,0.442,0.126,0.119,0.468,0.396,0.365,0.336,0.171,0.103
"Protein kinase C epsilon",0.427,0.466,0.508,0.341,0.313,0.446,0.196,0.114,0.347,0.313,0.314
"Dual specificity mitogen-activated protein kinase kinase 1",0.042,0.341,0.419,0.031,0.073,0.253,0.193,0.001,0.041,0.318,0.222
"Adenosine kinase",0.014,0.225,0.041,0.05,0.093,0.081,0.421,0.065,0.312,0.071,0.417
"Hormone sensitive lipase",0.072,0.009,0.3,0.451,0.341,0.047,0.095,0.014,0.092,0.002,0.142
"Carbonic anhydrase IX",0.066,0.237,0.531,0.241,0.479,0.094,0.411,0.254,0.304,0.413,0.091
"Protein kinase C eta",0.219,0.103,0.225,0.441,0.432,0.081,0.379,0.391,0.175,0.032,0.083
"Cytochrome P450 2C19",0.406,0.234,0.225,0.412,0.044,0.021,0.229,0.037,0.552,0.122,0.264
"Quinone reductase 1)",0.248,0.345,0.498,0.375,0.469,0.308,0.174,0.509,0.103,0.15,0.187
"Casein kinase II alpha",0.051,0.401,0.361,0.243,0.4,0.473,0.095,0.312,0.185,0.215,0.142
"Opioid growth factor receptor-like protein 1",0.257,0.23,0.516,0.521,0.005,0.094,0.236,0.065,0.413,0.174,0.268
"Kininogen-1",0.173,0.232,0.183,0.481,0.439,0.183,0.203,0.043,0.116,0.054,0.416
"Acetyl-coenzyme A transporter 1",0.319,0.429,0.1,0.32,0.475,0.458,0.262,0.111,0.048,0.43,0.052
"Fibroblast growth factor receptor 1",0.23,0.342,0.356,0.21,0.243,0.313,0.427,0.177,0.018,0.468,0.104
"PI4-kinase alpha subunit",0.096,0.291,0.244,0.065,0.421,0.281,0.033,0.096,0.066,0.01,0.186
"Arachidonate 12-lipoxygenase",0,0.022,0.401,0.035,0.253,0.426,0.454,0.179,0.028,0.227,0.087
"Autotaxin",0.085,0.097,0.478,0.212,0.338,0.32,0.283,0.522,0.278,0.386,0.474
"ADAM17",0.483,0.096,0.414,0.123,0.079,0.436,0.028,0.154,0.135,0.129,0.18
"Prostanoid EP3 receptor",0.241,0.136,0.062,0.15,0.167,0.112,0.448,0.326,0.488,0.047,0.241
"Hepatocyte growth factor receptor",0.085,0.145,0.057,0.366,0.284,0.195,0.308,0.079,0.21,0.487,0.23
"Carbonic anhydrase IV",0.149,0.235,0.433,0.011,0.404,0.449,0.122,0.059,0.051,0.003,0.181
"11-beta-hydroxysteroid dehydrogenase 2",0.152,0.367,0.056,0.073,0.494,0.053,0.13,0.105,0.426,0.03,0.064
"Histamine H4 receptor",0.046,0.262,0.111,0.044,0.248,0.256,0.359,0.224,0.035,0.133,0.496
"Beta-glucosidase",0.302,0.135,0.278,0.165,0.129,0.09,0.259,0.189,0.054,0.322,0.385
"Urotensin II receptor",0.432,0.013,0.045,0.293,0.373,0.522,0.234,0.187,0.297,0.401,0.326
"Metabotropic glutamate receptor 1",0.33,0.114,0.285,0.059,0.57,0.356,0.202,0.078,0.223,0.403,0.101
"Dual specificity phosphatase Cdc25A",0.169,0.573,0.394,0.342,0.074,0.377,0.364,0.003,0.367,0.019,0.089
"Caspase-8",0.187,0.273,0.427,0.194,0.526,0.402,0.308,0.371,0.036,0.178,0.213
"Interleukin-1 receptor-associated kinase 4",0.212,0.165,0.274,0.025,0.212,0.08,0.371,0.227,0.09,0.091,0.265
"Histone acetyltransferase p300",0.248,0.085,0.224,0.109,0.089,0.309,0.296,0.001,0.281,0.354,0.241
"Hydroxycarboxylic acid receptor 2",0.399,0.053,0.152,0.307,0.231,0.319,0.347,0.275,0.314,0.194,0.355
"Serine/threonine-protein kinase PLK4",0.384,0.208,0.234,0.059,0.37,0.068,0.404,0.42,0.461,0.297,0.432
"Melanocortin receptor 1",0.197,0.428,0.522,0.025,0.456,0.057,0.359,0.282,0.36,0.25,0.061
"Calcitonin gene-related peptide type 1 receptor",0.003,0.271,0.254,0.282,0.168,0.198,0.118,0.053,0.379,0.032,0.056
"T-cell protein-tyrosine phosphatase",0.106,0.414,0.465,0.098,0.032,0.36,0.151,0.068,0.127,0.527,0.173
"Cytosolic phospholipase A2",0.009,0.112,0.023,0.446,0.027,0.009,0.065,0,0.436,0.234,0.348
"Hexokinase type IV",0.037,0.237,0.328,0.035,0.228,0.512,0.176,0.089,0.249,0.083,0.174
"Serine/threonine-protein kinase NEK2",0.305,0.256,0.176,0.212,0.395,0.353,0.129,0.427,0.483,0.253,0.317
"LIM domain kinase 1",0.008,0.259,0.327,0.233,0.281,0.14,0.365,0.02,0.562,0.038,0.123
"Cathepsin L",0.137,0.112,0.102,0.133,0.021,0.333,0.151,0.01,0.112,0.002,0.331
"Protein kinase C mu",0.17,0.062,0.146,0.117,0.038,0.299,0.27,0.083,0.075,0.302,0.294
"Protein-tyrosine phosphatase 2C",0.312,0.383,0.039,0.223,0.274,0.13,0.227,0.001,0,0.002,0.042
"Matrix metalloproteinase 14",0.366,0.465,0.319,0.167,0.119,0.114,0.141,0.156,0.492,0.008,0.325
"Heat shock protein HSP 90-alpha",0.413,0.005,0.231,0.112,0.499,0.083,0.454,0.167,0.307,0.25,0.347
"Sodium/glucose cotransporter 2",0.299,0.232,0.527,0.309,0.431,0.455,0.319,0.006,0.286,0.007,0.323
"Calpain 1",0.07,0.115,0.162,0.018,0.197,0.457,0.344,0.369,0.134,0.047,0.025
"Sphingosine 1-phosphate receptor Edg-3",0.46,0.182,0.239,0.019,0.483,0.08,0.169,0.013,0.298,0.417,0.103
"Bone morphogenetic protein 1",0.141,0.068,0.076,0.101,0.464,0.464,0.387,0.017,0.445,0.107,0.037
"Glutathione S-transferase Pi",0.012,0.277,0.391,0.04,0.119,0.402,0.208,0.014,0.223,0.027,0.447
"Tyrosine-protein kinase Lyn",0.203,0.216,0.391,0.355,0.273,0.068,0.336,0.031,0.168,0.081,0.379
"Ribosomal protein S6 kinase alpha 2",0.005,0.184,0.293,0.022,0.293,0.384,0.4,0.186,0.182,0.088,0.008
"Carbonic anhydrase XIII",0.038,0.041,0.389,0.448,0.217,0.132,0.115,0.34,0.098,0.186,0.497
"Complement C1s",0.113,0.369,0.076,0.2,0.217,0.499,0.202,0.018,0.194,0.011,0.248
"Protein kinase C theta",0.382,0.31,0.032,0.263,0.182,0.076,0.402,0.037,0.045,0.375,0.123
"Heparanase",0.118,0.035,0.208,0.446,0.006,0.052,0.109,0.019,0.395,0.117,0.128
"Methionine aminopeptidase 2",0.438,0.372,0.024,0.506,0.043,0.303,0.051,0.129,0.051,0.016,0.054
"Serine/threonine-protein kinase Aurora-C",0.077,0.135,0.246,0.233,0.413,0.39,0.193,0.523,0.123,0.084,0.066
"Quinone reductase 2",0.071,0.007,0.019,0.011,0.298,0.156,0.071,0.033,0.05,0.006,0.265
"MAP kinase p38 beta",0.187,0.248,0.327,0.253,0.334,0.054,0.394,0.444,0.019,0.271,0.102
"Carbonic anhydrase VB",0.113,0.063,0.073,0.119,0.333,0.033,0.193,0.429,0.075,0.043,0.554
"GAR transformylase",0.112,0.244,0.448,0.168,0.228,0.192,0.487,0.394,0.208,0.028,0.039
"Proteinase-activated receptor 1",0.391,0.463,0.043,0.055,0.333,0.091,0.037,0.046,0.214,0.003,0.396
"Fructose-1,6-bisphosphatase",0.068,0.202,0.436,0.454,0.383,0.092,0.308,0.444,0.282,0.309,0.384
"Dipeptidyl peptidase II",0.193,0.067,0.394,0.028,0.384,0.286,0.421,0.132,0.272,0.413,0.31
"Peroxisome proliferator-activated receptor delta",0.055,0.003,0.512,0.389,0.245,0.229,0.227,0.048,0.153,0.054,0.071
"Serine/threonine-protein kinase 10",0.225,0.248,0.186,0.014,0.008,0.126,0.084,0.004,0.13,0.034,0.208
"Dual specificity protein kinase TTK",0.081,0.294,0.174,0.431,0.24,0.467,0.294,0.024,0.348,0.122,0.119
"Coagulation factor VII",0.394,0.197,0.239,0.215,0.241,0.425,0.174,0.432,0.371,0.159,0.189
"PI3-kinase p110-alpha subunit",0.489,0.136,0.288,0.077,0.15,0.198,0.186,0.054,0.151,0.178,0.056
"Tyrosine-protein kinase ABL2",0.503,0.597,0.058,0.32,0.251,0.088,0.542,0.522,0.327,0.448,0.583
"C-C chemokine receptor type 2",0.064,0.21,0.15,0.197,0.249,0.446,0.216,0.297,0.242,0.222,0.393
"Glutamate receptor ionotropic, AMPA 2",0.415,0.086,0.315,0.177,0.171,0.067,0.286,0.39,0.317,0.222,0.39
"Neuropeptide Y receptor type 2",0.176,0.158,0.3,0.026,0.138,0.373,0.146,0.504,0.221,0.229,0.227
"HMG-CoA reductase",0.078,0.025,0.023,0.466,0.517,0.01,0.238,0.056,0.281,0.071,0.374
"Signal transducer and activator of transcription 3",0.026,0.306,0.397,0.381,0.361,0.039,0.218,0.272,0.486,0.294,0.374
"Interleukin-8 receptor A",0.197,0.183,0.131,0.035,0.031,0.234,0.446,0.012,0.08,0.154,0.433
"Cyclin-dependent kinase 5",0.198,0.056,0.142,0.053,0.174,0.051,0.266,0.003,0.07,0.356,0.266
"MAP kinase ERK2",0.1,0.05,0.209,0.078,0.176,0.452,0.209,0.527,0.013,0.344,0.309
"Cystic fibrosis transmembrane conductance regulator",0.181,0.358,0.056,0.018,0.101,0.312,0.057,0.005,0.144,0.183,0.029
"Chymase",0.259,0.122,0.403,0.408,0.098,0.253,0.052,0.066,0.034,0.157,0.229
"Casein kinase II alpha (prime)",0.334,0.211,0.246,0.333,0.252,0.316,0.444,0.25,0.377,0.057,0.323
"Cathepsin B",0.066,0.16,0.429,0.069,0.309,0.334,0.436,0.316,0.419,0.048,0.052
"Matrix metalloproteinase 7",0.011,0.019,0.334,0.044,0.05,0.39,0.183,0.006,0.146,0.006,0.091
"Bombesin receptor subtype-3",0.484,0.125,0.449,0.402,0.342,0.29,0.49,0.073,0.284,0.222,0.338
"LXR-beta",0.032,0.56,0.402,0.032,0.205,0.41,0.52,0.008,0.205,0.017,0.287
"Neurotensin receptor 1",0.466,0.255,0.457,0.166,0.484,0.246,0.347,0.385,0.192,0.338,0.14
"Tyrosine-protein kinase TIE-2",0.059,0.023,0.008,0.428,0.481,0.466,0.156,0.225,0.454,0.196,0.107
"Fibroblast growth factor receptor 2",0.08,0.01,0.16,0.002,0.179,0.142,0.195,0.033,0.141,0.288,0.01
"Histone deacetylase 9",0.226,0.047,0.301,0.035,0.09,0.287,0.482,0.291,0.313,0.149,0.105
"Fatty acid synthase",0.395,0.38,0.447,0.344,0.174,0.426,0.241,0.058,0.431,0.046,0.482
"c-Jun N-terminal kinase 2",0.322,0.238,0.195,0.338,0.069,0.559,0.163,0.241,0.336,0.318,0.224
"Sodium channel protein type II alpha subunit",0.164,0.002,0.457,0.397,0.475,0.263,0.242,0.113,0.17,0.086,0.116
"Monoglyceride lipase",0.455,0.221,0.277,0.475,0.323,0.394,0.308,0.09,0.043,0.189,0.083
"Inhibitor of apoptosis protein 3",0.373,0.408,0.07,0,0.286,0.026,0.335,0.011,0.15,0.375,0.344
"Serine/threonine-protein kinase 2",0.275,0.179,0.128,0.03,0.255,0.142,0.192,0.016,0.409,0.014,0.356
"Dual specificity protein kinase CLK4",0.328,0.053,0.062,0.036,0.238,0.151,0.36,0.001,0.341,0.135,0.079
"MAP kinase signal-integrating kinase 2",0.144,0.081,0.253,0.05,0.068,0.174,0.438,0.132,0.197,0.306,0.409
"Proteasome component C5",0.121,0.066,0.164,0.018,0.168,0.106,0.384,0.029,0.384,0.069,0.173
"Tyrosine-protein kinase FRK",0.265,0.135,0.114,0.085,0.197,0.369,0.391,0.476,0.269,0.259,0.039
"Dual specificty protein kinase CLK1",0.358,0.073,0.057,0.013,0.118,0.198,0.129,0.128,0.453,0.211,0.467
"Dual specificity protein kinase CLK2",0.315,0.388,0.382,0.29,0.336,0.194,0.276,0.177,0.531,0.172,0.428
"Lipoxin A4 receptor",0.118,0.463,0.102,0.013,0.364,0.056,0.015,0.012,0.286,0.416,0.064
"Estradiol 17-beta-dehydrogenase 3",0.448,0.27,0.165,0.172,0.173,0.131,0.106,0.274,0.301,0.463,0.145
"11-beta-hydroxysteroid dehydrogenase 1",0.199,0.277,0.211,0.463,0.455,0.232,0.442,0.056,0.003,0.156,0.401
"Ribosomal protein S6 kinase alpha 5",0.326,0.387,0.268,0.195,0.119,0.191,0.183,0.037,0.436,0.291,0.158
"ALK tyrosine kinase receptor",0.523,0.039,0.434,0.038,0.364,0.384,0.463,0.217,0.298,0.515,0.17
"Hypoxia-inducible factor 1 alpha",0.268,0.089,0.213,0.202,0.313,0.035,0.361,0.477,0.417,0.468,0.113
"TGF-beta receptor type II",0.371,0.241,0.476,0.18,0.272,0.125,0.375,0.187,0.047,0.188,0.162
"Serine/threonine-protein kinase AKT",0.221,0.053,0.186,0.261,0.227,0.174,0.231,0.047,0.036,0.202,0.082
"Sodium channel protein type IX alpha subunit",0.028,0.273,0.116,0.4,0.237,0.263,0.267,0.218,0.197,0.427,0.258
"P-glycoprotein 1",0.425,0.171,0.571,0.353,0.352,0.395,0.198,0.07,0.32,0.184,0.02
"Heat shock protein HSP 90-beta",0.2,0.163,0.119,0.115,0.063,0.26,0.425,0.001,0.37,0.012,0.551
"Calcium-activated potassium channel subunit alpha-1",0.44,0.419,0.473,0.44,0.291,0.208,0.417,0.135,0.285,0.093,0.504
"Intermediate conductance calcium-activated potassium channel protein 4",0.388,0.142,0.379,0.294,0.309,0.385,0.287,0.015,0.496,0.226,0.025
"Voltage-gated potassium channel subunit Kv1.5",0.043,0.358,0.261,0.023,0.268,0.369,0.456,0.006,0.333,0.009,0.081
"Bradykinin B1 receptor",0.369,0.021,0.201,0.443,0.105,0.298,0.406,0.211,0.145,0.059,0.286
"Purinergic receptor P2Y1",0.228,0.309,0.051,0.113,0.335,0.359,0.404,0.099,0.23,0.027,0.199
"Sphingosine 1-phosphate receptor Edg-1",0.151,0,0.1,0.524,0.127,0.33,0.406,0,0.103,0.052,0.073
"Purine nucleoside phosphorylase",0.172,0.493,0.526,0.438,0.001,0.511,0.375,0.003,0.294,0.164,0.38
"Serine/threonine-protein kinase GAK",0.077,0.072,0.388,0.004,0.019,0.038,0.285,0.009,0.211,0.071,0.169
"Induced myeloid leukemia cell differentiation protein Mcl-1",0.522,0.455,0.041,0.109,0.415,0.138,0.466,0.08,0.49,0.067,0.034
"Dual-specificity tyrosine-phosphorylation regulated kinase 2",0.13,0.331,0.364,0.211,0.302,0.126,0.464,0.15,0.424,0.394,0.278
"Gastric inhibitory polypeptide receptor",0.432,0.055,0.032,0.054,0.302,0.006,0.09,0.252,0.028,0,0.115
"Matrix metalloproteinase 12",0.073,0.192,0.433,0.174,0.202,0.089,0.332,0.166,0.078,0.025,0.504
"Sphingosine kinase 1",0.341,0.04,0.082,0.499,0.538,0.042,0.531,0.4,0.434,0.426,0.104
"Phosphodiesterase 8B",0.273,0.016,0.023,0.176,0.311,0.007,0.505,0.276,0.085,0.154,0.321
"Phosphodiesterase 10A",0.321,0.364,0.461,0.256,0.209,0.542,0.335,0.396,0.421,0.092,0.396
"Free fatty acid receptor 1",0.436,0.115,0.406,0.193,0.027,0.043,0.152,0.011,0.428,0.129,0.298
"Prostanoid DP receptor",0.026,0.154,0.147,0.099,0.417,0.197,0.043,0.005,0.477,0,0.201
"Neurokinin 3 receptor",0.107,0.31,0.421,0.427,0.159,0.13,0.143,0.349,0.281,0.259,0.269
"TGF-beta receptor type I",0.132,0.07,0.357,0.069,0.424,0.145,0.079,0.371,0.52,0.32,0.114
"C-X-C chemokine receptor type 3",0.041,0.439,0.488,0.251,0.071,0.195,0.361,0.347,0.144,0.281,0.446
"Vitamin K-dependent protein C",0.198,0.162,0.051,0.475,0.42,0.209,0.15,0.11,0.167,0.165,0.241
"Tyrosine-protein kinase FGR",0.057,0.139,0.114,0.341,0.337,0.222,0.1,0.148,0.088,0.036,0.505
"NAD-dependent deacetylase sirtuin 3",0.13,0.019,0.201,0.089,0.013,0.332,0.442,0,0.292,0.402,0.384
"NAD-dependent deacetylase sirtuin 2",0.154,0.155,0.131,0.441,0.291,0.222,0.426,0.079,0.383,0.385,0.165
"Acyl coenzyme A:cholesterol acyltransferase 2",0.287,0.007,0.2,0.038,0.08,0.296,0.379,0.091,0.332,0.105,0.1
"Voltage-gated N-type calcium channel alpha-1B subunit",0.042,0.185,0.064,0.192,0.06,0.001,0.408,0.293,0.023,0.115,0.356
"Nitric oxide synthase, inducible",0.364,0.427,0.526,0.444,0.194,0.516,0.172,0.368,0.361,0.436,0.425
"Serine/threonine-protein kinase PAK 4",0.138,0.061,0.007,0.324,0.45,0.138,0.093,0.024,0.085,0.198,0.088
"Ribosomal protein S6 kinase 1",0.011,0.181,0.053,0.162,0.192,0.481,0.14,0.071,0.115,0.005,0.426
"NAD-dependent deacetylase sirtuin 1",0.165,0.495,0.31,0.026,0.358,0.422,0.432,0.107,0.23,0.463,0.485
"Glutaminyl-peptide cyclotransferase",0.28,0.368,0.271,0.454,0.07,0.15,0.076,0.024,0.104,0.409,0.48
"Serine/threonine-protein kinase PIM2",0.148,0.042,0.024,0.17,0.039,0.528,0.414,0.053,0.017,0.465,0.07
"TRAF2- and NCK-interacting kinase",0.21,0.265,0.51,0.308,0.371,0.144,0.123,0.069,0.493,0.008,0.248
"Coagulation factor XIII",0.332,0.415,0.013,0.484,0.056,0.019,0.487,0,0.13,0.08,0.103
"5-lipoxygenase activating protein",0.547,0.02,0.028,0.33,0.276,0.205,0.116,0.044,0.366,0.141,0.411
"Neuropeptide Y receptor type 5",0.213,0.221,0.116,0.199,0.364,0.351,0.486,0.014,0.37,0.255,0.262
"Kinesin-like protein 1",0.205,0.431,0.051,0.36,0.397,0.082,0.033,0.487,0.387,0.065,0.115
"Matrix metalloproteinase 8",0.236,0.008,0.386,0.101,0.153,0.001,0.022,0.021,0.303,0,0.14
"C-C chemokine receptor type 8",0.516,0.567,0.459,0.001,0.277,0.038,0.137,0.041,0.062,0.168,0.157
"Tyrosine kinase non-receptor protein 2",0.304,0.356,0.292,0.011,0.239,0.091,0.402,0.405,0.313,0.267,0.056
"Serine/threonine-protein kinase PAK 1",0.078,0.358,0.375,0.22,0.026,0.053,0.309,0.311,0.356,0.182,0.031
"Tyrosine-protein kinase BRK",0.069,0.24,0.13,0.125,0.222,0.055,0.071,0.098,0.254,0.248,0.291
"Melanocortin receptor 5",0.114,0.087,0.387,0.07,0.135,0.155,0.389,0.003,0.094,0.226,0.216
"Ghrelin receptor",0.116,0.05,0.385,0.03,0.313,0.389,0.166,0.002,0.073,0.116,0.254
"Phenylethanolamine N-methyltransferase",0.319,0.206,0.539,0.332,0.137,0.215,0.399,0.167,0.532,0.059,0.296
"Leukotriene A4 hydrolase",0.127,0.321,0.052,0.071,0.041,0.075,0.201,0.255,0.154,0.021,0.47
"Apoptosis regulator Bcl-X",0.435,0.1,0.338,0.142,0.083,0.045,0.447,0.215,0.404,0.138,0.519
"Serine/threonine-protein kinase Chk1",0.085,0.16,0.409,0,0.195,0.007,0.143,0.096,0.095,0.019,0.111
"Voltage-gated potassium channel subunit Kv1.3",0.294,0.283,0.173,0.465,0.173,0.284,0.155,0.201,0.198,0.388,0.358
"Voltage-gated T-type calcium channel alpha-1G subunit",0.055,0.113,0.192,0.421,0.472,0.117,0.22,0.258,0.276,0.06,0.117
"Melanocortin receptor 3",0.396,0.4,0.06,0.214,0.217,0.109,0.561,0.435,0.119,0.247,0.263
"Dipeptidyl peptidase VIII",0.214,0.133,0.193,0.121,0.331,0.357,0.367,0.183,0.417,0.382,0.381
"Lymphocyte differentiation antigen CD38",0.297,0.083,0.041,0.161,0.266,0.083,0.393,0.274,0.082,0.119,0.252
"Proteasome Macropain subunit MB1",0.117,0.395,0.036,0.245,0.406,0.414,0.415,0.181,0.009,0.385,0.064
"Apoptosis regulator Bcl-W",0.217,0.461,0.013,0.253,0.477,0.103,0.328,0.005,0.338,0.164,0.095
"Aldo-keto-reductase family 1 member C3",0.209,0.401,0.392,0.055,0.393,0.37,0.019,0.014,0.393,0.008,0.4
"Fibroblast activation protein alpha",0.486,0.106,0.261,0.168,0.54,0.025,0.207,0.208,0.311,0.039,0.185
"Indoleamine 2,3-dioxygenase",0.387,0.105,0.335,0.288,0.381,0.017,0.096,0.048,0.228,0,0.239
"Malonyl-CoA decarboxylase",0.032,0.236,0.363,0.199,0.353,0.131,0.371,0.219,0.037,0.233,0.016
"Isoprenylcysteine carboxyl methyltransferase",0.327,0.44,0.151,0.2,0.069,0.245,0.226,0.004,0.156,0.024,0.244
"Serine/threonine-protein kinase Aurora-A",0.165,0.321,0.333,0.053,0.382,0.3,0.395,0.242,0.116,0.291,0.461
"C3a anaphylatoxin chemotactic receptor",0.165,0.023,0.342,0.469,0.284,0.346,0.513,0.025,0.478,0.42,0.186
"Vesicular acetylcholine transporter",0.396,0.187,0.387,0.205,0.045,0.08,0.313,0.003,0.443,0.023,0.253
"Geranylgeranyl pyrophosphate synthetase",0.424,0.076,0.382,0.179,0.006,0.453,0.186,0,0.337,0.022,0.422
"Neuropeptide Y receptor type 1",0.071,0.436,0.128,0.035,0.227,0.415,0.534,0.021,0.327,0.023,0.434
"Carbonic anhydrase VA",0.523,0.037,0.125,0.109,0.17,0.35,0.079,0.225,0.211,0.321,0.256
"Endothelin-converting enzyme 1",0.235,0.357,0.145,0.042,0.06,0.307,0.309,0.345,0.033,0.34,0.476
"Orexin receptor 2",0.112,0.005,0.338,0.517,0.133,0.021,0.101,0.415,0.346,0.392,0.459
"Dipeptidyl peptidase IX",0.487,0.259,0.099,0.476,0.191,0.485,0.113,0.002,0.192,0.017,0.251
"Vanilloid receptor",0.511,0.349,0.007,0.233,0.257,0.301,0.469,0.05,0.36,0.071,0.249
"Caspase-1",0.091,0.177,0.214,0.019,0.306,0.393,0.42,0.125,0.295,0.085,0.009
"Nitric-oxide synthase, endothelial",0.198,0.103,0.156,0.475,0.137,0.086,0.057,0.113,0.152,0.21,0.435
"Dual specificity phosphatase Cdc25B",0.275,0.157,0.21,0.437,0.135,0.472,0.398,0.01,0.226,0.224,0.426
"P2X purinoceptor 7",0.386,0.325,0.487,0.163,0.299,0.061,0.188,0.431,0.392,0.013,0.011
"Serine/threonine-protein kinase AKT3",0.376,0.203,0.26,0.049,0.429,0.11,0.228,0.191,0.078,0.385,0.022
"Beta-secretase 1",0.435,0.483,0.233,0.025,0.346,0.368,0.306,0.054,0.263,0.285,0.044
"Acetyl-CoA carboxylase 2",0.024,0.255,0.06,0.186,0.013,0.551,0.271,0.482,0.005,0.149,0.051
"L-lactate dehydrogenase A chain",0.053,0.471,0.169,0.337,0.247,0.017,0.042,0.031,0.245,0.314,0.29
"C-X3-C chemokine receptor 1",0.032,0.383,0.427,0.384,0.234,0.051,0.047,0.012,0.402,0.009,0.163
"Eukaryotic translation initation factor",0.441,0.396,0.113,0.386,0.504,0.216,0.436,0.024,0.293,0.111,0.192
"Apoptosis regulator Bcl-2",0.303,0.343,0.04,0.11,0.02,0.044,0.156,0.034,0.362,0.146,0.373
"Cytochrome P450 1B1",0.003,0.218,0.122,0.032,0.027,0.266,0.022,0.032,0.087,0,0.173
"Tyrosine-protein kinase receptor UFO",0.072,0.146,0.049,0.134,0.432,0.003,0.235,0.271,0.09,0.178,0.333
"Neurotrophic tyrosine kinase receptor type 2",0.094,0.123,0.083,0.231,0.112,0.126,0.344,0.035,0.217,0.328,0.306
"Mitogen-activated protein kinase kinase kinase 8",0.423,0.067,0.037,0.406,0.072,0.107,0.234,0.011,0.246,0.027,0.388
"Low molecular weight phosphotyrosine protein phosphatase",0.505,0.056,0.539,0.018,0.392,0.344,0.138,0.029,0.065,0.051,0.314
"Casein kinase I epsilon",0.06,0.081,0.319,0.183,0.293,0.402,0.187,0.253,0.142,0.456,0.269
"L-lactate dehydrogenase B chain",0.427,0.27,0.08,0.358,0.018,0.444,0.467,0.007,0.212,0.284,0.418
"S-methyl-5-thioadenosine phosphorylase",0.256,0.115,0.412,0.082,0.05,0.44,0.257,0.041,0.134,0.095,0.504
"Proto-oncogene c-JUN",0.169,0.008,0.087,0.501,0.232,0.046,0.203,0.15,0.276,0.336,0.31
"Sodium/glucose cotransporter 1",0.393,0.177,0.059,0.441,0.094,0.143,0.414,0.538,0.054,0.344,0.455
"Transketolase",0.451,0.344,0.064,0.311,0.271,0.502,0.475,0.271,0.361,0.369,0.235
"Serine/threonine-protein kinase RIPK2",0.227,0.181,0.104,0.266,0.465,0.089,0.444,0.063,0.037,0.17,0.41
"p53-binding protein Mdm-2",0.094,0.041,0.055,0.419,0.101,0.014,0.359,0.008,0.419,0.211,0.157
"Serine-protein kinase ATR",0.178,0.28,0.188,0.042,0.33,0.465,0.421,0.235,0.409,0.208,0.157
"ADAM10",0.277,0.03,0.315,0.357,0.396,0.102,0.315,0.156,0.421,0.013,0.265
"Endoplasmic reticulum aminopeptidase 2",0.355,0.137,0.269,0.49,0.251,0.053,0.384,0.244,0.279,0.463,0.388
"G protein-coupled receptor 44",0.108,0.009,0.005,0,0.319,0.009,0.046,0.187,0.185,0.005,0
"Endothelial lipase",0.381,0.363,0.34,0.381,0.167,0.366,0.073,0,0.508,0.033,0.537
"Histone deacetylase 10",0.225,0.354,0.196,0.239,0.387,0.276,0.286,0.386,0.262,0.175,0.221
"GABA receptor alpha-5 subunit",0.084,0.006,0.065,0.239,0.398,0.031,0.409,0.009,0.112,0.24,0.128
"Orexin receptor 1",0.462,0.384,0.064,0.484,0.034,0.314,0.208,0.001,0.1,0.057,0.222
"Discoidin domain-containing receptor 2",0.374,0.447,0.252,0.143,0.34,0.11,0.425,0.293,0.263,0.512,0.488
"Metabotropic glutamate receptor 2",0.054,0.069,0.185,0.203,0.104,0.13,0.329,0.001,0.138,0.112,0.103
"Cytochrome P450 26A1",0.092,0.037,0.102,0.476,0.117,0.071,0.16,0.005,0.38,0.41,0.145
"Serine/threonine-protein kinase B-raf",0.218,0.451,0.177,0,0.346,0.003,0.04,0.282,0.004,0.003,0.164
"Ephrin type-B receptor 4",0.129,0.12,0.527,0.16,0.45,0.229,0.467,0.197,0.439,0.412,0.114
"Neuropilin-1",0.434,0.129,0.219,0.524,0.036,0.142,0.332,0,0.233,0.005,0.483
"dUTP pyrophosphatase",0.131,0.05,0.226,0.171,0.405,0.433,0.134,0.21,0.042,0.019,0.104
"Serine/threonine-protein kinase ILK-1",0.029,0.408,0.508,0.153,0.07,0.317,0.181,0.366,0.071,0.316,0.1
"Tyrosine-protein kinase BTK",0.426,0.143,0.167,0.381,0.298,0.295,0.487,0.225,0.162,0.327,0.312
"Serine/threonine-protein kinase TNNI3K",0.14,0.163,0.367,0.007,0.174,0.36,0.274,0.047,0.175,0.159,0.492
"Cytochrome P450 2A6",0.078,0.013,0.216,0.342,0.358,0.107,0.086,0.241,0.096,0.044,0.037
"Mitogen-activated protein kinase kinase kinase 5",0.215,0.123,0.341,0.147,0.091,0.477,0.037,0.001,0.263,0.08,0.147
"Tyrosine-protein kinase receptor TYRO3",0.063,0.077,0.308,0.467,0.181,0.304,0.252,0.511,0.166,0.007,0.438
"Epithelial discoidin domain-containing receptor 1",0.068,0.134,0.388,0.184,0.43,0.09,0.171,0.01,0.189,0.292,0.134
"Proto-oncogene tyrosine-protein kinase MER",0.201,0.224,0.049,0.293,0.393,0.024,0.179,0.056,0.314,0.294,0.098
"Baculoviral IAP repeat-containing protein 3",0.241,0.007,0.42,0.037,0.134,0.257,0.313,0.118,0.183,0.002,0.055
"Poly [ADP-ribose] polymerase 2",0.147,0.234,0.334,0.202,0.382,0.012,0.146,0.046,0.305,0.395,0.158
"P-selectin",0.111,0.191,0.024,0.235,0.383,0.008,0.176,0.008,0.174,0.422,0.07
"ATP-binding cassette sub-family G member 2",0.139,0.31,0.455,0.271,0.389,0.257,0.076,0.034,0.279,0.107,0.171
"Pituitary adenylate cyclase-activating polypeptide type I receptor",0.139,0.062,0.372,0.012,0.063,0.392,0.108,0.201,0.226,0.3,0.481
"Serine/threonine-protein kinase PIM3",0.41,0.275,0.094,0.111,0.078,0.008,0.431,0.329,0.535,0.152,0.069
"G-protein coupled bile acid receptor 1",0.195,0.114,0.496,0.253,0.529,0.504,0.228,0.074,0.057,0.285,0.512
"Metastin receptor",0.354,0.082,0.546,0.199,0.22,0.298,0.152,0.124,0.586,0.536,0.36
"Cell division cycle 7-related protein kinase",0.175,0.148,0.268,0.036,0.329,0.184,0.247,0.087,0.237,0.205,0.181
"Sodium channel protein type X alpha subunit",0.357,0.104,0.205,0.529,0.237,0.268,0.38,0.005,0.321,0.289,0.427
"Baculoviral IAP repeat-containing protein 2",0.375,0.154,0.398,0.022,0.43,0.042,0.217,0.353,0.419,0.213,0.067
"Receptor-interacting serine/threonine-protein kinase 1",0.324,0.045,0.218,0.514,0.547,0.453,0.202,0.36,0.14,0.167,0.229
"Protein tyrosine kinase 2 beta",0.07,0.522,0.134,0.037,0.012,0.146,0.418,0.448,0.056,0.19,0.003
"Perforin-1",0.174,0.048,0.161,0.279,0.465,0.207,0.517,0.038,0.014,0.187,0.119
"D-amino-acid oxidase",0.338,0.078,0.465,0.016,0.123,0.013,0.435,0.001,0.147,0.002,0.406
"Serine/threonine-protein kinase WEE1",0.113,0.094,0.309,0.486,0.176,0.322,0.182,0.145,0.014,0.047,0.379
"Histone acetyltransferase PCAF",0.059,0.024,0.081,0.2,0.37,0.267,0.523,0.192,0.186,0.225,0.068
"Secreted frizzled-related protein 1",0.494,0.127,0.47,0.417,0.051,0.064,0.132,0.104,0.401,0.054,0.031
"Transient receptor potential cation channel subfamily V member 3",0.218,0.058,0.36,0.174,0.27,0.429,0.176,0.358,0.256,0.196,0.462
"Protein-arginine N-methyltransferase 1",0.181,0.01,0.039,0.113,0.425,0.125,0.285,0.035,0.326,0.182,0.2
"Nuclear factor NF-kappa-B p65 subunit",0.103,0.351,0.229,0.059,0.006,0.146,0.447,0.01,0.016,0.327,0.399
"Dual specificity tyrosine-phosphorylation-regulated kinase 1B",0.202,0.072,0.314,0.434,0.367,0.333,0.236,0.074,0.102,0.39,0.021
"Acyl-CoA desaturase",0.385,0.006,0.128,0.012,0.342,0.392,0.178,0.406,0.143,0.009,0.235
"Proto-oncogene tyrosine-protein kinase ROS",0.118,0.466,0.083,0.181,0.223,0.098,0.344,0.06,0.351,0.126,0.426
"Lysyl-tRNA synthetase",0.235,0.282,0.316,0.306,0.278,0.061,0.428,0.067,0.112,0.149,0.508
"DNA-(apurinic or apyrimidinic site) lyase",0.177,0.014,0.074,0.22,0.035,0.445,0.28,0.48,0.098,0.23,0.394
"Glucose-dependent insulinotropic receptor",0.261,0.081,0.235,0.171,0.147,0.527,0.17,0.197,0.252,0.01,0.282
"Prostaglandin E synthase",0.172,0.509,0.248,0.23,0.407,0.271,0.556,0.098,0.195,0.109,0.346
"G protein-coupled receptor kinase 5",0.017,0.059,0.079,0.147,0.093,0.071,0.43,0.019,0.246,0.13,0.398
"Egl nine homolog 1",0.27,0.391,0.427,0.309,0.064,0.072,0.159,0.075,0.09,0.433,0.462
"Elongation of very long chain fatty acids protein 6",0.121,0.055,0.144,0.443,0.118,0.052,0.55,0.06,0.124,0.126,0.339
"Glucagon",0.421,0.298,0.489,0.181,0.374,0.03,0.224,0.01,0.234,0,0.054
"CREB-binding protein",0.25,0.223,0.336,0.362,0.042,0.036,0.438,0.022,0.021,0.255,0.391
"Mitogen-activated protein kinase kinase kinase 7",0.117,0.026,0.227,0.156,0.191,0.335,0.217,0.41,0.136,0.465,0.472
"Interferon-induced, double-stranded RNA-activated protein kinase",0.199,0.182,0.155,0.299,0.274,0.255,0.129,0.413,0.04,0.458,0.505
"Aldo-keto reductase family 1 member C2",0.096,0.246,0.183,0.127,0.007,0.319,0.507,0.427,0.364,0.119,0.172
"Trace amine-associated receptor 1",0.102,0.469,0.087,0.021,0.284,0.245,0.134,0.325,0.001,0.092,0.333
"Nuclear receptor ROR-alpha",0.073,0.214,0.379,0.122,0.285,0.147,0.223,0.013,0.414,0.001,0.038
"Heat shock factor protein 1",0.078,0.026,0.162,0.362,0.014,0.048,0.022,0.039,0.168,0.104,0.351
"Hematopoietic prostaglandin D synthase",0.522,0.053,0.216,0.163,0.461,0.367,0.333,0.172,0.316,0.303,0.369
"Aldo-keto reductase family 1 member C1",0.141,0.051,0.069,0.078,0.066,0.403,0.218,0.084,0.09,0.184,0.153
"Bifunctional protein NCOAT",0.167,0.299,0.256,0.25,0.043,0.326,0.292,0.301,0.015,0.084,0.23
"LIM domain kinase 2",0.294,0.061,0.144,0.225,0.339,0.358,0.243,0.048,0.15,0.272,0.03
"Serine/threonine-protein kinase PLK2",0.491,0.192,0.365,0.371,0.155,0.291,0.272,0.249,0.245,0.344,0.188
"Neuropeptide FF receptor 1",0.169,0.6,0.218,0.037,0.154,0.022,0.25,0.324,0.188,0.066,0.33
"Neuropeptide FF receptor 2",0.122,0.278,0.306,0.324,0.119,0.118,0.198,0.039,0.52,0.021,0.361
"IgG receptor FcRn large subunit p51",0.209,0.31,0.183,0.039,0.082,0.285,0.201,0.034,0.42,0.399,0.367
"Smoothened homolog",0.382,0.359,0.431,0,0.212,0.08,0.4,0.043,0.095,0.223,0.228
"Aldo-keto reductase family 1 member B10",0.233,0.211,0.317,0.015,0.472,0.437,0.464,0.235,0.474,0.163,0.135
"Serine/threonine-protein kinase 33",0.494,0.024,0.128,0.278,0.064,0.113,0.492,0.558,0.139,0.397,0.201
"Transient receptor potential cation channel subfamily A member 1",0.111,0.033,0.356,0.308,0.062,0.255,0.006,0,0.385,0,0.004
"Diacylglycerol O-acyltransferase 1",0.112,0.078,0.182,0.148,0.016,0.307,0.248,0.004,0.131,0,0.18
"Histone-lysine N-methyltransferase, H3 lysine-9 specific 3",0.242,0.343,0.335,0.532,0.525,0.002,0.16,0.58,0.274,0.402,0.378
"Lysine-specific histone demethylase 1",0.47,0.081,0.246,0.426,0.206,0.128,0.024,0.173,0.038,0.436,0.078
"Alpha-synuclein",0.028,0.384,0.084,0.063,0.391,0.097,0.317,0.172,0.183,0.22,0.213
"Tankyrase-2",0.127,0.213,0.235,0.064,0.516,0.511,0.279,0.237,0.445,0.515,0.375
"Tankyrase-1",0.359,0.366,0.129,0.307,0.049,0.181,0.084,0.471,0.134,0.07,0.263
"Mitogen-activated protein kinase kinase kinase kinase 4",0.151,0.202,0.264,0.292,0.229,0.223,0.296,0.397,0.478,0.085,0.036
"Lysine-specific demethylase 4C",0.464,0.435,0.286,0.366,0.484,0.147,0.385,0.115,0.255,0.485,0.445
