"","EGFR","Hypoxia","JAK.STAT","MAPK","NFkB","PI3K","TGFb","TNFa","Trail","VEGF","p53"
"Arginase-1",0.114,0.482,0.262,0.42,0.162,0.075,0.092,0.466,0.38,0.392,0.17
"Leucine-rich repeat serine/threonine-protein kinase 2",0.424,0.113,0.044,0.297,0.44,0.135,0.319,0.192,0.172,0.439,0.452
"Tyrosyl-DNA phosphodiesterase 1",0.24,0.101,0.388,0.163,0.34,0.498,0.439,0.43,0.543,0.325,0.096
"Transitional endoplasmic reticulum ATPase",0.399,0.21,0.025,0.021,0.263,0.364,0.311,0.003,0.403,0.318,0.107
"Glucokinase regulatory protein",0.038,0.214,0.313,0.482,0.423,0.08,0.439,0.064,0.058,0.439,0.226
"Pyruvate kinase isozymes M1/M2",0.001,0.182,0.403,0.005,0.03,0.093,0.097,0.01,0.503,0.467,0.279
"Transient receptor potential cation channel subfamily M member 8",0.253,0.435,0.134,0.382,0.273,0.406,0.212,0.468,0.19,0.263,0.317
"G-protein coupled receptor 55",0.128,0.447,0.026,0.457,0.23,0.149,0.458,0.459,0.087,0.313,0.498
"Endoplasmin",0.004,0.3,0.019,0.01,0.019,0.007,0.13,0.175,0.065,0.252,0.408
"Serine/threonine-protein kinase/endoribonuclease IRE1",0.017,0.405,0.328,0.425,0.224,0.175,0.004,0.106,0.097,0.092,0.085
"NADPH oxidase 4",0.217,0.205,0.348,0.211,0.319,0.392,0.388,0.27,0.392,0.564,0.356
"Ketohexokinase",0.394,0.405,0.055,0.053,0.226,0.176,0.465,0.101,0.038,0.186,0.285
"Lethal(3)malignant brain tumor-like protein 1",0.263,0.087,0.359,0.336,0.141,0.158,0.373,0.185,0.226,0.513,0.061
"Microtubule-associated protein tau",0.057,0.276,0.033,0.058,0.299,0.214,0.212,0,0.027,0.305,0.203
"15-hydroxyprostaglandin dehydrogenase [NAD+]",0.016,0.123,0.042,0.083,0.255,0.468,0.09,0.03,0.479,0.039,0.027
"G-protein coupled receptor 35",0.003,0.168,0.078,0.021,0.307,0.319,0.303,0.006,0.068,0.439,0.398
"ATP-sensitive inward rectifier potassium channel 1",0.032,0.322,0.36,0.07,0.292,0.354,0.034,0.098,0.145,0.175,0.469
"Neuropeptides B/W receptor type 1",0.12,0.131,0.253,0.039,0.125,0.083,0.078,0.001,0.043,0.259,0.099
"Nuclear receptor ROR-gamma",0.147,0.282,0.281,0.178,0.024,0.359,0.382,0.517,0.045,0.162,0.052
"DNA topoisomerase I",0.128,0.064,0.118,0.081,0.395,0.118,0.197,0.042,0.485,0.422,0.206
"Farnesyl diphosphate synthase",0.011,0.245,0.335,0.036,0.068,0.004,0.462,0.219,0.198,0.4,0.014
"Glucagon-like peptide 1 receptor",0.479,0.385,0.076,0.414,0.193,0.044,0.426,0.317,0.467,0.201,0.076
"Endothelin receptor ET-B",0.238,0.401,0.244,0.179,0.526,0.215,0.36,0.151,0.051,0.277,0.159
"Steroid 5-alpha-reductase 1",0.057,0.195,0.008,0.065,0.142,0.272,0.065,0.281,0.533,0.258,0.414
"Vasopressin V2 receptor",0.133,0.096,0.367,0.253,0.204,0.208,0.474,0.315,0.192,0.307,0.047
"Somatostatin receptor 5",0.037,0.049,0.397,0.445,0.513,0.022,0.413,0.109,0.413,0.414,0.024
"Histone-lysine N-methyltransferase, H3 lysine-79 specific",0.3,0.015,0.184,0.011,0.381,0.007,0.387,0.183,0.337,0.228,0.048
"Bromodomain-containing protein 3",0.134,0.213,0.353,0.401,0.185,0.347,0.262,0.025,0.269,0.159,0.395
"Cysteinyl leukotriene receptor 1",0.076,0.413,0.157,0.323,0.034,0.25,0.385,0.021,0.121,0.193,0.128
"Plasminogen",0.467,0.455,0.329,0.106,0.476,0.001,0.107,0,0.033,0.18,0.181
"Leukocyte adhesion glycoprotein LFA-1 alpha",0.015,0.036,0.234,0.275,0.47,0.454,0.331,0.168,0.275,0.385,0.159
"Somatostatin receptor 2",0.139,0.324,0.053,0.462,0.425,0.378,0.292,0.237,0.08,0.526,0.041
"Muscarinic acetylcholine receptor M4",0.49,0.26,0.505,0.344,0.408,0.185,0.142,0.094,0.354,0.207,0.126
"Inosine-5'-monophosphate dehydrogenase 1",0.006,0.07,0.45,0.071,0.198,0.011,0.098,0.176,0.078,0.101,0.123
"Receptor protein-tyrosine kinase erbB-2",0.293,0.05,0.329,0.137,0.301,0.215,0.366,0.168,0.492,0.191,0.103
"TNF-alpha",0.043,0.123,0.439,0.048,0.074,0.199,0.466,0.422,0.397,0.27,0.07
"Phosphodiesterase 5A",0.273,0.132,0.03,0.417,0.078,0.404,0.266,0.483,0.22,0.193,0.236
"Serotonin 2b (5-HT2b) receptor",0.412,0.124,0.229,0.162,0.341,0.141,0.192,0.104,0.376,0.391,0.119
"Thromboxane-A synthase",0.023,0.331,0.026,0.42,0.429,0.085,0.236,0.14,0.292,0.033,0.049
"Prostanoid EP4 receptor",0.446,0.104,0.338,0.025,0.298,0.036,0.454,0.098,0.367,0.092,0.014
"Dopamine D5 receptor",0.255,0.248,0.538,0.339,0.458,0.178,0.24,0.195,0.023,0.102,0.221
"Somatostatin receptor 4",0.183,0.11,0.178,0.236,0.294,0.154,0.081,0.158,0.483,0.459,0.018
"Gonadotropin-releasing hormone receptor",0.064,0.372,0.113,0.039,0.35,0.375,0.548,0.069,0.454,0.134,0.361
"4-hydroxyphenylpyruvate dioxygenase",0.349,0.282,0.244,0.167,0.255,0.303,0.328,0.519,0.177,0.331,0.222
"Tyrosine-protein kinase ABL",0.16,0.319,0.272,0.34,0.104,0.361,0.175,0.058,0.385,0.124,0.531
"Vascular endothelial growth factor receptor 1",0.196,0.54,0.247,0.44,0.123,0.023,0.399,0.462,0.409,0.176,0.422
"Tissue-type plasminogen activator",0.257,0.22,0.487,0.035,0.327,0.027,0.122,0.142,0.148,0.353,0.321
"Calcium sensing receptor",0.188,0.253,0.181,0.008,0.449,0.001,0.336,0.013,0.008,0.325,0.217
"Neuronal acetylcholine receptor protein alpha-4 subunit",0.019,0.478,0.414,0.087,0.332,0.022,0.426,0.112,0.395,0.185,0.353
"Potassium channel, inwardly rectifying, subfamily J, member 11",0.032,0.117,0.339,0.195,0.127,0.017,0.38,0.038,0.187,0.355,0.465
"Vasopressin V1a receptor",0.287,0.135,0.127,0.38,0.128,0.171,0.42,0.141,0.435,0.25,0.379
"Glutamate carboxypeptidase II",0.044,0.153,0.335,0.388,0.072,0.29,0.274,0.333,0.545,0.467,0.246
"Serotonin 1b (5-HT1b) receptor",0.023,0.358,0.6,0.039,0.487,0.044,0.147,0.079,0.016,0.542,0.092
"Serotonin 3a (5-HT3a) receptor",0.244,0.07,0.236,0.519,0.298,0.249,0.363,0.368,0.417,0.433,0.073
"Aldose reductase",0.209,0.063,0.134,0.442,0.176,0.075,0.329,0.108,0.296,0.339,0.026
"Glutamate [NMDA] receptor subunit epsilon 2",0.316,0.151,0.343,0.049,0.05,0.023,0.166,0.17,0.099,0.045,0.001
"Serine/threonine-protein kinase RAF",0.003,0.449,0.423,0.118,0.02,0.002,0.048,0.096,0.208,0.084,0.235
"Aminopeptidase N",0.3,0.016,0.534,0.012,0.311,0,0.235,0.059,0.114,0.149,0.075
"Cytochrome P450 11B1",0.189,0.299,0.196,0.159,0.298,0.314,0.148,0.171,0.089,0.132,0.087
"Butyrylcholinesterase",0.32,0.508,0.344,0.195,0.025,0,0.202,0.059,0.039,0.358,0.211
"Alpha-2c adrenergic receptor",0.383,0.001,0.295,0.03,0.497,0.034,0.232,0.001,0.226,0.377,0.084
"Melatonin receptor 1A",0.039,0.234,0.047,0.184,0.359,0.011,0.225,0.21,0.062,0.345,0.192
"Melatonin receptor 1B",0.301,0.44,0.06,0.286,0.473,0.485,0.265,0.145,0.102,0.268,0.242
"Thyroid hormone receptor beta-1",0.003,0.199,0.2,0.058,0.031,0.181,0.321,0.01,0.224,0.414,0.059
"Cyclophilin A",0.109,0.052,0.105,0.117,0.192,0.022,0.424,0.022,0.21,0.074,0.007
"Thymidylate synthase",0.247,0.456,0.027,0.097,0.122,0.269,0.158,0.295,0.099,0.307,0.064
"Vascular endothelial growth factor receptor 3",0.016,0.319,0.378,0.298,0.481,0.014,0.187,0.42,0.277,0.339,0.41
"Insulin-like growth factor I receptor",0.176,0.182,0.252,0.415,0.503,0.423,0.257,0.037,0.011,0.336,0.236
"Epoxide hydrolase 1",0.111,0.392,0.23,0.208,0.25,0.438,0.134,0.089,0.33,0.279,0.467
"Tyrosine-protein kinase receptor FLT3",0.062,0.288,0.338,0.082,0.022,0.472,0.093,0.091,0.452,0.02,0.261
"Vitamin D receptor",0.054,0.211,0.445,0.405,0.326,0.291,0.356,0.047,0.352,0.316,0.289
"Cytochrome P450 19A1",0.282,0.416,0.479,0.016,0.099,0,0.34,0.002,0.099,0.385,0.111
"Insulin receptor",0.47,0.248,0.34,0.133,0.014,0.177,0.233,0.177,0.118,0.302,0.033
"Serotonin 1d (5-HT1d) receptor",0.341,0.184,0.391,0.041,0.073,0.23,0.059,0.095,0.274,0.073,0.102
"Inhibitor of nuclear factor kappa B kinase beta subunit",0.287,0.142,0.115,0.046,0.067,0,0.044,0,0.049,0.309,0.036
"Prostanoid IP receptor",0.49,0.01,0.062,0.005,0.131,0.022,0.212,0.051,0.102,0.105,0.001
"Equilibrative nucleoside transporter 1",0.226,0.028,0.413,0.019,0.451,0.136,0.153,0.155,0.193,0.318,0.081
"Purinergic receptor P2Y12",0.392,0.429,0.58,0.329,0.186,0.348,0.194,0.073,0.341,0.337,0.327
"Retinoic acid receptor gamma",0.152,0.266,0.188,0.405,0.112,0.128,0.372,0.499,0.224,0.4,0.103
"Platelet-derived growth factor receptor alpha",0.028,0.006,0.144,0.003,0.135,0.003,0.192,0.007,0.422,0.5,0.009
"Retinoic acid receptor beta",0.047,0.016,0.347,0.047,0.149,0.321,0.096,0.155,0.363,0.266,0.071
"Nociceptin receptor",0.487,0.059,0.454,0.26,0.485,0.252,0.279,0.006,0.024,0.136,0.225
"Dihydrofolate reductase",0.189,0.19,0.276,0.457,0.335,0.059,0.043,0.474,0.36,0.315,0.198
"Epidermal growth factor receptor erbB1",0.087,0.258,0.079,0.264,0.326,0.045,0.147,0.042,0.284,0.067,0.237
"Muscarinic acetylcholine receptor M5",0.185,0.401,0.199,0.059,0.286,0.187,0.093,0.093,0.155,0.351,0.468
"Peptidyl-prolyl cis-trans isomerase FKBP5",0.288,0.139,0.089,0.374,0.235,0.441,0.23,0.277,0.191,0.376,0.103
"Retinoic acid receptor alpha",0.037,0.062,0.109,0.424,0.057,0.097,0.361,0.503,0.077,0.255,0.004
"Estrogen receptor alpha",0.023,0.129,0.302,0.224,0.064,0.16,0.09,0.194,0.062,0.255,0.065
"Beta-2 adrenergic receptor",0.043,0.346,0.143,0.228,0.155,0.055,0.278,0.37,0.312,0.353,0.034
"Cyclin T1",0.263,0.458,0.181,0.083,0.435,0.063,0.479,0.285,0.293,0.282,0.29
"Muscarinic acetylcholine receptor M2",0.422,0.138,0.198,0.172,0.482,0.11,0.141,0.466,0.527,0.281,0.217
"Beta-1 adrenergic receptor",0.214,0.059,0.347,0.328,0.279,0.348,0.512,0.341,0.338,0.439,0.192
"Dopamine D2 receptor",0.077,0.432,0.108,0.254,0.134,0.018,0.029,0.244,0.154,0.255,0.364
"Beta-glucocerebrosidase",0.154,0.278,0.197,0.188,0.083,0.211,0.283,0.338,0.215,0.429,0.296
"Motilin receptor",0.031,0.069,0.033,0.026,0.384,0.22,0.33,0.03,0.206,0.473,0.072
"MAP kinase-activated protein kinase 2",0.038,0.174,0.018,0.216,0.066,0.023,0.299,0.073,0.01,0.372,0.292
"Cyclooxygenase-1",0.267,0.34,0.006,0.5,0.104,0.202,0.48,0.14,0.195,0.226,0.049
"Norepinephrine transporter",0.014,0.014,0.24,0.165,0.123,0.129,0.202,0.114,0.429,0.322,0.007
"Anandamide amidohydrolase",0.054,0.438,0.272,0.509,0.307,0.339,0.27,0.415,0.286,0.156,0.285
"Serotonin 2c (5-HT2c) receptor",0.507,0.302,0.081,0.442,0.202,0.424,0.165,0.271,0.414,0.492,0.378
"Dipeptidyl peptidase I",0.49,0.237,0.092,0.069,0.364,0.151,0.38,0.144,0.417,0.316,0.233
"Serotonin transporter",0.006,0.329,0.301,0.005,0.06,0.127,0.197,0.002,0.003,0.394,0.314
"Peroxisome proliferator-activated receptor alpha",0.472,0.379,0.464,0.039,0.367,0.008,0.52,0.009,0.425,0.168,0.024
"HERG",0.089,0.318,0.105,0.454,0.601,0.058,0.449,0.266,0.274,0.347,0.348
"Epoxide hydratase",0.354,0.185,0.1,0.445,0.162,0.478,0.12,0.392,0.299,0.229,0.054
"Phosphodiesterase 3A",0.328,0.022,0.331,0.144,0.005,0.025,0.213,0.089,0.452,0.502,0.42
"C-C chemokine receptor type 1",0.016,0.147,0.341,0.15,0.405,0.384,0.144,0.385,0.546,0.391,0.286
"C-C chemokine receptor type 4",0.231,0.424,0.203,0.068,0.338,0.041,0.097,0.012,0.456,0.211,0.309
"Estrogen receptor beta",0.314,0.217,0.067,0.01,0.225,0.011,0.024,0.048,0.303,0.193,0.141
"Glyoxalase I",0.399,0.035,0.224,0.053,0.067,0.046,0.373,0.017,0.213,0.397,0.062
"Myosin light chain kinase, smooth muscle",0.255,0.307,0.069,0.338,0.146,0.369,0.28,0.021,0.305,0.383,0.44
"Serine/threonine-protein kinase AKT2",0.353,0.066,0.299,0.444,0.489,0.268,0.389,0.196,0.226,0.253,0.291
"Interleukin-8 receptor B",0.003,0.214,0.257,0.459,0.351,0.525,0.138,0.375,0.22,0.276,0.118
"Myeloperoxidase",0.199,0.048,0.458,0.222,0.192,0.46,0.102,0.251,0.275,0.455,0.341
"Coagulation factor X",0.002,0.302,0.05,0.121,0.065,0.216,0.04,0.405,0.054,0.131,0.015
"Deoxycytidine kinase",0.252,0.07,0.303,0.473,0.138,0.087,0.446,0.032,0.054,0.087,0.287
"Muscarinic acetylcholine receptor M3",0.312,0.333,0.281,0.433,0.454,0.221,0.076,0.175,0.163,0.455,0.045
"Beta-3 adrenergic receptor",0.177,0.242,0.251,0.441,0.446,0.267,0.213,0.416,0.272,0.309,0.238
"Death-associated protein kinase 3",0.086,0.251,0.243,0.105,0.335,0.12,0.126,0.068,0.423,0.418,0.394
"Methionine aminopeptidase 1",0.392,0.239,0.276,0.094,0.376,0.009,0.139,0.046,0.418,0.29,0.091
"Leukocyte elastase",0.144,0.027,0.007,0.131,0.33,0.07,0.402,0.206,0.199,0.323,0.065
"Beta amyloid A4 protein",0.232,0.047,0.092,0.142,0.236,0.127,0.17,0.165,0.394,0.484,0.136
"Neurokinin 1 receptor",0.343,0.343,0.236,0.004,0.071,0.138,0.324,0.229,0.3,0.345,0.137
"Neuronal acetylcholine receptor protein alpha-7 subunit",0.116,0.484,0.257,0.151,0.481,0.36,0.407,0.402,0.358,0.154,0.407
"Adenosine A2a receptor",0.136,0.15,0.351,0.252,0.384,0.252,0.368,0.051,0.015,0.252,0.163
"Endothelin receptor ET-A",0.049,0.32,0.213,0.442,0.394,0.384,0.124,0.184,0.107,0.103,0.468
"Beta secretase 2",0.065,0.027,0.1,0.246,0.246,0.006,0.141,0.045,0.437,0.154,0.134
"Serine/threonine-protein kinase Chk2",0.411,0.145,0.364,0.332,0.15,0.14,0.122,0.309,0.207,0.037,0.219
"Cannabinoid CB2 receptor",0.087,0.373,0.229,0.025,0.49,0.208,0.461,0.07,0.271,0.303,0.238
"3-phosphoinositide dependent protein kinase-1",0.067,0.397,0.288,0.512,0.444,0.13,0.317,0.257,0.364,0.37,0.16
"Phospholipase D1",0.386,0.279,0.457,0.25,0.464,0.157,0.259,0.157,0.43,0.185,0.185
"Phosphodiesterase 4A",0.323,0.116,0.439,0.332,0.044,0.261,0.249,0.234,0.196,0.428,0.172
"Adenosine A2b receptor",0.006,0.474,0.489,0.081,0.407,0.365,0.155,0.267,0.132,0.391,0.357
"Carboxypeptidase B",0.025,0.282,0.249,0.243,0.202,0.36,0.38,0.323,0.344,0.481,0.218
"Adenosine A3 receptor",0.244,0.053,0.385,0.161,0.454,0.264,0.266,0.099,0.324,0.11,0.185
"Histone deacetylase 5",0.383,0.244,0.315,0.059,0.08,0.409,0.195,0.49,0.185,0.422,0.512
"Liver glycogen phosphorylase",0.014,0.055,0.21,0.105,0.061,0.443,0.224,0.014,0.054,0.248,0.257
"Tyrosine-protein kinase LCK",0.134,0.048,0.149,0.213,0.38,0.085,0.429,0.447,0.506,0.372,0.098
"Cathepsin D",0.168,0.081,0.357,0.386,0.345,0.087,0.323,0.026,0.139,0.033,0.017
"Melanocortin receptor 4",0.141,0.067,0.403,0.188,0.151,0.169,0.344,0.032,0.003,0.471,0.009
"Peptide N-myristoyltransferase 1",0.17,0.317,0.445,0.479,0.042,0.018,0.216,0.197,0.02,0.364,0.077
"Tyrosine-protein kinase SYK",0.085,0.264,0.095,0.25,0.24,0.285,0.224,0.309,0.151,0.446,0.022
"MAP kinase p38 alpha",0.223,0.05,0.289,0.053,0.374,0.173,0.164,0.077,0.403,0.243,0.212
"Carbonic anhydrase I",0.255,0.102,0.029,0.133,0.106,0.134,0.072,0.282,0.05,0.42,0.226
"Furin",0.017,0.197,0.161,0.088,0.346,0.43,0.272,0.044,0.045,0.478,0.316
"Tryptase beta-1",0.196,0.094,0.063,0.121,0.145,0.375,0.406,0.481,0.364,0.121,0.094
"Glycogen synthase kinase-3 beta",0.242,0.345,0.12,0.443,0.369,0.169,0.447,0.1,0.446,0.494,0.405
"Dual specificity protein phosphatase 3",0.195,0.055,0.251,0.396,0.397,0.246,0.279,0.468,0.387,0.162,0.143
"c-Jun N-terminal kinase 3",0.475,0.486,0.029,0.436,0.264,0.365,0.087,0.254,0.078,0.077,0.118
"Histamine H3 receptor",0.028,0.35,0.409,0.251,0.302,0.108,0.069,0.044,0.329,0.414,0.404
"Phosphodiesterase 2A",0.118,0.074,0.015,0.444,0.372,0.137,0.353,0.433,0.408,0.33,0.029
"Adenosylhomocysteinase",0.394,0.46,0.395,0.072,0.068,0.398,0.217,0.339,0.255,0.202,0.1
"Tyrosine-protein kinase SRC",0.087,0.296,0.494,0.491,0.234,0.422,0.366,0.212,0.532,0.384,0.131
"Cathepsin K",0.023,0.34,0.476,0.19,0.429,0.179,0.38,0.306,0.047,0.266,0.372
"Macrophage-stimulating protein receptor",0.158,0.195,0.049,0.399,0.329,0.254,0.106,0.206,0.384,0.499,0.148
"Cystinyl aminopeptidase",0.166,0.319,0.411,0.332,0.435,0.31,0.149,0.169,0.216,0.189,0.391
"Focal adhesion kinase 1",0.246,0.138,0.008,0.362,0.24,0.009,0.107,0.217,0.085,0.506,0.006
"Mitogen-activated protein kinase kinase kinase 11",0.493,0.167,0.318,0.198,0.123,0.159,0.285,0.457,0.109,0.404,0.396
"Histone deacetylase 7",0.405,0.362,0.217,0.462,0.037,0.169,0.422,0.511,0.11,0.277,0.168
"Phosphodiesterase 11A",0.46,0.367,0.474,0.465,0.278,0.276,0.251,0.085,0.223,0.2,0.394
"Cytochrome P450 11B2",0.18,0.219,0.281,0.342,0.125,0.156,0.348,0.099,0.24,0.455,0.254
"Protein-glutamine gamma-glutamyltransferase",0.395,0.066,0.27,0.086,0.096,0.042,0.429,0.384,0,0.375,0.108
"Phospholipase D2",0.134,0.13,0.199,0.031,0.475,0.001,0.261,0.004,0.006,0.445,0.014
"Metabotropic glutamate receptor 4",0.223,0.103,0.03,0.048,0.097,0.194,0.343,0.209,0.062,0.47,0.187
"C-C chemokine receptor type 5",0.338,0.226,0.232,0.328,0.344,0.099,0.298,0.411,0.461,0.292,0.1
"Fibroblast growth factor receptor 3",0.01,0.422,0.434,0.529,0.251,0.13,0.236,0.189,0.234,0.114,0.275
"Phosphodiesterase 4B",0.008,0.081,0.146,0.327,0.493,0.208,0.085,0.161,0.01,0.511,0.025
"Ileal bile acid transporter",0.179,0.058,0.461,0.186,0.044,0.118,0.267,0.164,0.114,0.44,0.296
"Integrin alpha-4",0.137,0.253,0.185,0.012,0.385,0.335,0.232,0.014,0.063,0.321,0.525
"Sodium/hydrogen exchanger 1",0.065,0.295,0.497,0.558,0.488,0.149,0.381,0.019,0.066,0.245,0.125
"Acyl coenzyme A:cholesterol acyltransferase 1",0.095,0.413,0.09,0.187,0.152,0.203,0.225,0.082,0.198,0.402,0.148
"Estradiol 17-beta-dehydrogenase 2",0.008,0.429,0.379,0.1,0.045,0.373,0.42,0.053,0.191,0.2,0.319
"Vascular endothelial growth factor receptor 2",0.403,0.309,0.039,0.217,0.132,0.138,0.114,0.555,0.107,0.495,0.338
"Matrix metalloproteinase 13",0.041,0.049,0.103,0.191,0.057,0.514,0.147,0.074,0.098,0.41,0.495
"Tyrosine-protein kinase ZAP-70",0.016,0.335,0.223,0.166,0.132,0.011,0.349,0.033,0.337,0.452,0.512
"LXR-alpha",0.069,0.33,0.206,0.427,0.477,0.035,0.382,0.435,0.241,0.165,0.326
"Protein-glutamine gamma-glutamyltransferase K",0.184,0.241,0.218,0.185,0.418,0.22,0.286,0.485,0.172,0.045,0.362
"Nerve growth factor receptor Trk-A",0.098,0.343,0.165,0.324,0.06,0.162,0.229,0.453,0.254,0.131,0.044
"Coagulation factor XI",0.349,0.447,0.368,0.499,0.499,0.239,0.216,0.395,0.284,0.423,0.486
"Casein kinase I delta",0.175,0.362,0.003,0.239,0.09,0.022,0.002,0.052,0.488,0.309,0.013
"Matrix metalloproteinase 3",0.426,0.356,0.255,0.046,0.261,0.018,0.422,0.026,0.318,0.206,0.186
"Tyrosine-protein kinase JAK1",0.079,0.31,0.034,0.448,0.131,0.073,0.262,0.076,0.216,0.47,0.137
"Dipeptidyl peptidase IV",0.137,0.514,0.443,0.02,0.234,0.338,0.278,0.037,0.179,0.161,0.403
"Serine/threonine-protein kinase mTOR",0.016,0.086,0.234,0.003,0.298,0.066,0.466,0.009,0.083,0.393,0.399
"Glycogen synthase kinase-3 alpha",0.025,0.276,0.054,0.087,0.426,0.237,0.346,0.021,0.055,0.115,0.17
"Renin",0.154,0.54,0.352,0.036,0.233,0.052,0.33,0.449,0.069,0.219,0.447
"Sigma opioid receptor",0.241,0.079,0.166,0.326,0.334,0.251,0.062,0.262,0.119,0.372,0.364
"Mitogen-activated protein kinase kinase kinase 9",0.006,0.032,0.122,0.002,0.169,0.246,0.072,0.054,0.089,0.107,0.016
"Phosphodiesterase 4D",0.003,0.059,0.375,0.01,0.097,0.226,0.369,0.008,0.177,0.322,0.099
"Carbonic anhydrase III",0,0.227,0.353,0.045,0.012,0.144,0.375,0.223,0.357,0.118,0.469
"Hematopoietic cell protein-tyrosine phosphatase 70Z-PEP",0.017,0.143,0.211,0.262,0.539,0.008,0.339,0.288,0.251,0.309,0.47
"Phosphodiesterase 3B",0.011,0.203,0.467,0.001,0.031,0.051,0.128,0.022,0.453,0.415,0.183
"Arachidonate 15-lipoxygenase",0.279,0.18,0.257,0.346,0.279,0.063,0.142,0.369,0.115,0.133,0.141
"Phosphodiesterase 4C",0.493,0.092,0.121,0.347,0.485,0.524,0.406,0.299,0.442,0.232,0.03
"Telomerase reverse transcriptase",0.027,0.347,0.148,0.407,0.197,0.055,0.277,0.329,0.128,0.252,0.331
"Protein kinase C gamma",0.248,0.455,0.016,0.338,0.137,0.051,0.249,0.232,0.246,0.362,0.379
"Cathepsin S",0.122,0.119,0.174,0.158,0.206,0.161,0.293,0.04,0.364,0.234,0.113
"Sphingosine 1-phosphate receptor Edg-5",0.041,0.261,0.463,0.041,0.482,0.248,0.213,0.09,0.525,0.287,0.228
"Tyrosine-protein kinase ITK/TSK",0.014,0.487,0.017,0.256,0.212,0.073,0.264,0.002,0.023,0.451,0.387
"Dual specificity mitogen-activated protein kinase kinase 2",0.099,0.097,0.101,0.012,0.24,0.005,0.529,0.001,0.104,0.383,0.028
"Tyrosine-protein kinase JAK2",0.274,0.56,0.233,0.034,0.009,0.14,0.152,0.069,0.114,0.439,0.06
"Rho-associated protein kinase 2",0.102,0.182,0.206,0.004,0.257,0.117,0.35,0.021,0.156,0.403,0.186
"Cholecystokinin B receptor",0.425,0.208,0.325,0.159,0.021,0.404,0.385,0.074,0.289,0.207,0.203
"Protein kinase C alpha",0.133,0.24,0.283,0.191,0.149,0.072,0.137,0.262,0.337,0.336,0.445
"Protein kinase C delta",0.113,0.085,0.414,0.413,0.187,0.171,0.23,0.458,0.452,0.504,0.397
"P2X purinoceptor 3",0.337,0.168,0.502,0.385,0.012,0.438,0.092,0.046,0.046,0.319,0.077
"Multidrug resistance-associated protein 1",0.061,0.341,0.273,0.154,0.468,0.142,0.127,0.173,0.337,0.116,0.48
"Receptor protein-tyrosine kinase erbB-4",0,0.156,0.21,0.197,0.115,0.122,0.468,0.403,0.311,0.526,0.489
"Cyclin-dependent kinase 2",0.032,0.135,0.132,0.008,0.432,0.015,0.095,0.006,0.068,0.097,0.12
"Phosphodiesterase 7A",0.477,0.062,0.125,0.118,0.14,0.27,0.265,0.433,0.074,0.199,0.445
"Matriptase",0.003,0.062,0.117,0.221,0.008,0.039,0.548,0.132,0.367,0.127,0.382
"Sphingosine kinase 2",0.364,0.485,0.171,0.068,0.226,0.216,0.303,0.195,0.125,0.464,0.332
"Serine/threonine-protein kinase PLK1",0.041,0.269,0.166,0.45,0.03,0.463,0.214,0.376,0.452,0.234,0.177
"Carbonic anhydrase VI",0.375,0.348,0.09,0.005,0.157,0.048,0.104,0.002,0.301,0.364,0.239
"Protein kinase C beta",0.237,0.475,0.034,0.289,0.281,0.077,0.268,0.158,0.062,0.429,0.414
"Cyclin-dependent kinase 7",0.363,0.14,0.165,0.068,0.177,0.056,0.38,0.137,0.216,0.455,0.311
"Glycine transporter 2",0.039,0.112,0.309,0.275,0.213,0.128,0.182,0.067,0.099,0.26,0.304
"Cyclin-dependent kinase 1",0.214,0.263,0.212,0.328,0.233,0.14,0.397,0.478,0.322,0.141,0.4
"Excitatory amino acid transporter 1",0.19,0.137,0.471,0.168,0.033,0.153,0.08,0.027,0.41,0.405,0.079
"Plasma retinol-binding protein",0.061,0.037,0.382,0.278,0.268,0.012,0.334,0.425,0.437,0.259,0.31
"Poly [ADP-ribose] polymerase-1",0.3,0.09,0.221,0.088,0.167,0.137,0.408,0.275,0.05,0.345,0.016
"Thymidine phosphorylase",0.303,0.241,0.118,0.112,0.299,0.04,0.085,0.219,0.313,0.081,0.107
"Cyclin-dependent kinase 9",0.491,0.052,0.206,0.111,0.272,0.003,0.05,0.151,0.118,0.55,0.325
"PI3-kinase p110-delta subunit",0.102,0.388,0.395,0.41,0.277,0.455,0.073,0.185,0.033,0.39,0.436
"DNA-dependent protein kinase",0.081,0.23,0.216,0.478,0.447,0.088,0.407,0.151,0.31,0.506,0.322
"PI3-kinase p110-beta subunit",0.354,0.103,0.342,0.038,0.325,0.376,0.309,0.252,0.271,0.316,0.05
"Serotonin 7 (5-HT7) receptor",0.074,0.305,0.121,0.455,0.41,0.413,0.268,0.032,0.196,0.288,0.398
"Bradykinin B2 receptor",0.376,0.277,0.019,0.455,0.142,0.226,0.345,0.173,0.008,0.173,0.453
"Protein-tyrosine phosphatase 1C",0.138,0.104,0.209,0.215,0.289,0.201,0.217,0.409,0.115,0.388,0.076
"Carboxylesterase 2",0.039,0.474,0.091,0.142,0.16,0.281,0.241,0.472,0.172,0.253,0.02
"Estradiol 17-beta-dehydrogenase 1",0.014,0.19,0.03,0.047,0.398,0.266,0.085,0.523,0.289,0.193,0.428
"Histone deacetylase 8",0.084,0.247,0.357,0.02,0.023,0.074,0.167,0.035,0.195,0.33,0.032
"Prolyl endopeptidase",0.476,0.143,0.451,0.058,0.162,0.358,0.383,0.209,0.27,0.431,0.285
"Matrix metalloproteinase 9",0.007,0.273,0.018,0.038,0.039,0.312,0.167,0.032,0.159,0.086,0.124
"CD22",0.541,0.544,0.114,0.237,0.022,0.2,0.195,0.026,0.058,0.293,0.035
"Metabotropic glutamate receptor 5",0.367,0.413,0.375,0.159,0.323,0.085,0.403,0.191,0.391,0.526,0.339
"Sphingosine 1-phosphate receptor Edg-6",0.108,0.349,0.141,0.194,0.01,0.004,0.473,0.443,0.419,0.234,0.202
"Rho-associated protein kinase 1",0.458,0.248,0.164,0.318,0.153,0.111,0.428,0.157,0.264,0.33,0.098
"Tyrosine-protein kinase HCK",0.098,0.28,0.171,0.17,0.241,0.046,0.147,0.128,0.185,0.121,0.409
"Carbonic anhydrase XII",0.163,0.287,0.216,0.36,0.545,0.4,0.298,0.093,0.27,0.257,0.285
"Histone deacetylase 1",0.253,0.171,0.12,0.282,0.341,0.482,0.291,0.095,0.222,0.309,0.096
"Lysophosphatidic acid receptor Edg-7",0.182,0.147,0.476,0.101,0.08,0.156,0.5,0.312,0.197,0.155,0.409
"PI3-kinase p110-gamma subunit",0.501,0.031,0.197,0.119,0.192,0.013,0.134,0.026,0.38,0.328,0.105
"PI4-kinase beta subunit",0.034,0.564,0.382,0.245,0.266,0.042,0.161,0.128,0.36,0.021,0.463
"Cathepsin L2",0.012,0.264,0.153,0.089,0.516,0.075,0.21,0.029,0.088,0.217,0.234
"Urokinase-type plasminogen activator",0.173,0.249,0.484,0.014,0.51,0.008,0.218,0.047,0.283,0.328,0.274
"Testis-specific androgen-binding protein",0.521,0.164,0.477,0.128,0.075,0.023,0.458,0.04,0.165,0.09,0.087
"Caspase-6",0.395,0.292,0.456,0.08,0.277,0.036,0.23,0.105,0.287,0.086,0.392
"Cyclin-dependent kinase 4",0.148,0.274,0.05,0.307,0.37,0.058,0.137,0.029,0.314,0.433,0.22
"Histone deacetylase 11",0.082,0.331,0.375,0.143,0.223,0.337,0.364,0.287,0.47,0.105,0.349
"Sodium-dependent proline transporter",0.021,0.276,0.181,0.126,0.021,0.002,0.328,0.056,0.249,0.328,0.04
"Matrix metalloproteinase-1",0.329,0.453,0.32,0.192,0.135,0.183,0.345,0.256,0.162,0.4,0.382
"Matrix metalloproteinase-2",0.014,0.095,0.155,0,0.384,0.004,0.079,0.001,0.01,0.306,0.412
"Protein-tyrosine phosphatase 1B",0.109,0.281,0.325,0.009,0.318,0.002,0.394,0.029,0.26,0.196,0.072
"Acetyl-CoA carboxylase 1",0.469,0.407,0.379,0.255,0.37,0.23,0.225,0.171,0.423,0.072,0.473
"Serotonin 6 (5-HT6) receptor",0.252,0.488,0.413,0.012,0.326,0.103,0.329,0.032,0.113,0.406,0.196
"MAP kinase ERK1",0.128,0.103,0.093,0.363,0.28,0.35,0.365,0.151,0.129,0.464,0.346
"Cytochrome P450 2C9",0.05,0.302,0.004,0.246,0.425,0.442,0.314,0.041,0.369,0.346,0.499
"Probable G-protein coupled receptor 88",0.438,0.391,0.29,0.357,0.191,0.05,0.471,0.236,0.239,0.331,0.403
"Cytochrome P450 3A4",0.016,0.399,0.129,0.121,0.079,0.429,0.131,0.003,0.064,0.289,0.127
"Pregnane X receptor",0,0.235,0.042,0.03,0.084,0.112,0.064,0.085,0.54,0.182,0.336
"Carboxypeptidase B2 isoform A",0.511,0.294,0.402,0.021,0.548,0.011,0.036,0.004,0.043,0.047,0.43
"Serotonin 5a (5-HT5a) receptor",0.207,0.439,0.173,0.124,0.308,0.045,0.497,0.262,0.151,0.486,0.296
"Estrogen-related receptor alpha",0.005,0.119,0.151,0.161,0.375,0,0.238,0.315,0.495,0.378,0.007
"Amine oxidase, copper containing",0.374,0.043,0.36,0.006,0.262,0.001,0.197,0.002,0.33,0.45,0.003
"Protein kinase C zeta",0.01,0.401,0.043,0.09,0.443,0.386,0.438,0.088,0.093,0.11,0.13
"Melanin-concentrating hormone receptor 1",0.452,0.235,0.372,0.103,0.306,0.39,0.475,0.011,0.093,0.354,0.273
"Caspase-7",0.21,0.24,0.455,0.45,0.226,0.273,0.464,0.03,0.469,0.35,0.356
"C-C chemokine receptor type 3",0.111,0.043,0.48,0.09,0.2,0.299,0.242,0.09,0.207,0.392,0.148
"Phospholipase A2 group IIA",0.023,0.307,0.023,0.145,0.357,0.229,0.487,0.002,0.003,0.188,0.318
"Plasminogen activator inhibitor-1",0.26,0.022,0.004,0.452,0.053,0.252,0.186,0.042,0.235,0.48,0.004
"Inhibitor of nuclear factor kappa B kinase alpha subunit",0.133,0.085,0.522,0.13,0.068,0.172,0.372,0.49,0.479,0.272,0.054
"Proteasome Macropain subunit",0.078,0.389,0.093,0.143,0.401,0.241,0.201,0.061,0.176,0.116,0.065
"Carbonic anhydrase XIV",0.085,0.358,0.131,0.474,0.258,0.094,0.471,0.056,0.08,0.301,0.088
"LDL-associated phospholipase A2",0.144,0.438,0.235,0.209,0.207,0.044,0.385,0.128,0.093,0.183,0.301
"Cytochrome P450 17A1",0.435,0.192,0.144,0.242,0.349,0.367,0.424,0.192,0.038,0.37,0.242
"Histone deacetylase 4",0.442,0.049,0.317,0.008,0.361,0.034,0.467,0.1,0.345,0.106,0.29
"Inhibitor of nuclear factor kappa B kinase epsilon subunit",0.333,0.405,0.232,0.251,0.243,0.496,0.421,0.179,0.436,0.437,0.212
"Phosphodiesterase 9A",0.27,0.142,0.393,0.119,0.525,0.031,0.326,0.006,0.126,0.366,0.04
"Tyrosine-protein kinase TYK2",0.019,0.489,0.12,0.332,0.077,0.13,0.431,0.306,0.204,0.209,0.1
"Steryl-sulfatase",0.287,0.173,0.086,0.248,0.474,0.373,0.406,0.366,0.056,0.423,0.126
"Nitric-oxide synthase, brain",0.153,0.146,0.154,0.263,0.07,0.069,0.23,0.052,0.141,0.144,0.49
"Cholesteryl ester transfer protein",0.181,0.309,0.017,0.365,0.256,0.102,0.32,0.421,0.354,0.386,0.244
"Protein kinase C epsilon",0.454,0.299,0.058,0.516,0.075,0.165,0.211,0.027,0.284,0.416,0.372
"Dual specificity mitogen-activated protein kinase kinase 1",0.433,0.278,0.009,0.035,0.319,0.006,0.114,0.065,0.027,0.303,0.241
"Adenosine kinase",0.433,0.416,0.14,0.429,0.489,0.407,0.265,0.306,0.323,0.297,0.289
"Hormone sensitive lipase",0.007,0.472,0.017,0.317,0.282,0.326,0.226,0.009,0.066,0.458,0.146
"Carbonic anhydrase IX",0.279,0.17,0.254,0.337,0.05,0.291,0.303,0.057,0.276,0.082,0.042
"Protein kinase C eta",0.022,0.024,0.33,0,0.241,0.023,0.031,0.057,0.221,0.127,0.12
"Cytochrome P450 2C19",0.155,0.007,0.08,0,0.376,0,0.122,0.001,0.235,0.432,0.029
"Quinone reductase 1)",0.035,0.228,0.393,0.352,0.075,0.395,0.114,0.036,0.133,0.339,0.354
"Casein kinase II alpha",0.118,0.006,0.097,0.006,0.049,0.005,0.164,0.003,0.318,0.218,0.001
"Opioid growth factor receptor-like protein 1",0.076,0.371,0.343,0.289,0.201,0.335,0.392,0.092,0.019,0.467,0.431
"Kininogen-1",0.352,0.167,0.226,0.348,0.157,0.094,0.149,0.398,0.013,0.478,0.067
"Acetyl-coenzyme A transporter 1",0.036,0.05,0.332,0.002,0.124,0.114,0.35,0.006,0.139,0.299,0.312
"Fibroblast growth factor receptor 1",0.018,0.204,0.214,0.292,0.504,0.011,0.223,0.197,0.232,0.158,0.218
"PI4-kinase alpha subunit",0.095,0.032,0.18,0.26,0.044,0.22,0.03,0.227,0.238,0.256,0.03
"Arachidonate 12-lipoxygenase",0.153,0.138,0.344,0.272,0.234,0.147,0.156,0.029,0.13,0.497,0.123
"Autotaxin",0.123,0.251,0.006,0.04,0.188,0.192,0.07,0.018,0.078,0.238,0.029
"ADAM17",0.217,0.069,0.298,0.012,0.32,0.006,0.216,0.023,0.14,0.382,0.169
"Prostanoid EP3 receptor",0.177,0.147,0.481,0.362,0.07,0.321,0.151,0.212,0.094,0.412,0.148
"Hepatocyte growth factor receptor",0.089,0.066,0.207,0.547,0.383,0.094,0.211,0.414,0.085,0.263,0.124
"Carbonic anhydrase IV",0.383,0.1,0.113,0.165,0.001,0.408,0.404,0.106,0.207,0.28,0.01
"11-beta-hydroxysteroid dehydrogenase 2",0.217,0.368,0.047,0.405,0.06,0.206,0.237,0.428,0.239,0.186,0.253
"Histamine H4 receptor",0.144,0.329,0.018,0.453,0.441,0.2,0.183,0.062,0.009,0.218,0.079
"Beta-glucosidase",0.128,0.253,0.261,0.274,0.097,0.198,0.273,0.159,0.07,0.267,0.269
"Urotensin II receptor",0.104,0.383,0.327,0.196,0.148,0.051,0.387,0.262,0.153,0.261,0.378
"Metabotropic glutamate receptor 1",0.483,0.162,0.22,0.267,0.104,0.22,0.2,0.37,0.184,0.222,0.039
"Dual specificity phosphatase Cdc25A",0.162,0.432,0.379,0.227,0.319,0.354,0.178,0.031,0.06,0.416,0.338
"Caspase-8",0.065,0.482,0.016,0.43,0.184,0.43,0.171,0.119,0.498,0.204,0.11
"Interleukin-1 receptor-associated kinase 4",0.25,0.062,0.407,0.351,0.536,0.026,0.459,0.271,0.201,0.203,0.072
"Histone acetyltransferase p300",0.25,0.439,0.014,0.233,0.163,0.48,0.048,0.153,0.137,0.46,0.235
"Hydroxycarboxylic acid receptor 2",0.365,0.243,0.237,0.053,0.115,0.012,0.506,0.002,0.036,0.414,0.467
"Serine/threonine-protein kinase PLK4",0.338,0.211,0.382,0.092,0.354,0.051,0.257,0.026,0.085,0.412,0.092
"Melanocortin receptor 1",0.3,0.505,0.384,0.175,0.163,0.28,0.113,0.15,0.318,0.586,0.147
"Calcitonin gene-related peptide type 1 receptor",0.436,0.404,0.066,0.009,0.237,0.054,0.098,0.002,0.022,0.264,0.144
"T-cell protein-tyrosine phosphatase",0.248,0.247,0.017,0.48,0.16,0.266,0.14,0.05,0.042,0.501,0.078
"Cytosolic phospholipase A2",0.006,0.179,0.392,0.158,0.479,0.009,0.279,0.294,0.442,0.254,0.414
"Hexokinase type IV",0.286,0.107,0.491,0.2,0.128,0.293,0.145,0.173,0.258,0.271,0.032
"Serine/threonine-protein kinase NEK2",0.212,0.248,0.134,0.303,0.019,0.456,0.181,0.049,0.371,0.336,0.08
"LIM domain kinase 1",0.435,0.252,0.065,0.084,0.09,0.124,0.364,0.07,0.102,0.335,0.079
"Cathepsin L",0.421,0.494,0.046,0.341,0.351,0.22,0.313,0.502,0.419,0.372,0.06
"Protein kinase C mu",0.189,0.174,0.419,0.341,0.009,0.265,0.227,0.003,0.263,0.216,0.034
"Protein-tyrosine phosphatase 2C",0.006,0.052,0.075,0.065,0.411,0.025,0.296,0.278,0.021,0.319,0.008
"Matrix metalloproteinase 14",0.011,0.376,0.391,0.317,0.459,0.181,0.447,0.428,0.088,0.109,0.312
"Heat shock protein HSP 90-alpha",0.091,0.424,0.158,0.186,0.269,0.482,0.262,0.257,0.26,0.326,0.115
"Sodium/glucose cotransporter 2",0.434,0.019,0.078,0,0.022,0.002,0.128,0.435,0.037,0.18,0.025
"Calpain 1",0.005,0.382,0.333,0.012,0.243,0.134,0.039,0,0.004,0.066,0.119
"Sphingosine 1-phosphate receptor Edg-3",0.514,0.119,0.484,0.058,0.287,0.009,0.18,0.256,0.299,0.189,0.025
"Bone morphogenetic protein 1",0.078,0.215,0.288,0.379,0.195,0.417,0.318,0.26,0.117,0.352,0.1
"Glutathione S-transferase Pi",0.282,0.384,0.264,0.226,0.272,0.107,0.296,0.195,0.416,0.42,0.168
"Tyrosine-protein kinase Lyn",0.037,0.369,0.165,0.47,0.178,0.114,0.267,0.533,0.111,0.454,0.347
"Ribosomal protein S6 kinase alpha 2",0.029,0.33,0.419,0.045,0.455,0.31,0.463,0.054,0.322,0.361,0.46
"Carbonic anhydrase XIII",0.232,0.339,0.164,0.046,0.223,0.2,0.454,0.43,0.254,0.082,0.154
"Complement C1s",0.024,0.112,0.144,0.034,0.361,0.452,0.124,0.101,0.111,0.164,0.29
"Protein kinase C theta",0.047,0.074,0.384,0.033,0.303,0.467,0.064,0.121,0.502,0.208,0.322
"Heparanase",0.266,0.189,0.257,0.096,0.496,0.07,0.256,0.086,0.199,0.323,0.222
"Methionine aminopeptidase 2",0.255,0.003,0.333,0.194,0.176,0.319,0.395,0.075,0.357,0.375,0.098
"Serine/threonine-protein kinase Aurora-C",0.339,0.265,0.492,0.335,0.427,0.476,0.188,0.155,0.13,0.132,0.037
"Quinone reductase 2",0.011,0.377,0.218,0.207,0.232,0.092,0.334,0.248,0.463,0.471,0.064
"MAP kinase p38 beta",0.059,0.009,0.438,0.472,0.136,0.014,0.482,0.244,0.15,0.377,0.006
"Carbonic anhydrase VB",0.267,0.08,0.351,0.368,0.025,0.073,0.284,0.494,0.152,0.114,0.27
"GAR transformylase",0.337,0.149,0.187,0.309,0.166,0.134,0.422,0.011,0.215,0.119,0.179
"Proteinase-activated receptor 1",0.364,0.411,0.422,0.3,0.406,0.067,0.106,0.049,0.045,0.314,0.225
"Fructose-1,6-bisphosphatase",0.08,0.239,0.147,0.256,0.166,0.026,0.345,0.435,0.291,0.1,0.171
"Dipeptidyl peptidase II",0.423,0.207,0.33,0.066,0.256,0.37,0.322,0.024,0.47,0.388,0.229
"Peroxisome proliferator-activated receptor delta",0.106,0.426,0.207,0.16,0.317,0.262,0.418,0.098,0.331,0.254,0.28
"Serine/threonine-protein kinase 10",0.015,0.363,0.122,0.227,0.457,0.312,0.032,0.296,0.109,0.326,0.025
"Dual specificity protein kinase TTK",0.209,0.111,0.338,0.215,0.116,0.353,0.14,0.001,0.101,0.155,0.137
"Coagulation factor VII",0.482,0.421,0.259,0.274,0.408,0.413,0.392,0.188,0.222,0.172,0.01
"PI3-kinase p110-alpha subunit",0.302,0.361,0.115,0.077,0.363,0.002,0.19,0.008,0.075,0.252,0.444
"Tyrosine-protein kinase ABL2",0,0.109,0.183,0.046,0.288,0.222,0.103,0.104,0.173,0.189,0.5
"C-C chemokine receptor type 2",0.41,0.131,0.367,0.32,0.313,0.188,0.376,0.354,0.33,0.505,0.176
"Glutamate receptor ionotropic, AMPA 2",0.006,0.251,0.416,0.023,0.094,0.233,0.353,0.124,0.201,0.456,0.467
"Neuropeptide Y receptor type 2",0.169,0.277,0.104,0.043,0.224,0.114,0.047,0.005,0.246,0.323,0.274
"HMG-CoA reductase",0.019,0.395,0.218,0.041,0.414,0.001,0.138,0.153,0.429,0.336,0.088
"Signal transducer and activator of transcription 3",0.227,0.292,0.41,0.369,0.28,0.495,0.532,0.088,0.356,0.373,0.104
"Interleukin-8 receptor A",0.254,0.32,0.099,0.433,0.192,0.405,0.179,0.463,0.27,0.432,0.5
"Cyclin-dependent kinase 5",0.162,0.415,0.312,0.019,0.011,0.072,0.313,0.031,0.307,0.301,0.173
"MAP kinase ERK2",0.035,0.446,0.214,0.007,0.283,0,0.129,0.037,0.457,0.192,0.067
"Cystic fibrosis transmembrane conductance regulator",0.132,0.197,0.235,0.297,0.225,0.087,0.172,0.158,0.501,0.373,0.17
"Chymase",0.018,0.13,0.405,0.5,0.037,0.16,0.102,0.496,0.539,0.393,0.01
"Casein kinase II alpha (prime)",0.335,0.086,0.229,0.01,0.28,0.001,0.419,0.251,0.365,0.326,0.055
"Cathepsin B",0.105,0.549,0.343,0.393,0.429,0.363,0.076,0.105,0.212,0.224,0.318
"Matrix metalloproteinase 7",0.112,0.282,0.448,0.192,0.113,0.055,0.295,0.093,0.046,0.485,0.377
"Bombesin receptor subtype-3",0.111,0.352,0.206,0.06,0.209,0.007,0.048,0.231,0.194,0.211,0.497
"LXR-beta",0.322,0.176,0.309,0.048,0.093,0.044,0.504,0.45,0.289,0.516,0.027
"Neurotensin receptor 1",0.385,0.536,0.205,0.127,0.573,0.393,0.374,0.115,0.515,0.422,0.405
"Tyrosine-protein kinase TIE-2",0.278,0.109,0.242,0.193,0.02,0.217,0.28,0.481,0.008,0.453,0.065
"Fibroblast growth factor receptor 2",0.437,0.208,0.526,0.389,0.093,0.268,0.383,0.287,0.369,0.252,0.204
"Histone deacetylase 9",0.271,0.052,0.101,0.008,0.36,0,0.208,0.305,0.102,0.33,0.027
"Fatty acid synthase",0.025,0.306,0.222,0.092,0.338,0.471,0.239,0.099,0.172,0.253,0.297
"c-Jun N-terminal kinase 2",0.04,0.268,0.313,0.294,0.271,0.083,0.106,0.139,0.236,0.047,0.047
"Sodium channel protein type II alpha subunit",0.143,0.37,0.081,0.227,0.315,0.215,0.284,0.01,0.309,0.28,0.352
"Monoglyceride lipase",0.45,0.269,0.165,0.336,0.24,0.007,0.098,0.08,0.172,0.097,0.213
"Inhibitor of apoptosis protein 3",0.088,0.117,0.256,0.365,0.351,0.407,0.119,0.391,0.062,0.175,0.014
"Serine/threonine-protein kinase 2",0.01,0.333,0.215,0.056,0.052,0.378,0.339,0.01,0.187,0.414,0.471
"Dual specificity protein kinase CLK4",0.348,0.34,0.313,0.041,0.298,0.044,0.085,0.112,0.394,0.461,0.461
"MAP kinase signal-integrating kinase 2",0.149,0.102,0.238,0.286,0.32,0.391,0.507,0.04,0.13,0.522,0.139
"Proteasome component C5",0.109,0.378,0.241,0.125,0.153,0.027,0.316,0.477,0.219,0.516,0.179
"Tyrosine-protein kinase FRK",0.004,0.027,0.31,0.177,0.439,0.026,0.379,0.024,0.001,0.061,0.038
"Dual specificty protein kinase CLK1",0.28,0.112,0.225,0.303,0.338,0.483,0.31,0.312,0.2,0.342,0.272
"Dual specificity protein kinase CLK2",0.25,0.03,0.345,0.471,0.221,0.103,0.259,0.031,0.01,0.146,0.424
"Lipoxin A4 receptor",0.3,0.041,0.253,0.113,0.5,0.07,0.433,0.012,0.116,0.176,0.047
"Estradiol 17-beta-dehydrogenase 3",0.442,0.458,0.127,0.042,0.365,0.445,0.467,0.161,0.083,0.235,0.188
"11-beta-hydroxysteroid dehydrogenase 1",0.061,0.464,0.352,0.319,0.347,0.113,0.139,0.518,0.41,0.489,0.124
"Ribosomal protein S6 kinase alpha 5",0.151,0.255,0.206,0.002,0.011,0.257,0.491,0.001,0.096,0.491,0.007
"ALK tyrosine kinase receptor",0.11,0.097,0.365,0.204,0.348,0.413,0.349,0.369,0.248,0.499,0.396
"Hypoxia-inducible factor 1 alpha",0.122,0.199,0.105,0.004,0.396,0.023,0.151,0.065,0.096,0.156,0.302
"TGF-beta receptor type II",0.009,0.259,0.288,0.468,0.048,0.015,0.253,0.123,0.325,0.219,0.317
"Serine/threonine-protein kinase AKT",0.388,0.134,0.342,0.419,0.502,0.096,0.184,0.147,0.438,0.246,0.484
"Sodium channel protein type IX alpha subunit",0.354,0.227,0.191,0.384,0.244,0.09,0.318,0.183,0.054,0.281,0.473
"P-glycoprotein 1",0.463,0.032,0.046,0.04,0.139,0.093,0.088,0.367,0.355,0.063,0.359
"Heat shock protein HSP 90-beta",0.391,0.112,0.392,0.03,0.509,0.041,0.21,0.056,0.384,0.2,0.289
"Calcium-activated potassium channel subunit alpha-1",0.147,0.393,0.311,0.475,0.176,0.427,0.072,0.269,0.196,0.362,0.275
"Intermediate conductance calcium-activated potassium channel protein 4",0.487,0.149,0.209,0.433,0.48,0.357,0.311,0.214,0.386,0.484,0.436
"Voltage-gated potassium channel subunit Kv1.5",0.029,0.152,0.291,0.279,0.416,0.042,0.099,0.202,0.126,0.302,0.065
"Bradykinin B1 receptor",0.025,0.069,0.51,0.058,0.09,0.334,0.054,0.063,0.253,0.4,0.182
"Purinergic receptor P2Y1",0.282,0.07,0.312,0.158,0.025,0.433,0.254,0.33,0.14,0.219,0.107
"Sphingosine 1-phosphate receptor Edg-1",0.097,0.2,0.221,0.365,0.133,0.339,0.218,0.132,0.168,0.383,0.091
"Purine nucleoside phosphorylase",0.172,0.471,0.396,0.238,0.283,0.306,0.386,0.012,0.01,0.326,0.295
"Serine/threonine-protein kinase GAK",0.352,0.275,0.045,0.171,0.222,0.323,0.373,0.107,0.412,0.35,0.115
"Induced myeloid leukemia cell differentiation protein Mcl-1",0.445,0.377,0.352,0.245,0.464,0.424,0.078,0.344,0.323,0.35,0.254
"Dual-specificity tyrosine-phosphorylation regulated kinase 2",0.26,0.251,0.103,0.038,0.412,0,0.44,0.122,0.195,0.411,0.206
"Gastric inhibitory polypeptide receptor",0.093,0.312,0.198,0.058,0.28,0.113,0.453,0.052,0.054,0.409,0.313
"Matrix metalloproteinase 12",0.273,0.058,0.254,0.033,0.515,0.134,0.128,0.114,0.322,0.258,0.213
"Sphingosine kinase 1",0.247,0.019,0.022,0.013,0.219,0.05,0.263,0.163,0.494,0.044,0.13
"Phosphodiesterase 8B",0.436,0.1,0.217,0.217,0.38,0.027,0.034,0.134,0.327,0.123,0.047
"Phosphodiesterase 10A",0.131,0.172,0.384,0.334,0.469,0.22,0.373,0.181,0.392,0.475,0.025
"Free fatty acid receptor 1",0.464,0.163,0.332,0.111,0.387,0.128,0.108,0.427,0.073,0.244,0.045
"Prostanoid DP receptor",0.213,0.059,0.061,0.212,0.059,0.003,0.327,0.143,0.201,0.372,0.078
"Neurokinin 3 receptor",0.234,0.41,0.366,0.021,0.485,0.017,0.373,0.008,0.009,0.294,0.234
"TGF-beta receptor type I",0.15,0.513,0.455,0.317,0.368,0.148,0.233,0.368,0.333,0.205,0.266
"C-X-C chemokine receptor type 3",0.454,0.028,0.469,0.509,0.461,0.01,0.411,0.287,0.485,0.385,0.167
"Vitamin K-dependent protein C",0.304,0.36,0.112,0.353,0.277,0.506,0.189,0.183,0.061,0.125,0.374
"Tyrosine-protein kinase FGR",0.003,0.098,0.144,0.274,0.145,0.319,0.273,0.02,0.154,0.433,0.196
"NAD-dependent deacetylase sirtuin 3",0.099,0.284,0.346,0.498,0.049,0.365,0.337,0.158,0.314,0.392,0.257
"NAD-dependent deacetylase sirtuin 2",0.039,0.274,0.154,0.389,0.115,0.314,0.409,0.302,0.059,0.368,0.051
"Acyl coenzyme A:cholesterol acyltransferase 2",0.146,0.167,0.393,0.008,0.241,0.046,0.124,0.014,0.265,0.174,0.128
"Voltage-gated N-type calcium channel alpha-1B subunit",0.4,0.314,0.53,0.028,0.144,0.048,0.053,0.246,0.384,0.321,0.079
"Nitric oxide synthase, inducible",0.175,0.12,0.118,0.077,0.213,0.43,0.062,0.48,0.102,0.259,0.018
"Serine/threonine-protein kinase PAK 4",0.24,0.265,0.503,0.114,0.227,0.26,0.437,0.453,0.453,0.219,0.434
"Ribosomal protein S6 kinase 1",0.435,0.148,0.092,0.227,0.14,0.116,0.223,0.263,0.202,0.184,0.051
"NAD-dependent deacetylase sirtuin 1",0.011,0.201,0.373,0.313,0.395,0.021,0.263,0.148,0.349,0.49,0.463
"Glutaminyl-peptide cyclotransferase",0.127,0.123,0.162,0.107,0.043,0.264,0.511,0.109,0.098,0.194,0.003
"Serine/threonine-protein kinase PIM2",0.373,0.505,0.474,0.243,0.434,0.321,0.147,0.473,0.395,0.277,0.189
"TRAF2- and NCK-interacting kinase",0.098,0.194,0.186,0,0.021,0,0.074,0.001,0.132,0.485,0.23
"Coagulation factor XIII",0.176,0.381,0.028,0.499,0.379,0.209,0.033,0.34,0.041,0.174,0.396
"5-lipoxygenase activating protein",0.005,0.367,0.413,0.002,0.018,0.078,0.113,0.016,0.085,0.369,0.046
"Neuropeptide Y receptor type 5",0.465,0.046,0.077,0.196,0.03,0.063,0.54,0.108,0.166,0.086,0.002
"Kinesin-like protein 1",0.026,0.191,0.375,0.381,0.067,0.24,0.081,0.129,0.179,0.368,0.091
"Matrix metalloproteinase 8",0.334,0.457,0.427,0.494,0.129,0.088,0.421,0.082,0.139,0.382,0.408
"C-C chemokine receptor type 8",0.321,0.138,0.407,0.199,0.097,0.226,0.14,0,0.204,0.128,0.051
"Tyrosine kinase non-receptor protein 2",0.204,0.163,0.023,0.121,0.059,0.131,0.147,0.39,0.377,0.245,0.148
"Serine/threonine-protein kinase PAK 1",0.105,0.454,0.127,0.515,0.28,0.251,0.024,0.167,0.423,0.073,0.328
"Tyrosine-protein kinase BRK",0.22,0.241,0.356,0.072,0.094,0.42,0.454,0.062,0.505,0.197,0.244
"Melanocortin receptor 5",0.411,0.102,0.069,0.016,0.252,0.053,0.383,0.258,0.137,0.445,0.097
"Ghrelin receptor",0.449,0.393,0.233,0.404,0.291,0.377,0.452,0.107,0.354,0.27,0.382
"Phenylethanolamine N-methyltransferase",0.273,0.375,0.206,0.08,0.159,0.085,0.511,0.256,0.18,0.499,0.133
"Leukotriene A4 hydrolase",0.392,0.136,0.522,0.321,0.495,0.416,0.222,0.231,0.173,0.185,0.201
"Apoptosis regulator Bcl-X",0.069,0.117,0.338,0.167,0.343,0.304,0.079,0.353,0.241,0.382,0.181
"Serine/threonine-protein kinase Chk1",0.011,0.46,0.191,0.48,0.217,0.004,0.282,0.203,0.515,0.435,0.121
"Voltage-gated potassium channel subunit Kv1.3",0.19,0.105,0.028,0.04,0.404,0.009,0.405,0.266,0.324,0.118,0.398
"Voltage-gated T-type calcium channel alpha-1G subunit",0.015,0.447,0.092,0.368,0.349,0.469,0.345,0.235,0.202,0.479,0.278
"Melanocortin receptor 3",0.242,0.274,0.473,0.505,0.104,0.109,0.204,0.413,0.483,0.255,0.522
"Dipeptidyl peptidase VIII",0.138,0.066,0.058,0.116,0.286,0.149,0.251,0.313,0.467,0.488,0.071
"Lymphocyte differentiation antigen CD38",0.406,0.372,0.478,0.028,0.302,0,0.37,0.301,0.19,0.185,0.416
"Proteasome Macropain subunit MB1",0.202,0.197,0.134,0.251,0.119,0.29,0.321,0.348,0.353,0.355,0.037
"Apoptosis regulator Bcl-W",0.222,0.443,0.191,0.23,0.514,0.158,0.287,0.41,0.278,0.444,0.084
"Aldo-keto-reductase family 1 member C3",0.023,0.284,0.134,0.214,0.382,0.34,0.17,0.012,0.041,0.503,0.21
"Fibroblast activation protein alpha",0.099,0.103,0.007,0.349,0.099,0.139,0.246,0.041,0.315,0.152,0.21
"Indoleamine 2,3-dioxygenase",0.016,0.419,0.415,0.38,0.359,0.166,0.319,0.077,0.276,0.333,0.009
"Malonyl-CoA decarboxylase",0.25,0.052,0.045,0.359,0.243,0.025,0.308,0.396,0.281,0.337,0.013
"Isoprenylcysteine carboxyl methyltransferase",0.406,0.058,0.304,0.187,0.498,0.189,0.363,0.234,0.1,0.418,0.25
"Serine/threonine-protein kinase Aurora-A",0.13,0.46,0.473,0.385,0.314,0.445,0.189,0.294,0.296,0.267,0.487
"C3a anaphylatoxin chemotactic receptor",0.031,0.139,0.378,0.13,0.123,0,0.206,0.46,0.086,0.392,0.023
"Vesicular acetylcholine transporter",0.097,0.182,0.131,0.318,0.392,0.293,0.278,0.465,0.123,0.248,0.165
"Geranylgeranyl pyrophosphate synthetase",0.342,0.286,0.137,0.192,0.211,0.292,0.412,0.099,0.105,0.05,0.163
"Neuropeptide Y receptor type 1",0.004,0.18,0.374,0.335,0.445,0.187,0.353,0.053,0.256,0.364,0.194
"Carbonic anhydrase VA",0.351,0.004,0.211,0.093,0.198,0.098,0.253,0.001,0.131,0.383,0.015
"Endothelin-converting enzyme 1",0.207,0.338,0.169,0.031,0.06,0.244,0.391,0.002,0.491,0.207,0.284
"Orexin receptor 2",0.032,0.324,0.014,0.524,0.421,0.032,0.48,0.275,0.309,0.516,0.131
"Dipeptidyl peptidase IX",0.206,0.189,0.117,0.079,0.007,0.09,0.482,0.006,0.113,0.227,0.063
"Vanilloid receptor",0.055,0.127,0.205,0.003,0.113,0.082,0.448,0.01,0.122,0.234,0.018
"Caspase-1",0.308,0.286,0.344,0.034,0.515,0.019,0.368,0.025,0.051,0.303,0.137
"Nitric-oxide synthase, endothelial",0.499,0.393,0.523,0.013,0.089,0.113,0.171,0.036,0.173,0.276,0.22
"Dual specificity phosphatase Cdc25B",0.033,0.283,0.105,0.007,0.165,0.086,0.064,0.003,0.211,0.468,0.469
"P2X purinoceptor 7",0.048,0.185,0.082,0.043,0.27,0.42,0.295,0.072,0.283,0.141,0.182
"Serine/threonine-protein kinase AKT3",0.17,0.504,0.077,0.54,0.407,0.019,0.35,0.145,0.506,0.436,0.329
"Beta-secretase 1",0.009,0.16,0.073,0.335,0.231,0.036,0.175,0.347,0.286,0.315,0.441
"Acetyl-CoA carboxylase 2",0.344,0.076,0.4,0.528,0.24,0.263,0.429,0.022,0.31,0.488,0.189
"L-lactate dehydrogenase A chain",0.006,0.119,0.22,0.069,0.017,0.297,0.153,0.01,0.286,0.171,0.033
"C-X3-C chemokine receptor 1",0.121,0.091,0.054,0.214,0.261,0.295,0.161,0.006,0.527,0.056,0.226
"Eukaryotic translation initation factor",0.057,0.227,0.053,0.027,0.088,0.286,0.319,0.009,0.349,0.371,0.094
"Apoptosis regulator Bcl-2",0.112,0.27,0.14,0.439,0.471,0.038,0.058,0.041,0.023,0.139,0.385
"Cytochrome P450 1B1",0.188,0.394,0.172,0.105,0.024,0.191,0.16,0.201,0.372,0.406,0.255
"Tyrosine-protein kinase receptor UFO",0.21,0.176,0.003,0.084,0.131,0.376,0.479,0.104,0.323,0.327,0.109
"Neurotrophic tyrosine kinase receptor type 2",0.138,0.426,0.061,0.258,0.189,0.452,0.362,0.012,0.018,0.499,0.266
"Mitogen-activated protein kinase kinase kinase 8",0.005,0.213,0.179,0.037,0.201,0.001,0.474,0.148,0.04,0.24,0.054
"Low molecular weight phosphotyrosine protein phosphatase",0.216,0.314,0.484,0.18,0.11,0.202,0.279,0.212,0.293,0.373,0.333
"Casein kinase I epsilon",0.402,0.108,0.246,0.204,0.377,0.003,0.357,0.301,0.387,0.236,0.131
"L-lactate dehydrogenase B chain",0.225,0.468,0.407,0.485,0.39,0.167,0.186,0.462,0.516,0.353,0.078
"S-methyl-5-thioadenosine phosphorylase",0.18,0.395,0.005,0.083,0.279,0.455,0.436,0.486,0.238,0.282,0.158
"Proto-oncogene c-JUN",0.297,0.351,0.073,0.371,0.141,0.229,0.388,0.024,0.298,0.274,0.105
"Sodium/glucose cotransporter 1",0.257,0.391,0.285,0.006,0.176,0.014,0.034,0.004,0.029,0.362,0.33
"Transketolase",0.533,0.344,0.15,0.054,0.201,0.056,0.397,0.026,0.089,0.297,0.367
"Serine/threonine-protein kinase RIPK2",0.106,0.342,0.487,0.212,0.147,0.28,0.381,0.361,0.337,0.351,0.414
"p53-binding protein Mdm-2",0.512,0.346,0.259,0.486,0.119,0.205,0.396,0.093,0.212,0.391,0.436
"Serine-protein kinase ATR",0.208,0.173,0.397,0.337,0.074,0.088,0.245,0.03,0.101,0.145,0.056
"ADAM10",0.108,0.251,0.305,0.113,0.419,0.031,0.016,0.006,0.185,0.411,0.212
"Endoplasmic reticulum aminopeptidase 2",0.286,0.355,0.302,0.095,0.439,0.232,0.233,0.181,0.543,0.535,0.306
"G protein-coupled receptor 44",0.423,0.371,0.305,0.27,0.456,0.326,0.412,0.259,0.299,0.328,0.421
"Endothelial lipase",0.353,0.051,0.322,0.049,0.126,0.009,0.176,0.139,0.459,0.323,0.023
"Histone deacetylase 10",0.358,0.412,0.28,0.42,0.295,0.479,0.127,0.147,0.439,0.248,0.454
"GABA receptor alpha-5 subunit",0.314,0.144,0.235,0.033,0.106,0.002,0.196,0.037,0.038,0.26,0.506
"Orexin receptor 1",0.108,0.341,0.001,0.335,0.04,0.006,0.443,0.067,0.321,0.171,0.024
"Discoidin domain-containing receptor 2",0.02,0.459,0.387,0.492,0.321,0.362,0.252,0.174,0.386,0.262,0.219
"Metabotropic glutamate receptor 2",0.028,0.389,0.025,0.128,0.485,0.147,0.341,0.075,0.289,0.163,0.386
"Cytochrome P450 26A1",0.232,0.402,0.135,0.068,0.093,0.008,0.177,0.127,0.164,0.219,0.322
"Serine/threonine-protein kinase B-raf",0.353,0.127,0.071,0.122,0.312,0.432,0.376,0.167,0.486,0.26,0.231
"Ephrin type-B receptor 4",0.388,0.38,0.367,0.017,0.195,0.068,0.145,0,0.019,0.3,0.248
"Neuropilin-1",0.446,0.27,0.039,0.237,0.318,0.21,0.033,0.036,0.015,0.396,0.133
"dUTP pyrophosphatase",0.472,0.244,0.17,0.047,0.038,0.129,0.072,0.188,0.147,0.415,0.031
"Serine/threonine-protein kinase ILK-1",0.276,0.013,0.56,0.006,0.363,0,0.188,0.135,0.054,0.042,0.096
"Tyrosine-protein kinase BTK",0.322,0.053,0.4,0.469,0.122,0.056,0.113,0.254,0.511,0.242,0.413
"Serine/threonine-protein kinase TNNI3K",0.252,0.384,0.339,0.035,0.44,0.482,0.445,0.371,0.33,0.442,0.37
"Cytochrome P450 2A6",0.064,0.053,0.388,0,0.039,0.019,0.321,0,0.023,0.463,0.036
"Mitogen-activated protein kinase kinase kinase 5",0.39,0.206,0.101,0.093,0.163,0.277,0.502,0.035,0.173,0.422,0.27
"Tyrosine-protein kinase receptor TYRO3",0.236,0.213,0.347,0.257,0.389,0.092,0.399,0.454,0.21,0.292,0.175
"Epithelial discoidin domain-containing receptor 1",0.311,0.211,0.159,0.086,0.402,0.199,0.37,0.007,0.19,0.231,0.088
"Proto-oncogene tyrosine-protein kinase MER",0.449,0.427,0.236,0.279,0.505,0.057,0.073,0.26,0.446,0.395,0.335
"Baculoviral IAP repeat-containing protein 3",0.083,0.042,0.112,0.015,0.096,0.03,0.123,0.066,0.419,0.155,0.05
"Poly [ADP-ribose] polymerase 2",0.119,0.404,0.365,0.383,0.085,0.299,0.225,0.067,0.122,0.405,0.105
"P-selectin",0.223,0.418,0.091,0.467,0.134,0.146,0.185,0.153,0.394,0.221,0.258
"ATP-binding cassette sub-family G member 2",0.313,0.067,0.135,0.142,0.124,0.153,0.43,0.053,0.183,0.241,0.047
"Pituitary adenylate cyclase-activating polypeptide type I receptor",0.357,0.444,0.441,0.222,0.35,0.193,0.392,0.208,0.481,0.118,0.355
"Serine/threonine-protein kinase PIM3",0.267,0.22,0.444,0.17,0.198,0.296,0.042,0.182,0.11,0.511,0.056
"G-protein coupled bile acid receptor 1",0.099,0.323,0.129,0.036,0.089,0.063,0.091,0.504,0.131,0.206,0.115
"Metastin receptor",0.246,0.362,0.142,0.065,0.555,0.16,0.515,0.433,0.077,0.194,0.407
"Cell division cycle 7-related protein kinase",0.191,0.073,0.294,0.353,0.483,0.436,0.302,0.186,0.444,0.329,0.028
"Sodium channel protein type X alpha subunit",0.265,0.186,0.235,0.031,0.324,0.002,0.348,0.272,0.405,0.205,0.199
"Baculoviral IAP repeat-containing protein 2",0.023,0.262,0.008,0.1,0.28,0.403,0.446,0.01,0.172,0.365,0.213
"Receptor-interacting serine/threonine-protein kinase 1",0.419,0.252,0.213,0.073,0.049,0.231,0.357,0.274,0.142,0.283,0.039
"Protein tyrosine kinase 2 beta",0.44,0.418,0.108,0.488,0.018,0.176,0.458,0.006,0.41,0.251,0.063
"Perforin-1",0.088,0.042,0.131,0.496,0.035,0.313,0.157,0.095,0.149,0.129,0.032
"D-amino-acid oxidase",0.14,0.138,0.381,0.045,0.392,0.029,0.131,0.032,0.363,0.325,0.245
"Serine/threonine-protein kinase WEE1",0.002,0.089,0.001,0.055,0.452,0.142,0.259,0.259,0.316,0.419,0.291
"Histone acetyltransferase PCAF",0.069,0.292,0.134,0.27,0.041,0.144,0.062,0.445,0.442,0.283,0.119
"Secreted frizzled-related protein 1",0.438,0.252,0.026,0.39,0.245,0.053,0.195,0.001,0.146,0.333,0.235
"Transient receptor potential cation channel subfamily V member 3",0.154,0.384,0.198,0.188,0.047,0.31,0.4,0.092,0.168,0.387,0.315
"Protein-arginine N-methyltransferase 1",0.112,0.394,0.067,0.174,0.111,0.107,0.055,0.048,0.433,0.102,0.23
"Nuclear factor NF-kappa-B p65 subunit",0.21,0.217,0.364,0.114,0.031,0.263,0.431,0.349,0.289,0.079,0.305
"Dual specificity tyrosine-phosphorylation-regulated kinase 1B",0.126,0.043,0.207,0.324,0.162,0.244,0.215,0.172,0.083,0.147,0.493
"Acyl-CoA desaturase",0.03,0.15,0.098,0.072,0.016,0.339,0.344,0.033,0.348,0.33,0.182
"Proto-oncogene tyrosine-protein kinase ROS",0.541,0.035,0.393,0.04,0.222,0.031,0.164,0.268,0.036,0.204,0.103
"Lysyl-tRNA synthetase",0.003,0.045,0.189,0.42,0.003,0.058,0.414,0.006,0.217,0.259,0.02
"DNA-(apurinic or apyrimidinic site) lyase",0.247,0.474,0.144,0.519,0.407,0.037,0.214,0.037,0.012,0.381,0.065
"Glucose-dependent insulinotropic receptor",0.31,0.14,0.011,0.139,0.363,0.478,0.049,0.403,0.013,0.348,0.373
"Prostaglandin E synthase",0.015,0.316,0.026,0.41,0.29,0.151,0.444,0.205,0.12,0.36,0.264
"G protein-coupled receptor kinase 5",0.528,0.169,0.104,0.1,0.35,0.392,0.137,0.19,0.407,0.322,0.242
"Egl nine homolog 1",0.009,0.369,0.257,0.201,0.159,0.23,0.176,0.082,0.385,0.222,0.252
"Elongation of very long chain fatty acids protein 6",0.349,0.154,0.213,0.445,0.371,0.07,0.15,0.021,0.207,0.209,0.043
"Glucagon",0.126,0.468,0.278,0.08,0.435,0.472,0.093,0.084,0.349,0.13,0.256
"CREB-binding protein",0.159,0.474,0.275,0.323,0.53,0.018,0.511,0.141,0.104,0.4,0.438
"Mitogen-activated protein kinase kinase kinase 7",0.064,0.087,0.443,0.043,0.383,0.086,0.372,0.2,0.001,0.346,0.19
"Interferon-induced, double-stranded RNA-activated protein kinase",0.278,0.134,0.394,0.102,0.184,0.251,0.467,0.061,0.134,0.152,0.457
"Aldo-keto reductase family 1 member C2",0.313,0.426,0.49,0.371,0.432,0.36,0.276,0.147,0.478,0.131,0.292
"Trace amine-associated receptor 1",0.431,0.198,0.108,0.394,0.058,0.121,0.193,0.107,0.503,0.138,0.051
"Nuclear receptor ROR-alpha",0.159,0.212,0.435,0.113,0.066,0.339,0.328,0.013,0.177,0.112,0.222
"Heat shock factor protein 1",0.076,0.306,0.408,0.428,0.325,0.413,0.341,0.091,0.483,0.327,0.493
"Hematopoietic prostaglandin D synthase",0.051,0.192,0.374,0.169,0.336,0.466,0.027,0.136,0.191,0.103,0.251
"Aldo-keto reductase family 1 member C1",0.077,0.06,0.227,0.446,0.052,0.537,0.019,0.082,0.349,0.078,0.159
"Bifunctional protein NCOAT",0.473,0.077,0.251,0.059,0.11,0.09,0.386,0.308,0.327,0.199,0.081
"LIM domain kinase 2",0.189,0.368,0.199,0.063,0.504,0.181,0.067,0.375,0.328,0.448,0.287
"Serine/threonine-protein kinase PLK2",0.002,0.19,0.228,0.009,0.409,0.019,0.081,0.001,0.007,0.244,0.163
"Neuropeptide FF receptor 1",0.027,0.185,0.09,0.061,0.452,0.364,0.107,0.023,0.185,0.482,0.331
"Neuropeptide FF receptor 2",0.034,0.334,0.071,0.031,0.19,0.492,0.101,0,0.279,0.337,0.46
"IgG receptor FcRn large subunit p51",0.29,0.42,0.108,0.084,0.332,0.065,0.315,0.025,0.37,0.386,0.285
"Smoothened homolog",0.033,0.417,0.471,0.29,0.325,0.004,0.18,0.057,0.422,0.195,0.423
"Aldo-keto reductase family 1 member B10",0,0.328,0.484,0.379,0.212,0.032,0.035,0.371,0.214,0.222,0.202
"Serine/threonine-protein kinase 33",0.188,0.292,0.503,0.222,0.263,0.134,0.176,0.027,0.038,0.098,0.124
"Transient receptor potential cation channel subfamily A member 1",0.377,0.22,0.331,0.289,0.414,0.276,0.091,0.016,0.024,0.033,0.194
"Diacylglycerol O-acyltransferase 1",0.01,0.035,0.265,0.037,0.024,0.005,0.069,0.001,0.074,0.442,0.027
"Histone-lysine N-methyltransferase, H3 lysine-9 specific 3",0.048,0.481,0.016,0.283,0.115,0.289,0.421,0.32,0.092,0.213,0.032
"Lysine-specific histone demethylase 1",0.002,0.225,0.358,0.329,0.039,0.002,0.312,0.304,0.507,0.144,0.231
"Alpha-synuclein",0.205,0.488,0.012,0.475,0.249,0.207,0.414,0.317,0.087,0.451,0.307
"Tankyrase-2",0.283,0.475,0.423,0.157,0.278,0.06,0.034,0.121,0.223,0.046,0.454
"Tankyrase-1",0.085,0.069,0.076,0.319,0.463,0.404,0.268,0.117,0.155,0.211,0.062
"Mitogen-activated protein kinase kinase kinase kinase 4",0.274,0.211,0.248,0.104,0.289,0.435,0.338,0.102,0.244,0.415,0.145
"Lysine-specific demethylase 4C",0.272,0.057,0.391,0.044,0.405,0.272,0.297,0.284,0.252,0.352,0.219
