"","EGFR","Hypoxia","JAK.STAT","MAPK","NFkB","PI3K","TGFb","TNFa","Trail","VEGF","p53"
"Arginase-1",1,1,1,1,1,1,1,1,1,1,1
"Leucine-rich repeat serine/threonine-protein kinase 2",1,1,1,1,1,1,1,1,1,1,1
"Tyrosyl-DNA phosphodiesterase 1",1,1,1,1,1,1,1,1,1,1,1
"Transitional endoplasmic reticulum ATPase",1,1,0.27682208994709,0.27682208994709,1,1,1,0.0996559523809524,1,1,0.888598908730159
"Glucokinase regulatory protein",0.664373015873016,1,1,1,1,0.664373015873016,1,0.664373015873016,0.664373015873016,1,1
"Pyruvate kinase isozymes M1/M2",0.0332186507936508,0.863684920634921,1,0.083046626984127,0.249139880952381,0.537034854497355,0.537034854497355,0.110728835978836,1,1,1
"Transient receptor potential cation channel subfamily M member 8",1,1,1,1,1,1,1,1,1,1,1
"G-protein coupled receptor 55",1,1,0.863684920634921,1,1,1,1,1,1,1,1
"Endoplasmin",0.110728835978836,0.996559523809524,0.126230873015873,0.110728835978836,0.126230873015873,0.110728835978836,0.616917800453515,0.726657986111111,0.359868716931217,0.930122222222222,1
"Serine/threonine-protein kinase/endoribonuclease IRE1",0.282358531746032,1,1,1,0.930122222222222,0.83046626984127,0.132874603174603,0.586862830687831,0.586862830687831,0.586862830687831,0.586862830687831
"NADPH oxidase 4",1,1,1,1,1,1,1,1,1,1,1
"Ketohexokinase",1,1,0.609008597883598,0.609008597883598,1,1,1,0.838770932539683,0.609008597883598,1,1
"Lethal(3)malignant brain tumor-like protein 1",1,1,1,1,1,1,1,1,1,1,1
"Microtubule-associated protein tau",0.385336349206349,0.92106259018759,0.365405158730159,0.385336349206349,0.92106259018759,0.888598908730159,0.888598908730159,0,0.365405158730159,0.92106259018759,0.888598908730159
"15-hydroxyprostaglandin dehydrogenase [NAD+]",0.279036666666667,0.510736755952381,0.279036666666667,0.42709693877551,0.941195105820106,1,0.42709693877551,0.279036666666667,1,0.279036666666667,0.279036666666667
"G-protein coupled receptor 35",0.0996559523809524,0.930122222222222,0.518210952380952,0.232530555555556,1,1,1,0.0996559523809524,0.518210952380952,1,1
"ATP-sensitive inward rectifier potassium channel 1",0.564717063492064,1,1,0.775101851851852,1,1,0.564717063492064,0.813856944444445,0.963340873015873,0.968877314814815,1
"Neuropeptides B/W receptor type 1",0.483515917107584,0.483515917107584,0.782148232323232,0.476133994708995,0.483515917107584,0.483515917107584,0.483515917107584,0.0332186507936508,0.476133994708995,0.782148232323232,0.483515917107584
"Nuclear receptor ROR-gamma",0.98548664021164,1,1,0.98548664021164,0.575789947089947,1,1,1,0.575789947089947,0.98548664021164,0.575789947089947
"DNA topoisomerase I",0.70866455026455,0.70866455026455,0.70866455026455,0.70866455026455,1,0.70866455026455,0.855380257936508,0.70866455026455,1,1,0.855380257936508
"Farnesyl diphosphate synthase",0.15502037037037,1,1,0.298967857142857,0.451773650793651,0.132874603174603,1,1,1,1,0.15502037037037
"Glucagon-like peptide 1 receptor",1,1,0.841539153439153,1,1,0.841539153439153,1,1,1,1,0.841539153439153
"Endothelin receptor ET-B",1,1,1,1,1,1,1,1,1,1,1
"Steroid 5-alpha-reductase 1",0.539803075396825,1,0.265749206349206,0.539803075396825,0.943409682539682,1,0.539803075396825,1,1,1,1
"Vasopressin V2 receptor",1,1,1,1,1,1,1,1,1,1,1
"Somatostatin receptor 5",0.406928472222222,0.406928472222222,1,1,1,0.39862380952381,1,0.724166587301587,1,1,0.39862380952381
"Histone-lysine N-methyltransferase, H3 lysine-79 specific",1,0.166093253968254,1,0.166093253968254,1,0.166093253968254,1,1,1,1,0.39862380952381
"Bromodomain-containing protein 3",1,1,1,1,1,1,1,0.83046626984127,1,1,1
"Cysteinyl leukotriene receptor 1",0.841539153439153,1,0.869221362433862,1,0.564717063492064,1,1,0.564717063492064,0.85039746031746,0.915885657596372,0.85039746031746
"Plasminogen",1,1,1,0.710879126984127,1,0.0166093253968254,0.710879126984127,0,0.365405158730159,0.85893939909297,0.85893939909297
"Leukocyte adhesion glycoprotein LFA-1 alpha",0.498279761904762,0.597935714285714,1,1,1,1,1,1,1,1,1
"Somatostatin receptor 2",1,1,0.880294246031746,1,1,1,1,1,0.885830687830688,1,0.880294246031746
"Muscarinic acetylcholine receptor M4",1,1,1,1,1,1,1,1,1,1,1
"Inosine-5'-monophosphate dehydrogenase 1",0.182702579365079,0.479297675736961,1,0.479297675736961,0.657729285714286,0.182702579365079,0.479297675736961,0.649609171075838,0.479297675736961,0.479297675736961,0.510736755952381
"Receptor protein-tyrosine kinase erbB-2",1,1,1,1,1,1,1,1,1,1,1
"TNF-alpha",0.61454503968254,0.81717880952381,1,0.61454503968254,0.61454503968254,1,1,1,1,1,0.61454503968254
"Phosphodiesterase 5A",1,1,0.996559523809524,1,1,1,1,1,1,1,1
"Serotonin 2b (5-HT2b) receptor",1,1,1,1,1,1,1,1,1,1,1
"Thromboxane-A synthase",0.365405158730159,1,0.365405158730159,1,1,0.564717063492064,1,0.775101851851852,1,0.365405158730159,0.406928472222222
"Prostanoid EP4 receptor",1,0.575789947089947,1,0.398623809523809,1,0.398623809523809,1,0.575789947089947,1,0.575789947089947,0.398623809523809
"Dopamine D5 receptor",1,1,1,1,1,1,1,1,0.764028968253968,1,1
"Somatostatin receptor 4",0.868430442176871,0.868430442176871,0.868430442176871,0.979950198412698,1,0.868430442176871,0.868430442176871,0.868430442176871,1,1,0.597935714285714
"Gonadotropin-releasing hormone receptor",0.764028968253968,1,0.890259841269841,0.764028968253968,1,1,1,0.764028968253968,1,0.890259841269841,1
"4-hydroxyphenylpyruvate dioxygenase",1,1,1,1,1,1,1,1,1,1,1
"Tyrosine-protein kinase ABL",1,1,1,1,1,1,1,1,1,1,1
"Vascular endothelial growth factor receptor 1",1,1,1,1,1,0.764028968253968,1,1,1,1,1
"Tissue-type plasminogen activator",1,1,1,0.581326388888889,1,0.581326388888889,0.983272063492064,0.983272063492064,0.983272063492064,1,1
"Calcium sensing receptor",1,1,1,0.0885830687830688,1,0.0332186507936508,1,0.107960615079365,0.0885830687830688,1,1
"Neuronal acetylcholine receptor protein alpha-4 subunit",0.365405158730159,1,1,0.930122222222222,1,0.365405158730159,1,0.930122222222222,1,1,1
"Potassium channel, inwardly rectifying, subfamily J, member 11",0.420769576719577,0.84375373015873,1,0.925376700680272,0.84375373015873,0.420769576719577,1,0.420769576719577,0.925376700680272,1,1
"Vasopressin V1a receptor",1,1,1,1,1,1,1,1,1,1,1
"Glutamate carboxypeptidase II",1,1,1,1,1,1,1,1,1,1,1
"Serotonin 1b (5-HT1b) receptor",0.365405158730159,1,1,0.365405158730159,1,0.365405158730159,0.697591666666667,0.509352645502645,0.365405158730159,1,0.509352645502645
"Serotonin 3a (5-HT3a) receptor",1,1,1,1,1,1,1,1,1,1,1
"Aldose reductase",0.991814002267574,0.83046626984127,0.890259841269841,1,0.974413756613757,0.83046626984127,1,0.890259841269841,1,1,0.83046626984127
"Glutamate [NMDA] receptor subunit epsilon 2",1,0.627463403880071,1,0.332186507936508,0.332186507936508,0.332186507936508,0.627463403880071,0.627463403880071,0.548107738095238,0.332186507936508,0.0332186507936508
"Serine/threonine-protein kinase RAF",0.0498279761904762,1,1,0.559971541950113,0.221457671957672,0.0498279761904762,0.39862380952381,0.531498412698413,0.863684920634921,0.531498412698413,0.867375881834215
"Aminopeptidase N",1,0.177166137566138,1,0.177166137566138,1,0,0.975797867063492,0.489975099206349,0.631154365079365,0.707082709750567,0.498279761904762
"Cytochrome P450 11B1",0.813856944444445,0.948241486291486,0.813856944444445,0.813856944444445,0.948241486291486,0.948241486291486,0.813856944444445,0.813856944444445,0.813856944444445,0.813856944444445,0.813856944444445
"Butyrylcholinesterase",1,1,1,1,0.415233134920635,0,1,0.489975099206349,0.43184246031746,1,1
"Alpha-2c adrenergic receptor",1,0.0166093253968254,1,0.282358531746032,1,0.282358531746032,1,0.0166093253968254,1,1,0.558073333333333
"Melatonin receptor 1A",0.514889087301587,0.863684920634921,0.514889087301587,0.863684920634921,1,0.365405158730159,0.863684920634921,0.863684920634921,0.514889087301587,1,0.863684920634921
"Melatonin receptor 1B",1,1,1,1,1,1,1,1,1,1,1
"Thyroid hormone receptor beta-1",0.0996559523809524,0.826775308641975,0.826775308641975,0.391980079365079,0.343259391534392,0.826775308641975,1,0.166093253968254,0.826775308641975,1,0.391980079365079
"Cyclophilin A",0.485822767857143,0.43184246031746,0.485822767857143,0.485822767857143,0.697591666666667,0.243603439153439,1,0.243603439153439,0.697591666666667,0.485822767857143,0.232530555555556
"Thymidylate synthase",1,1,0.810535079365079,0.810535079365079,0.810535079365079,1,0.874757804232804,1,0.810535079365079,1,0.810535079365079
"Vascular endothelial growth factor receptor 3",0.265749206349206,1,1,1,1,0.265749206349206,1,1,1,1,1
"Insulin-like growth factor I receptor",1,1,1,1,1,1,1,0.61454503968254,0.365405158730159,1,1
"Epoxide hydrolase 1",1,1,1,1,1,1,1,1,1,1,1
"Tyrosine-protein kinase receptor FLT3",0.514889087301587,1,1,0.514889087301587,0.365405158730159,1,0.514889087301587,0.514889087301587,1,0.365405158730159,1
"Vitamin D receptor",0.896903571428571,1,1,1,1,1,1,0.896903571428571,1,1,1
"Cytochrome P450 19A1",1,1,1,0.177166137566138,0.61454503968254,0,1,0.0332186507936508,0.61454503968254,1,0.61454503968254
"Insulin receptor",1,1,1,0.979950198412698,0.465061111111111,0.979950198412698,1,0.979950198412698,0.979950198412698,1,0.548107738095238
"Serotonin 1d (5-HT1d) receptor",1,0.873175963718821,1,0.564717063492063,0.564717063492063,0.95503621031746,0.564717063492063,0.564717063492063,1,0.564717063492063,0.564717063492063
"Inhibitor of nuclear factor kappa B kinase beta subunit",0.9331420995671,0.524116490299824,0.47751810515873,0.271285648148148,0.317949943310658,0,0.271285648148148,0,0.271285648148148,0.9331420995671,0.271285648148148
"Prostanoid IP receptor",1,0.110728835978836,0.343259391534392,0.083046626984127,0.483515917107584,0.182702579365079,0.704235396825397,0.338830238095238,0.435994791666667,0.435994791666667,0.0332186507936508
"Equilibrative nucleoside transporter 1",0.938426884920635,0.465061111111111,1,0.465061111111111,1,0.858148478835979,0.858148478835979,0.858148478835979,0.915885657596372,1,0.858148478835979
"Purinergic receptor P2Y12",1,1,1,1,1,1,1,1,1,1,1
"Retinoic acid receptor gamma",1,1,1,1,1,1,1,1,1,1,1
"Platelet-derived growth factor receptor alpha",0.15502037037037,0.0581326388888889,0.597935714285714,0.0498279761904762,0.597935714285714,0.0498279761904762,0.70866455026455,0.0581326388888889,1,1,0.0597935714285714
"Retinoic acid receptor beta",0.520425529100529,0.520425529100529,1,0.520425529100529,0.735555839002268,1,0.637798095238095,0.735555839002268,1,1,0.589631051587302
"Nociceptin receptor",1,0.653300132275132,1,1,1,1,1,0.199311904761905,0.39862380952381,1,1
"Dihydrofolate reductase",1,1,1,1,1,0.979950198412698,0.979950198412698,1,1,1,1
"Epidermal growth factor receptor erbB1",0.578004523809524,0.943409682539682,0.578004523809524,0.943409682539682,0.984480014430015,0.578004523809524,0.813856944444444,0.578004523809524,0.943409682539682,0.578004523809524,0.943409682539682
"Muscarinic acetylcholine receptor M5",0.944358786848073,1,0.944358786848073,0.944358786848073,1,0.944358786848073,0.944358786848073,0.944358786848073,0.944358786848073,1,1
"Peptidyl-prolyl cis-trans isomerase FKBP5",1,1,1,1,1,1,1,1,1,1,1
"Retinoic acid receptor alpha",0.511567222222222,0.511567222222222,0.517261848072562,1,0.511567222222222,0.517261848072562,1,1,0.511567222222222,1,0.132874603174603
"Estrogen receptor alpha",0.539803075396825,0.714200992063492,0.912002958152958,0.826775308641975,0.539803075396825,0.759283446712018,0.597935714285714,0.805552281746032,0.539803075396825,0.847075595238095,0.539803075396825
"Beta-2 adrenergic receptor",0.609008597883598,1,1,1,1,0.609008597883598,1,1,1,1,0.609008597883598
"Cyclin T1",1,1,1,1,1,1,1,1,1,1,1
"Muscarinic acetylcholine receptor M2",1,1,1,1,1,1,1,1,1,1,1
"Beta-1 adrenergic receptor",1,1,1,1,1,1,1,1,1,1,1
"Dopamine D2 receptor",0.852612037037037,1,0.852612037037037,0.941195105820106,0.852612037037037,0.481670436507937,0.481670436507937,0.941195105820106,0.852612037037037,0.941195105820106,1
"Beta-glucocerebrosidase",1,1,1,1,1,1,1,1,1,1,1
"Motilin receptor",0.274053869047619,0.398623809523809,0.274053869047619,0.274053869047619,1,0.913512896825397,1,0.274053869047619,0.913512896825397,1,0.398623809523809
"MAP kinase-activated protein kinase 2",0.315577182539683,0.82572074829932,0.254676322751323,0.896903571428571,0.404160251322751,0.254676322751323,0.993237658730159,0.404160251322751,0.254676322751323,1,0.993237658730159
"Cyclooxygenase-1",1,1,0.199311904761905,1,1,1,1,1,1,1,0.813856944444445
"Norepinephrine transporter",0.15502037037037,0.15502037037037,0.885830687830688,0.783011054421769,0.714200992063492,0.714200992063492,0.838770932539683,0.714200992063492,1,1,0.15502037037037
"Anandamide amidohydrolase",1,1,1,1,1,1,1,1,1,1,1
"Serotonin 2c (5-HT2c) receptor",1,1,1,1,1,1,1,1,1,1,1
"Dipeptidyl peptidase I",1,1,1,1,1,1,1,1,1,1,1
"Serotonin transporter",0.0498279761904762,1,1,0.0498279761904762,0.39862380952381,0.703128108465608,0.934867743764172,0.0498279761904762,0.0498279761904762,1,1
"Peroxisome proliferator-activated receptor alpha",1,1,1,0.323881845238095,1,0.149483928571429,1,0.149483928571429,1,1,0.265749206349206
"HERG",1,1,1,1,1,1,1,1,1,1,1
"Epoxide hydratase",1,1,1,1,1,1,1,1,1,1,1
"Phosphodiesterase 3A",1,0.27682208994709,1,0.956697142857143,0.166093253968254,0.27682208994709,1,0.73911498015873,1,1,1
"C-C chemokine receptor type 1",0.531498412698413,1,1,1,1,1,1,1,1,1,1
"C-C chemokine receptor type 4",1,1,1,0.752956084656085,1,0.680982341269841,0.805552281746032,0.39862380952381,1,1,1
"Estrogen receptor beta",0.948241486291486,0.83046626984127,0.445129920634921,0.182702579365079,0.83046626984127,0.182702579365079,0.265749206349206,0.39862380952381,0.948241486291486,0.83046626984127,0.780638293650794
"Glyoxalase I",1,0.370941600529101,0.930122222222222,0.370941600529101,0.370941600529101,0.370941600529101,1,0.370941600529101,0.930122222222222,1,0.370941600529101
"Myosin light chain kinase, smooth muscle",1,1,1,1,1,1,1,0.697591666666667,1,1,1
"Serine/threonine-protein kinase AKT2",1,1,1,1,1,1,1,1,1,1,1
"Interleukin-8 receptor B",0.0996559523809524,1,1,1,1,1,1,1,1,1,1
"Myeloperoxidase",1,1,1,1,1,1,1,1,1,1,1
"Coagulation factor X",0.0664373015873016,1,0.358761428571429,0.543955406746032,0.359868716931217,0.797247619047619,0.358761428571429,1,0.358761428571429,0.543955406746032,0.249139880952381
"Deoxycytidine kinase",1,0.578004523809524,1,1,0.764028968253968,0.578004523809524,1,0.578004523809524,0.578004523809524,0.578004523809524,1
"Muscarinic acetylcholine receptor M3",1,1,1,1,1,1,1,1,1,1,1
"Beta-3 adrenergic receptor",1,1,1,1,1,1,1,1,1,1,1
"Death-associated protein kinase 3",0.83711,1,1,0.83711,1,0.83711,0.83711,0.83711,1,1,1
"Methionine aminopeptidase 1",1,1,1,0.780638293650794,1,0.298967857142857,0.923478492063492,0.764028968253968,1,1,0.780638293650794
"Leukocyte elastase",0.797247619047619,0.448451785714286,0.232530555555556,0.797247619047619,1,0.581326388888889,1,0.855380257936508,0.855380257936508,1,0.581326388888889
"Beta amyloid A4 protein",0.87106684303351,0.806738662131519,0.806738662131519,0.806738662131519,0.87106684303351,0.806738662131519,0.806738662131519,0.806738662131519,1,1,0.806738662131519
"Neurokinin 1 receptor",1,1,1,0.132874603174603,1,1,1,1,1,1,1
"Neuronal acetylcholine receptor protein alpha-7 subunit",1,1,1,1,1,1,1,1,1,1,1
"Adenosine A2a receptor",1,1,1,1,1,1,1,0.847075595238095,0.498279761904762,1,1
"Endothelin receptor ET-A",1,1,1,1,1,1,1,1,1,1,1
"Beta secretase 2",0.539803075396825,0.448451785714286,0.639459027777778,0.81717880952381,0.81717880952381,0.199311904761905,0.639459027777778,0.498279761904762,1,0.639459027777778,0.639459027777778
"Serine/threonine-protein kinase Chk2",1,0.996559523809524,1,1,0.996559523809524,0.996559523809524,0.996559523809524,1,1,0.996559523809524,1
"Cannabinoid CB2 receptor",0.963340873015873,1,1,0.83046626984127,1,1,1,0.963340873015873,1,1,1
"3-phosphoinositide dependent protein kinase-1",1,1,1,1,1,1,1,1,1,1,1
"Phospholipase D1",1,1,1,1,1,1,1,1,1,1,1
"Phosphodiesterase 4A",1,1,1,1,1,1,1,1,1,1,1
"Adenosine A2b receptor",0.199311904761905,1,1,1,1,1,1,1,1,1,1
"Carboxypeptidase B",0.83046626984127,1,1,1,1,1,1,1,1,1,1
"Adenosine A3 receptor",1,1,1,1,1,1,1,1,1,1,1
"Histone deacetylase 5",1,1,1,1,1,1,1,1,1,1,1
"Liver glycogen phosphorylase",0.232530555555556,0.40526753968254,0.853719325396825,0.581326388888889,0.40526753968254,1,0.853719325396825,0.232530555555556,0.40526753968254,0.853719325396825,0.853719325396825
"Tyrosine-protein kinase LCK",0.989915793650794,0.989915793650794,0.989915793650794,1,1,0.989915793650794,1,1,1,1,0.989915793650794
"Cathepsin D",0.797247619047619,0.578004523809524,1,1,1,0.578004523809524,1,0.365405158730159,0.76956541005291,0.365405158730159,0.365405158730159
"Melanocortin receptor 4",0.780638293650794,0.556412400793651,1,0.780638293650794,0.780638293650794,0.780638293650794,1,0.354332275132275,0.0996559523809524,1,0.149483928571429
"Peptide N-myristoyltransferase 1",1,1,1,1,0.465061111111111,0.332186507936508,1,1,0.332186507936508,1,0.639459027777778
"Tyrosine-protein kinase SYK",1,1,1,1,1,1,1,1,1,1,0.730810317460317
"MAP kinase p38 alpha",1,0.852612037037037,1,0.852612037037037,1,1,1,0.852612037037037,1,1,1
"Carbonic anhydrase I",0.936765952380952,0.635899886621315,0.635899886621315,0.635899886621315,0.635899886621315,0.635899886621315,0.635899886621315,0.936765952380952,0.635899886621315,1,0.936765952380952
"Furin",0.498279761904762,1,1,0.730810317460317,1,1,1,0.498279761904762,0.498279761904762,1,1
"Tryptase beta-1",0.930122222222222,0.802784060846561,0.802784060846561,0.802784060846561,0.802784060846561,1,1,1,1,0.802784060846561,0.802784060846561
"Glycogen synthase kinase-3 beta",1,1,1,1,1,1,1,1,1,1,1
"Dual specificity protein phosphatase 3",1,1,1,1,1,1,1,1,1,1,1
"c-Jun N-terminal kinase 3",1,1,0.722505654761905,1,1,1,0.722505654761905,1,0.722505654761905,0.722505654761905,0.783960158730159
"Histamine H3 receptor",0.730810317460317,1,1,1,1,0.896903571428571,0.764028968253968,0.730810317460317,1,1,1
"Phosphodiesterase 2A",0.910191031746032,0.819393386243386,0.481670436507937,1,1,0.910191031746032,1,1,1,1,0.481670436507937
"Adenosylhomocysteinase",1,1,1,1,1,1,1,1,1,1,1
"Tyrosine-protein kinase SRC",1,1,1,1,1,1,1,1,1,1,1
"Cathepsin K",0.764028968253968,1,1,1,1,1,1,1,0.780638293650794,1,1
"Macrophage-stimulating protein receptor",1,1,1,1,1,1,1,1,1,1,1
"Cystinyl aminopeptidase",1,1,1,1,1,1,1,1,1,1,1
"Focal adhesion kinase 1",0.907976455026455,0.764028968253968,0.0996559523809524,1,0.907976455026455,0.0996559523809524,0.710879126984127,0.907976455026455,0.705896329365079,1,0.0996559523809524
"Mitogen-activated protein kinase kinase kinase 11",1,1,1,1,1,1,1,1,1,1,1
"Histone deacetylase 7",1,1,1,1,1,1,1,1,1,1,1
"Phosphodiesterase 11A",1,1,1,1,1,1,1,1,1,1,1
"Cytochrome P450 11B2",1,1,1,1,1,1,1,1,1,1,1
"Protein-glutamine gamma-glutamyltransferase",1,0.597935714285714,1,0.597935714285714,0.597935714285714,0.597935714285714,1,1,0,1,0.597935714285714
"Phospholipase D2",0.635899886621315,0.635899886621315,0.826313938492064,0.205955634920635,1,0.0332186507936508,0.963340873015873,0.0664373015873016,0.0664373015873016,1,0.116265277777778
"Metabotropic glutamate receptor 4",0.823084347442681,0.684304206349206,0.684304206349206,0.684304206349206,0.684304206349206,0.823084347442681,1,0.823084347442681,0.684304206349206,1,0.823084347442681
"C-C chemokine receptor type 5",1,1,1,1,1,1,1,1,1,1,1
"Fibroblast growth factor receptor 3",0.332186507936508,1,1,1,1,1,1,1,1,1,1
"Phosphodiesterase 4B",0.166093253968254,0.564717063492064,0.764028968253968,1,1,0.863684920634921,0.564717063492064,0.764028968253968,0.166093253968254,1,0.27682208994709
"Ileal bile acid transporter",0.882667006802721,0.882667006802721,1,0.882667006802721,0.882667006802721,0.882667006802721,1,0.882667006802721,0.882667006802721,1,1
"Integrin alpha-4",1,1,1,0.232530555555556,1,1,1,0.232530555555556,0.697591666666667,1,1
"Sodium/hydrogen exchanger 1",0.730810317460317,1,1,1,1,0.989915793650794,1,0.631154365079365,0.730810317460317,1,0.989915793650794
"Acyl coenzyme A:cholesterol acyltransferase 1",0.83046626984127,1,0.83046626984127,0.83046626984127,0.83046626984127,0.83046626984127,0.83046626984127,0.83046626984127,0.83046626984127,1,0.83046626984127
"Estradiol 17-beta-dehydrogenase 2",0.265749206349206,1,1,0.83046626984127,0.586862830687831,1,1,0.586862830687831,1,1,1
"Vascular endothelial growth factor receptor 2",1,1,0.916834761904762,1,0.916834761904762,0.916834761904762,0.916834761904762,1,0.916834761904762,1,1
"Matrix metalloproteinase 13",0.570253505291005,0.570253505291005,0.570253505291005,0.793095287698413,0.570253505291005,1,0.697591666666667,0.570253505291005,0.570253505291005,1,1
"Tyrosine-protein kinase ZAP-70",0.265749206349206,1,1,1,1,0.265749206349206,1,0.365405158730159,1,1,1
"LXR-alpha",1,1,1,1,1,1,1,1,1,1,1
"Protein-glutamine gamma-glutamyltransferase K",1,1,1,1,1,1,1,1,1,1,1
"Nerve growth factor receptor Trk-A",0.913512896825397,1,0.913512896825397,1,0.913512896825397,0.913512896825397,1,1,1,0.913512896825397,0.913512896825397
"Coagulation factor XI",1,1,1,1,1,1,1,1,1,1,1
"Casein kinase I delta",0.83046626984127,1,0.0498279761904762,0.992407192460317,0.498279761904762,0.182702579365079,0.0498279761904762,0.345473968253968,1,1,0.143947486772487
"Matrix metalloproteinase 3",1,1,1,0.509352645502645,1,0.43184246031746,1,0.43184246031746,1,1,1
"Tyrosine-protein kinase JAK1",0.656068353174603,1,0.656068353174603,1,0.758492526455027,0.656068353174603,1,0.656068353174603,1,1,0.758492526455027
"Dipeptidyl peptidase IV",1,1,1,0.61454503968254,1,1,1,0.61454503968254,1,1,1
"Serine/threonine-protein kinase mTOR",0.177166137566138,0.476133994708995,1,0.0996559523809524,1,0.476133994708995,1,0.149483928571429,0.476133994708995,1,1
"Glycogen synthase kinase-3 alpha",0.415233134920635,1,0.456756448412698,0.578004523809524,1,0.984102529761905,1,0.415233134920635,0.456756448412698,0.636690806878307,0.806738662131519
"Renin",1,1,1,0.764028968253968,1,0.764028968253968,1,1,0.764028968253968,1,1
"Sigma opioid receptor",1,1,1,1,1,1,1,1,1,1,1
"Mitogen-activated protein kinase kinase kinase 9",0.0996559523809524,0.265749206349206,0.450297266313933,0.0664373015873016,0.561395198412698,0.742889826839827,0.398623809523809,0.358761428571429,0.42235141723356,0.444299454365079,0.177166137566138
"Phosphodiesterase 4D",0.0996559523809524,0.489975099206349,1,0.110728835978836,0.548107738095238,0.938426884920635,1,0.110728835978836,0.83995731292517,1,0.548107738095238
"Carbonic anhydrase III",0,1,1,0.498279761904762,0.199311904761905,0.956697142857143,1,1,1,0.956697142857143,1
"Hematopoietic cell protein-tyrosine phosphatase 70Z-PEP",0.282358531746032,1,1,1,1,0.265749206349206,1,1,1,1,1
"Phosphodiesterase 3B",0.182702579365079,0.842923263888889,1,0.0332186507936508,0.257444543650794,0.338830238095238,0.70866455026455,0.243603439153439,1,1,0.842923263888889
"Arachidonate 15-lipoxygenase",1,0.996559523809524,1,1,1,0.943409682539682,0.943409682539682,1,0.943409682539682,0.943409682539682,0.943409682539682
"Phosphodiesterase 4C",1,1,1,1,1,1,1,1,1,1,0.996559523809524
"Telomerase reverse transcriptase",0.896903571428571,1,1,1,1,0.913512896825397,1,1,1,1,1
"Protein kinase C gamma",1,1,0.531498412698413,1,1,0.847075595238095,1,1,1,1,1
"Cathepsin S",0.82572074829932,0.82572074829932,0.82572074829932,0.82572074829932,0.855380257936508,0.82572074829932,0.973306468253968,0.82572074829932,1,0.863684920634921,0.82572074829932
"Sphingosine 1-phosphate receptor Edg-5",0.680982341269841,1,1,0.680982341269841,1,1,1,0.996559523809524,1,1,1
"Tyrosine-protein kinase ITK/TSK",0.188239021164021,1,0.188239021164021,1,1,0.484992301587302,1,0.0664373015873016,0.191007242063492,1,1
"Dual specificity mitogen-activated protein kinase kinase 2",0.43184246031746,0.43184246031746,0.43184246031746,0.132874603174603,0.885830687830688,0.083046626984127,1,0.0332186507936508,0.43184246031746,1,0.232530555555556
"Tyrosine-protein kinase JAK2",1,1,0.967493204365079,0.564717063492064,0.298967857142857,0.721319274376417,0.721319274376417,0.573021726190476,0.721319274376417,1,0.573021726190476
"Rho-associated protein kinase 2",0.855380257936508,0.855380257936508,0.855380257936508,0.132874603174603,0.948577028218695,0.855380257936508,1,0.348795833333333,0.855380257936508,1,0.855380257936508
"Cholecystokinin B receptor",1,1,1,1,0.697591666666667,1,1,1,1,1,1
"Protein kinase C alpha",1,1,1,1,1,1,1,1,1,1,1
"Protein kinase C delta",1,1,1,1,1,1,1,1,1,1,1
"P2X purinoceptor 3",1,0.930122222222222,1,1,0.39862380952381,1,0.611223174603175,0.509352645502645,0.509352645502645,1,0.611223174603175
"Multidrug resistance-associated protein 1",0.957804431216931,1,1,0.957804431216931,1,0.957804431216931,0.957804431216931,0.957804431216931,1,0.957804431216931,1
"Receptor protein-tyrosine kinase erbB-4",0,1,1,1,1,1,1,1,1,1,1
"Cyclin-dependent kinase 2",0.265749206349206,0.448451785714286,0.448451785714286,0.132874603174603,1,0.166093253968254,0.448451785714286,0.132874603174603,0.448451785714286,0.448451785714286,0.448451785714286
"Phosphodiesterase 7A",1,0.930122222222222,0.930122222222222,0.930122222222222,0.930122222222222,1,1,1,0.930122222222222,1,1
"Matriptase",0.0996559523809524,0.514889087301587,0.626408843537415,0.917665228174603,0.132874603174603,0.43184246031746,1,0.626408843537415,1,0.626408843537415,1
"Sphingosine kinase 2",1,1,1,1,1,1,1,1,1,1,1
"Serine/threonine-protein kinase PLK1",0.680982341269841,1,1,1,0.680982341269841,1,1,1,1,1,1
"Carbonic anhydrase VI",1,1,0.690947936507937,0.083046626984127,0.869221362433862,0.531498412698413,0.690947936507937,0.0664373015873016,1,1,1
"Protein kinase C beta",1,1,0.852612037037037,1,1,0.852612037037037,1,1,0.852612037037037,1,1
"Cyclin-dependent kinase 7",1,0.979950198412698,0.979950198412698,0.979950198412698,0.979950198412698,0.979950198412698,1,0.979950198412698,1,1,1
"Glycine transporter 2",0.85039746031746,0.85039746031746,0.9331420995671,0.9331420995671,0.9331420995671,0.85039746031746,0.9331420995671,0.85039746031746,0.85039746031746,0.9331420995671,0.9331420995671
"Cyclin-dependent kinase 1",1,1,1,1,1,1,1,1,1,1,1
"Excitatory amino acid transporter 1",0.788942956349206,0.788942956349206,1,0.788942956349206,0.548107738095238,0.788942956349206,0.664373015873016,0.548107738095238,1,1,0.664373015873016
"Plasma retinol-binding protein",0.6754458994709,0.61454503968254,1,1,1,0.39862380952381,1,1,1,1,1
"Poly [ADP-ribose] polymerase-1",1,0.747419642857143,1,0.747419642857143,0.92458578042328,0.910191031746032,1,1,0.747419642857143,1,0.531498412698413
"Thymidine phosphorylase",0.945221608946609,0.945221608946609,0.653300132275132,0.653300132275132,0.945221608946609,0.653300132275132,0.653300132275132,0.945221608946609,0.945221608946609,0.653300132275132,0.653300132275132
"Cyclin-dependent kinase 9",1,0.575789947089947,0.977577437641723,0.783960158730159,1,0.0996559523809524,0.575789947089947,0.836002711640212,0.783960158730159,1,1
"PI3-kinase p110-delta subunit",1,1,1,1,1,1,1,1,1,1,1
"DNA-dependent protein kinase",1,1,1,1,1,1,1,1,1,1,1
"PI3-kinase p110-beta subunit",1,1,1,0.83046626984127,1,1,1,1,1,1,0.83046626984127
"Serotonin 7 (5-HT7) receptor",1,1,1,1,1,1,1,1,1,1,1
"Bradykinin B2 receptor",1,1,0.315577182539683,1,1,1,1,1,0.265749206349206,1,1
"Protein-tyrosine phosphatase 1C",0.901055902777778,0.901055902777778,0.901055902777778,0.901055902777778,1,0.901055902777778,0.901055902777778,1,0.901055902777778,1,0.901055902777778
"Carboxylesterase 2",0.647763690476191,1,0.952267989417989,0.952267989417989,0.952267989417989,1,1,1,0.952267989417989,1,0.647763690476191
"Estradiol 17-beta-dehydrogenase 1",0.465061111111111,1,0.498279761904762,0.520425529100529,1,1,0.705896329365079,1,1,1,1
"Histone deacetylase 8",0.465061111111111,0.91166741622575,1,0.290663194444444,0.290663194444444,0.465061111111111,0.792502097505669,0.290663194444444,0.809704613095238,1,0.290663194444444
"Prolyl endopeptidase",1,1,1,1,1,1,1,1,1,1,1
"Matrix metalloproteinase 9",0.232530555555556,0.906869166666667,0.259105476190476,0.259105476190476,0.259105476190476,0.942201731601732,0.616390520282187,0.259105476190476,0.616390520282187,0.476133994708995,0.588444671201814
"CD22",1,1,0.757385238095238,0.984102529761905,0.387550925925926,0.949104308390023,0.949104308390023,0.387550925925926,0.481670436507937,1,0.387550925925926
"Metabotropic glutamate receptor 5",1,1,1,1,1,1,1,1,1,1,1
"Sphingosine 1-phosphate receptor Edg-6",1,1,1,1,0.166093253968254,0.132874603174603,1,1,1,1,1
"Rho-associated protein kinase 1",1,1,1,1,1,1,1,1,1,1,1
"Tyrosine-protein kinase HCK",0.768181299603175,0.930122222222222,0.768181299603175,0.768181299603175,0.889521649029982,0.768181299603175,0.768181299603175,0.768181299603175,0.768181299603175,0.768181299603175,1
"Carbonic anhydrase XII",1,1,1,1,1,1,1,1,1,1,1
"Histone deacetylase 1",1,1,1,1,1,1,1,1,1,1,1
"Lysophosphatidic acid receptor Edg-7",0.934867743764172,0.934867743764172,1,0.934867743764172,0.934867743764172,0.934867743764172,1,1,0.934867743764172,0.934867743764172,1
"PI3-kinase p110-gamma subunit",1,0.343259391534392,0.818009275793651,0.741883201058201,0.818009275793651,0.343259391534392,0.741883201058201,0.343259391534392,1,1,0.741883201058201
"PI4-kinase beta subunit",0.465061111111111,1,1,1,1,0.465061111111111,1,1,1,0.465061111111111,1
"Cathepsin L2",0.39862380952381,0.876972380952381,0.847075595238095,0.591291984126984,1,0.591291984126984,0.863684920634921,0.481670436507937,0.591291984126984,0.863684920634921,0.863684920634921
"Urokinase-type plasminogen activator",1,1,1,0.232530555555556,1,0.232530555555556,1,0.520425529100529,1,1,1
"Testis-specific androgen-binding protein",1,0.685134672619048,1,0.685134672619048,0.597935714285714,0.597935714285714,1,0.597935714285714,0.685134672619048,0.597935714285714,0.597935714285714
"Caspase-6",1,1,1,0.871989583333333,1,0.871989583333333,1,0.871989583333333,1,0.871989583333333,1
"Cyclin-dependent kinase 4",0.983272063492064,1,0.642227248677249,1,1,0.642227248677249,0.983272063492064,0.642227248677249,1,1,1
"Histone deacetylase 11",1,1,1,1,1,1,1,1,1,1,1
"Sodium-dependent proline transporter",0.232530555555556,0.990519769119769,0.85893939909297,0.697591666666667,0.232530555555556,0.0664373015873016,0.990519769119769,0.372048888888889,0.990519769119769,0.990519769119769,0.332186507936508
"Matrix metalloproteinase-1",1,1,1,1,1,1,1,1,1,1,1
"Matrix metalloproteinase-2",0.0930122222222222,0.450824546485261,0.643611359126984,0,1,0.0442915343915344,0.437378902116402,0.0166093253968254,0.083046626984127,1,1
"Protein-tyrosine phosphatase 1B",0.724166587301587,1,1,0.149483928571429,1,0.0664373015873016,1,0.321113624338624,1,1,0.597935714285714
"Acetyl-CoA carboxylase 1",1,1,1,1,1,1,1,1,1,1,1
"Serotonin 6 (5-HT6) receptor",1,1,1,0.39862380952381,1,0.938426884920635,1,0.531498412698413,0.938426884920635,1,1
"MAP kinase ERK1",1,1,1,1,1,1,1,1,1,1,1
"Cytochrome P450 2C9",0.55364417989418,1,0.132874603174603,1,1,1,1,0.55364417989418,1,1,1
"Probable G-protein coupled receptor 88",1,1,1,1,1,1,1,1,1,1,1
"Cytochrome P450 3A4",0.265749206349206,1,0.543955406746032,0.543955406746032,0.543955406746032,1,0.543955406746032,0.0996559523809524,0.543955406746032,1,0.543955406746032
"Pregnane X receptor",0,0.867375881834215,0.465061111111111,0.465061111111111,0.470597552910053,0.531498412698413,0.470597552910053,0.470597552910053,1,0.755724305555556,1
"Carboxypeptidase B2 isoform A",1,1,1,0.232530555555556,1,0.182702579365079,0.260212764550265,0.132874603174603,0.260212764550265,0.260212764550265,1
"Serotonin 5a (5-HT5a) receptor",1,1,1,1,1,1,1,1,1,1,1
"Estrogen-related receptor alpha",0.0775101851851852,0.89136712962963,0.89136712962963,0.89136712962963,1,0,1,1,1,1,0.0775101851851852
"Amine oxidase, copper containing",1,0.285680396825397,1,0.0498279761904762,1,0.0332186507936508,1,0.0332186507936508,1,1,0.0332186507936508
"Protein kinase C zeta",0.332186507936508,1,0.609008597883598,0.609008597883598,1,1,1,0.609008597883598,0.609008597883598,0.609008597883598,0.616917800453515
"Melanin-concentrating hormone receptor 1",1,1,1,1,1,1,1,0.365405158730159,1,1,1
"Caspase-7",1,1,1,1,1,1,1,0.996559523809524,1,1,1
"C-C chemokine receptor type 3",0.92181755952381,0.92181755952381,1,0.92181755952381,0.982322959183673,1,1,0.92181755952381,0.982322959183673,1,0.982322959183673
"Phospholipase A2 group IIA",0.191007242063492,1,0.191007242063492,0.963340873015873,1,1,1,0.0498279761904762,0.0498279761904762,1,1
"Plasminogen activator inhibitor-1",0.959649911816579,0.243603439153439,0.0664373015873016,1,0.352117698412698,0.959649911816579,0.959649911816579,0.348795833333333,0.959649911816579,1,0.0664373015873016
"Inhibitor of nuclear factor kappa B kinase alpha subunit",0.883616111111111,0.883616111111111,1,0.883616111111111,0.883616111111111,0.952267989417989,1,1,1,1,0.883616111111111
"Proteasome Macropain subunit",0.770672698412698,1,0.770672698412698,0.791711177248677,1,0.889521649029982,0.834618601190476,0.770672698412698,0.834618601190476,0.770672698412698,0.770672698412698
"Carbonic anhydrase XIV",0.624510634920635,1,0.725273875661376,1,1,0.624510634920635,1,0.624510634920635,0.624510634920635,1,0.624510634920635
"LDL-associated phospholipase A2",0.975797867063492,1,0.975797867063492,0.975797867063492,0.975797867063492,0.975797867063492,1,0.975797867063492,0.975797867063492,0.975797867063492,1
"Cytochrome P450 17A1",1,1,1,1,1,1,1,1,1,1,1
"Histone deacetylase 4",1,0.542571296296296,1,0.265749206349206,1,0.542571296296296,1,0.704235396825397,1,0.704235396825397,1
"Inhibitor of nuclear factor kappa B kinase epsilon subunit",1,1,1,1,1,1,1,1,1,1,1
"Phosphodiesterase 9A",1,0.786174735449735,1,0.786174735449735,1,0.442915343915344,1,0.199311904761905,0.786174735449735,1,0.442915343915344
"Tyrosine-protein kinase TYK2",0.631154365079365,1,0.863684920634921,1,0.863684920634921,0.863684920634921,1,1,0.991814002267574,0.991814002267574,0.863684920634921
"Steryl-sulfatase",1,1,1,1,1,1,1,1,1,1,1
"Nitric-oxide synthase, brain",0.639459027777778,0.639459027777778,0.639459027777778,0.873650515873016,0.639459027777778,0.639459027777778,0.848921075837743,0.639459027777778,0.639459027777778,0.639459027777778,1
"Cholesteryl ester transfer protein",1,1,0.564717063492064,1,1,1,1,1,1,1,1
"Protein kinase C epsilon",1,1,0.83046626984127,1,0.83046626984127,1,1,0.83046626984127,1,1,1
"Dual specificity mitogen-activated protein kinase kinase 1",1,1,0.149483928571429,0.290663194444444,1,0.149483928571429,0.631154365079365,0.43184246031746,0.290663194444444,1,1
"Adenosine kinase",1,1,1,1,1,1,1,1,1,1,1
"Hormone sensitive lipase",0.149483928571429,1,0.188239021164021,1,1,1,1,0.149483928571429,0.548107738095238,1,0.969984603174603
"Carbonic anhydrase IX",1,1,1,1,0.631154365079365,1,1,0.631154365079365,1,0.680982341269841,0.631154365079365
"Protein kinase C eta",0.199311904761905,0.199311904761905,0.996559523809524,0,0.800569484126984,0.199311904761905,0.205955634920635,0.315577182539683,0.800569484126984,0.527346081349206,0.527346081349206
"Cytochrome P450 2C19",0.643611359126984,0.0581326388888889,0.442915343915344,0,1,0,0.578953628117914,0.0110728835978836,0.867375881834215,1,0.192668174603175
"Quinone reductase 1)",0.597935714285714,1,1,1,0.83046626984127,1,0.883616111111111,0.597935714285714,0.883616111111111,1,1
"Casein kinase II alpha",0.489975099206349,0.039862380952381,0.460315589569161,0.039862380952381,0.271285648148148,0.039862380952381,0.605317636684303,0.039862380952381,0.960320995670996,0.724166587301587,0.0332186507936508
"Opioid growth factor receptor-like protein 1",1,1,1,1,1,1,1,1,0.631154365079365,1,1
"Kininogen-1",1,0.92458578042328,1,1,0.92458578042328,0.92458578042328,0.92458578042328,1,0.43184246031746,1,0.92458578042328
"Acetyl-coenzyme A transporter 1",0.398623809523809,0.415233134920635,1,0.0664373015873016,0.659627494331066,0.659627494331066,1,0.0996559523809524,0.659627494331066,1,1
"Fibroblast growth factor receptor 1",0.298967857142857,0.856302998236332,0.856302998236332,0.969984603174603,1,0.298967857142857,0.856302998236332,0.856302998236332,0.856302998236332,0.856302998236332,0.856302998236332
"PI4-kinase alpha subunit",0.631154365079365,0.354332275132275,0.78516810966811,0.78516810966811,0.365405158730159,0.78516810966811,0.354332275132275,0.78516810966811,0.78516810966811,0.78516810966811,0.354332275132275
"Arachidonate 12-lipoxygenase",0.740301360544218,0.740301360544218,1,1,0.971645535714286,0.740301360544218,0.740301360544218,0.740301360544218,0.740301360544218,1,0.740301360544218
"Autotaxin",0.583699149659864,0.757989213564214,0.199311904761905,0.332186507936508,0.70866455026455,0.70866455026455,0.43184246031746,0.298967857142857,0.43184246031746,0.757989213564214,0.321113624338624
"ADAM17",0.901055902777778,0.573021726190476,1,0.199311904761905,1,0.199311904761905,0.901055902777778,0.254676322751323,0.901055902777778,1,0.901055902777778
"Prostanoid EP3 receptor",0.979950198412698,0.979950198412698,1,1,0.979950198412698,1,0.979950198412698,1,0.979950198412698,1,0.979950198412698
"Hepatocyte growth factor receptor",0.780638293650794,0.780638293650794,1,1,1,0.780638293650794,1,1,0.780638293650794,1,0.82382253968254
"Carbonic anhydrase IV",1,0.750741507936508,0.750741507936508,0.913512896825397,0.0332186507936508,1,1,0.750741507936508,0.982322959183673,1,0.166093253968254
"11-beta-hydroxysteroid dehydrogenase 2",1,1,0.996559523809524,1,0.996559523809524,1,1,1,1,1,1
"Histamine H4 receptor",0.905208234126984,1,0.298967857142857,1,1,0.905208234126984,0.905208234126984,0.656068353174603,0.298967857142857,0.905208234126984,0.656068353174603
"Beta-glucosidase",0.827446392496393,0.827446392496393,0.827446392496393,0.827446392496393,0.827446392496393,0.827446392496393,0.827446392496393,0.827446392496393,0.827446392496393,0.827446392496393,0.827446392496393
"Urotensin II receptor",1,1,1,1,1,1,1,1,1,1,1
"Metabotropic glutamate receptor 1",1,0.92181755952381,0.92181755952381,0.98548664021164,0.92181755952381,0.92181755952381,0.92181755952381,1,0.92181755952381,0.92181755952381,0.92181755952381
"Dual specificity phosphatase Cdc25A",1,1,1,1,1,1,1,0.996559523809524,0.996559523809524,1,1
"Caspase-8",0.968086394557823,1,0.531498412698413,1,0.968086394557823,1,0.968086394557823,0.968086394557823,1,0.968086394557823,0.968086394557823
"Interleukin-1 receptor-associated kinase 4",1,0.797247619047619,1,1,1,0.797247619047619,1,1,1,1,0.797247619047619
"Histone acetyltransferase p300",1,1,0.465061111111111,1,1,1,0.797247619047619,1,1,1,1
"Hydroxycarboxylic acid receptor 2",1,1,1,0.440147123015873,0.764028968253968,0.199311904761905,1,0.0664373015873016,0.398623809523809,1,1
"Serine/threonine-protein kinase PLK4",1,1,1,0.611223174603175,1,0.611223174603175,1,0.611223174603175,0.611223174603175,1,0.611223174603175
"Melanocortin receptor 1",1,1,1,1,1,1,1,1,1,1,1
"Calcitonin gene-related peptide type 1 receptor",1,1,0.438486190476191,0.149483928571429,0.974413756613757,0.438486190476191,0.542571296296296,0.0664373015873016,0.243603439153439,0.974413756613757,0.683355102040816
"T-cell protein-tyrosine phosphatase",0.981795679012346,0.981795679012346,0.55364417989418,1,0.885830687830688,0.981795679012346,0.885830687830688,0.55364417989418,0.55364417989418,1,0.647763690476191
"Cytosolic phospholipase A2",0.149483928571429,1,1,1,1,0.149483928571429,1,1,1,1,1
"Hexokinase type IV",0.973306468253968,0.973306468253968,1,0.973306468253968,0.973306468253968,0.973306468253968,0.973306468253968,0.973306468253968,0.973306468253968,0.973306468253968,0.973306468253968
"Serine/threonine-protein kinase NEK2",1,1,1,1,0.631154365079365,1,1,0.813856944444445,1,1,0.885830687830688
"LIM domain kinase 1",1,1,0.564717063492063,0.564717063492063,0.564717063492063,0.588444671201814,1,0.564717063492063,0.564717063492063,1,0.564717063492063
"Cathepsin L",1,1,0.996559523809524,1,1,1,1,1,1,1,0.996559523809524
"Protein kinase C mu",0.978104717813051,0.978104717813051,1,1,0.149483928571429,0.978104717813051,0.978104717813051,0.0996559523809524,0.978104717813051,0.978104717813051,0.376478042328042
"Protein-tyrosine phosphatase 2C",0.132874603174603,0.345473968253968,0.355914115646258,0.355914115646258,1,0.207616567460317,1,1,0.207616567460317,1,0.132874603174603
"Matrix metalloproteinase 14",0.365405158730159,1,1,1,1,1,1,1,1,1,1
"Heat shock protein HSP 90-alpha",1,1,1,1,1,1,1,1,1,1,1
"Sodium/glucose cotransporter 2",1,0.166093253968254,0.370150680272109,0,0.166093253968254,0.0332186507936508,0.531498412698413,1,0.204848346560847,0.664373015873016,0.166093253968254
"Calpain 1",0.055364417989418,1,1,0.0996559523809524,0.896903571428571,0.556412400793651,0.259105476190476,0,0.055364417989418,0.365405158730159,0.556412400793651
"Sphingosine 1-phosphate receptor Edg-3",1,0.988254861111111,1,0.642227248677249,1,0.298967857142857,1,1,1,1,0.415233134920635
"Bone morphogenetic protein 1",1,1,1,1,1,1,1,1,1,1,1
"Glutathione S-transferase Pi",1,1,1,1,1,1,1,1,1,1,1
"Tyrosine-protein kinase Lyn",1,1,1,1,1,1,1,1,1,1,1
"Ribosomal protein S6 kinase alpha 2",0.597935714285714,1,1,0.597935714285714,1,1,1,0.597935714285714,1,1,1
"Carbonic anhydrase XIII",1,1,1,1,1,1,1,1,1,1,1
"Complement C1s",0.564717063492064,0.680982341269841,0.680982341269841,0.564717063492064,1,1,0.680982341269841,0.680982341269841,0.680982341269841,0.680982341269841,1
"Protein kinase C theta",0.61454503968254,0.61454503968254,1,0.61454503968254,1,1,0.61454503968254,0.803891349206349,1,1,1
"Heparanase",0.981795679012346,0.981795679012346,0.981795679012346,0.981795679012346,1,0.981795679012346,0.981795679012346,0.981795679012346,0.981795679012346,1,0.981795679012346
"Methionine aminopeptidase 2",1,0.0996559523809524,1,1,1,1,1,1,1,1,1
"Serine/threonine-protein kinase Aurora-C",1,1,1,1,1,1,1,1,1,1,1
"Quinone reductase 2",0.365405158730159,1,1,1,1,1,1,1,1,1,1
"MAP kinase p38 beta",0.489975099206349,0.149483928571429,1,1,0.83046626984127,0.15502037037037,1,1,0.83046626984127,1,0.149483928571429
"Carbonic anhydrase VB",1,0.885830687830688,1,1,0.83046626984127,0.885830687830688,1,1,1,0.946731547619048,1
"GAR transformylase",1,0.887412528344671,0.887412528344671,1,0.887412528344671,0.887412528344671,1,0.365405158730159,0.892751240079365,0.887412528344671,0.887412528344671
"Proteinase-activated receptor 1",1,1,1,1,1,0.741883201058201,0.880294246031746,0.741883201058201,0.741883201058201,1,1
"Fructose-1,6-bisphosphatase",0.946731547619048,1,0.946731547619048,1,0.946731547619048,0.863684920634921,1,1,1,0.946731547619048,0.946731547619048
"Dipeptidyl peptidase II",1,1,1,1,1,1,1,0.797247619047619,1,1,1
"Peroxisome proliferator-activated receptor delta",1,1,1,1,1,1,1,1,1,1,1
"Serine/threonine-protein kinase 10",0.354332275132275,1,0.810535079365079,1,1,1,0.354332275132275,1,0.810535079365079,1,0.354332275132275
"Dual specificity protein kinase TTK",0.793556657848325,0.735555839002268,1,0.793556657848325,0.735555839002268,1,0.735555839002268,0.0332186507936508,0.735555839002268,0.735555839002268,0.735555839002268
"Coagulation factor VII",1,1,1,1,1,1,1,1,1,1,0.332186507936508
"PI3-kinase p110-alpha subunit",1,1,0.764028968253968,0.639459027777778,1,0.0664373015873016,1,0.132874603174603,0.639459027777778,1,1
"Tyrosine-protein kinase ABL2",0,0.724166587301587,0.784790625,0.724166587301587,0.956697142857143,0.819393386243386,0.724166587301587,0.724166587301587,0.784790625,0.784790625,1
"C-C chemokine receptor type 2",1,1,1,1,1,1,1,1,1,1,1
"Glutamate receptor ionotropic, AMPA 2",0.199311904761905,1,1,0.382014484126984,1,1,1,1,1,1,1
"Neuropeptide Y receptor type 2",0.920156626984127,0.920156626984127,0.757385238095238,0.520425529100529,0.920156626984127,0.757385238095238,0.520425529100529,0.166093253968254,0.920156626984127,0.975420382395382,0.920156626984127
"HMG-CoA reductase",0.315577182539683,1,1,0.453988227513228,1,0.0332186507936508,0.847075595238095,0.847075595238095,1,1,0.730810317460317
"Signal transducer and activator of transcription 3",1,1,1,1,1,1,1,1,1,1,1
"Interleukin-8 receptor A",1,1,1,1,1,1,1,1,1,1,1
"Cyclin-dependent kinase 5",0.957804431216931,1,1,0.315577182539683,0.315577182539683,0.597935714285714,1,0.343259391534392,1,1,0.957804431216931
"MAP kinase ERK2",0.30727251984127,1,0.888598908730159,0.116265277777778,1,0,0.714200992063492,0.30727251984127,1,0.888598908730159,0.445129920634921
"Cystic fibrosis transmembrane conductance regulator",0.975797867063492,0.975797867063492,0.975797867063492,1,0.975797867063492,0.975797867063492,0.975797867063492,0.975797867063492,1,1,0.975797867063492
"Chymase",0.298967857142857,0.863684920634921,1,1,0.409696693121693,0.885830687830688,0.847075595238095,1,1,1,0.298967857142857
"Casein kinase II alpha (prime)",1,0.714200992063492,1,0.166093253968254,1,0.0332186507936508,1,1,1,1,0.609008597883598
"Cathepsin B",1,1,1,1,1,1,1,1,1,1,1
"Matrix metalloproteinase 7",0.750741507936508,1,1,1,0.750741507936508,0.750741507936508,1,0.750741507936508,0.750741507936508,1,1
"Bombesin receptor subtype-3",0.852612037037037,1,0.852612037037037,0.664373015873016,0.852612037037037,0.232530555555556,0.664373015873016,0.852612037037037,0.852612037037037,0.852612037037037,1
"LXR-beta",1,1,1,0.531498412698413,0.772333630952381,0.531498412698413,1,1,1,1,0.531498412698413
"Neurotensin receptor 1",1,1,1,1,1,1,1,1,1,1,1
"Tyrosine-protein kinase TIE-2",1,0.905208234126984,1,1,0.332186507936508,1,1,1,0.265749206349206,1,0.719737433862434
"Fibroblast growth factor receptor 2",1,1,1,1,1,1,1,1,1,1,1
"Histone deacetylase 9",1,0.43184246031746,0.564717063492063,0.132874603174603,1,0,0.987068480725623,1,0.564717063492063,1,0.298967857142857
"Fatty acid synthase",0.83046626984127,1,1,1,1,1,1,1,1,1,1
"c-Jun N-terminal kinase 2",0.520425529100529,0.945221608946609,0.945221608946609,0.945221608946609,0.945221608946609,0.689287003968254,0.704235396825397,0.76956541005291,0.945221608946609,0.520425529100529,0.520425529100529
"Sodium channel protein type II alpha subunit",1,1,1,1,1,1,1,0.332186507936508,1,1,1
"Monoglyceride lipase",1,0.992868562610229,0.952267989417989,1,0.992868562610229,0.232530555555556,0.813856944444445,0.813856944444445,0.952267989417989,0.813856944444445,0.992868562610229
"Inhibitor of apoptosis protein 3",0.790603888888889,0.790603888888889,1,1,1,1,0.790603888888889,1,0.790603888888889,0.968877314814815,0.465061111111111
"Serine/threonine-protein kinase 2",0.166093253968254,1,1,0.465061111111111,0.465061111111111,1,1,0.166093253968254,1,1,1
"Dual specificity protein kinase CLK4",1,1,1,0.730810317460317,1,0.730810317460317,0.930122222222222,0.930122222222222,1,1,1
"MAP kinase signal-integrating kinase 2",0.989915793650794,0.989915793650794,1,1,1,1,1,0.989915793650794,0.989915793650794,1,0.989915793650794
"Proteasome component C5",1,1,1,1,1,0.896903571428571,1,1,1,1,1
"Tyrosine-protein kinase FRK",0.0664373015873016,0.179380714285714,1,0.734962648809524,1,0.179380714285714,1,0.179380714285714,0.0332186507936508,0.289476814058957,0.210384788359788
"Dual specificty protein kinase CLK1",1,1,1,1,1,1,1,1,1,1,1
"Dual specificity protein kinase CLK2",1,0.343259391534392,1,1,1,0.855380257936508,1,0.343259391534392,0.332186507936508,0.969984603174603,1
"Lipoxin A4 receptor",1,0.520425529100529,1,0.642227248677249,1,0.581326388888889,1,0.39862380952381,0.642227248677249,0.83521179138322,0.520425529100529
"Estradiol 17-beta-dehydrogenase 3",1,1,1,1,1,1,1,1,1,1,1
"11-beta-hydroxysteroid dehydrogenase 1",1,1,1,1,1,1,1,1,1,1,1
"Ribosomal protein S6 kinase alpha 5",0.836002711640212,0.948577028218695,0.948577028218695,0.0332186507936508,0.0913512896825397,0.948577028218695,1,0.0332186507936508,0.637798095238095,1,0.0775101851851852
"ALK tyrosine kinase receptor",1,1,1,1,1,1,1,1,1,1,1
"Hypoxia-inducible factor 1 alpha",0.647763690476191,0.734501278659612,0.647763690476191,0.132874603174603,1,0.382014484126984,0.647763690476191,0.647763690476191,0.647763690476191,0.647763690476191,1
"TGF-beta receptor type II",0.249139880952381,1,1,1,0.531498412698413,0.249139880952381,1,1,1,1,1
"Serine/threonine-protein kinase AKT",1,1,1,1,1,1,1,1,1,1,1
"Sodium channel protein type IX alpha subunit",1,1,1,1,1,1,1,1,1,1,1
"P-glycoprotein 1",1,0.509352645502645,0.509352645502645,0.509352645502645,0.659627494331066,0.514889087301587,0.514889087301587,1,1,0.514889087301587,1
"Heat shock protein HSP 90-beta",1,0.930122222222222,1,0.620081481481481,1,0.620081481481481,1,0.620081481481481,1,1,1
"Calcium-activated potassium channel subunit alpha-1",1,1,1,1,1,1,1,1,1,1,1
"Intermediate conductance calcium-activated potassium channel protein 4",1,1,1,1,1,1,1,1,1,1,1
"Voltage-gated potassium channel subunit Kv1.5",0.697591666666667,0.841539153439153,1,1,1,0.697591666666667,0.822161607142857,0.958595351473923,0.83711,1,0.719737433862434
"Bradykinin B1 receptor",0.458417380952381,0.458417380952381,1,0.458417380952381,0.498279761904762,1,0.458417380952381,0.458417380952381,1,1,0.863684920634921
"Purinergic receptor P2Y1",1,1,1,1,0.83046626984127,1,1,1,1,1,1
"Sphingosine 1-phosphate receptor Edg-1",0.917665228174603,0.917665228174603,0.917665228174603,1,0.917665228174603,1,0.917665228174603,0.917665228174603,0.917665228174603,1,0.917665228174603
"Purine nucleoside phosphorylase",1,1,1,1,1,1,1,0.199311904761905,0.199311904761905,1,1
"Serine/threonine-protein kinase GAK",1,1,1,1,1,1,1,1,1,1,1
"Induced myeloid leukemia cell differentiation protein Mcl-1",1,1,1,1,1,1,1,1,1,1,1
"Dual-specificity tyrosine-phosphorylation regulated kinase 2",1,1,1,0.631154365079365,1,0,1,1,1,1,1
"Gastric inhibitory polypeptide receptor",0.750741507936508,1,1,0.642227248677249,1,0.750741507936508,1,0.642227248677249,0.642227248677249,1,1
"Matrix metalloproteinase 12",1,0.890259841269841,1,0.890259841269841,1,0.890259841269841,0.890259841269841,0.890259841269841,1,1,1
"Sphingosine kinase 1",0.873650515873016,0.243603439153439,0.243603439153439,0.243603439153439,0.873650515873016,0.332186507936508,0.873650515873016,0.773520011337869,1,0.332186507936508,0.719737433862434
"Phosphodiesterase 8B",1,0.741883201058201,0.901055902777778,0.901055902777778,1,0.520425529100529,0.520425529100529,0.741883201058201,1,0.741883201058201,0.520425529100529
"Phosphodiesterase 10A",1,1,1,1,1,1,1,1,1,1,0.83046626984127
"Free fatty acid receptor 1",1,0.902440013227513,1,0.85039746031746,1,0.85039746031746,0.85039746031746,1,0.85039746031746,1,0.85039746031746
"Prostanoid DP receptor",0.786174735449735,0.506584424603175,0.506584424603175,0.786174735449735,0.506584424603175,0.0996559523809524,1,0.786174735449735,0.786174735449735,1,0.518210952380952
"Neurokinin 3 receptor",1,1,1,0.174397916666667,1,0.174397916666667,1,0.149483928571429,0.149483928571429,1,1
"TGF-beta receptor type I",1,1,1,1,1,1,1,1,1,1,1
"C-X-C chemokine receptor type 3",1,0.465061111111111,1,1,1,0.332186507936508,1,1,1,1,1
"Vitamin K-dependent protein C",1,1,1,1,1,1,1,1,1,1,1
"Tyrosine-protein kinase FGR",0.0996559523809524,0.852612037037037,0.852612037037037,1,0.852612037037037,1,1,0.332186507936508,0.852612037037037,1,0.930122222222222
"NAD-dependent deacetylase sirtuin 3",1,1,1,1,1,1,1,1,1,1,1
"NAD-dependent deacetylase sirtuin 2",0.653300132275132,1,1,1,0.95503621031746,1,1,1,0.653300132275132,1,0.653300132275132
"Acyl coenzyme A:cholesterol acyltransferase 2",0.722505654761905,0.722505654761905,1,0.232530555555556,0.880294246031746,0.509352645502645,0.722505654761905,0.232530555555556,0.880294246031746,0.722505654761905,0.722505654761905
"Voltage-gated N-type calcium channel alpha-1B subunit",1,1,1,0.586862830687831,0.956697142857143,0.586862830687831,0.586862830687831,1,1,1,0.656068353174603
"Nitric oxide synthase, inducible",0.83046626984127,0.664373015873016,0.664373015873016,0.664373015873016,0.884446577380952,1,0.664373015873016,1,0.664373015873016,0.955958950617284,0.597935714285714
"Serine/threonine-protein kinase PAK 4",1,1,1,1,1,1,1,1,1,1,1
"Ribosomal protein S6 kinase 1",1,0.837848192239859,0.837848192239859,0.837848192239859,0.837848192239859,0.837848192239859,0.837848192239859,0.873650515873016,0.837848192239859,0.837848192239859,0.837848192239859
"NAD-dependent deacetylase sirtuin 1",0.348795833333333,1,1,1,1,0.348795833333333,1,1,1,1,1
"Glutaminyl-peptide cyclotransferase",0.602681235827664,0.602681235827664,0.672677678571429,0.602681235827664,0.602681235827664,0.876972380952381,1,0.602681235827664,0.602681235827664,0.716046472663139,0.0996559523809524
"Serine/threonine-protein kinase PIM2",1,1,1,1,1,1,1,1,1,1,1
"TRAF2- and NCK-interacting kinase",0.542571296296296,0.716046472663139,0.716046472663139,0,0.174397916666667,0,0.491636031746032,0.0110728835978836,0.626408843537415,1,0.764028968253968
"Coagulation factor XIII",1,1,0.453988227513228,1,1,1,0.453988227513228,1,0.453988227513228,1,1
"5-lipoxygenase activating protein",0.083046626984127,1,1,0.0664373015873016,0.149483928571429,0.40336933106576,0.469213442460317,0.149483928571429,0.40336933106576,1,0.305611587301587
"Neuropeptide Y receptor type 5",1,0.476133994708995,0.476133994708995,0.723428395061728,0.476133994708995,0.476133994708995,1,0.512516326530612,0.689287003968254,0.476133994708995,0.0664373015873016
"Kinesin-like protein 1",0.755724305555556,0.906394614512472,1,1,0.755724305555556,0.996559523809524,0.755724305555556,0.857041190476191,0.906394614512472,1,0.755724305555556
"Matrix metalloproteinase 8",1,1,1,1,1,1,1,1,1,1,1
"C-C chemokine receptor type 8",1,0.775101851851852,1,0.834157231040564,0.775101851851852,0.834157231040564,0.775101851851852,0,0.834157231040564,0.775101851851852,0.775101851851852
"Tyrosine kinase non-receptor protein 2",0.847075595238095,0.773520011337869,0.764028968253968,0.773520011337869,0.773520011337869,0.773520011337869,0.773520011337869,1,1,0.904285493827161,0.773520011337869
"Serine/threonine-protein kinase PAK 1",1,1,1,1,1,1,0.797247619047619,1,1,1,1
"Tyrosine-protein kinase BRK",1,1,1,1,1,1,1,1,1,1,1
"Melanocortin receptor 5",1,0.677660476190476,0.677660476190476,0.531498412698413,1,0.677660476190476,1,1,0.758492526455027,1,0.677660476190476
"Ghrelin receptor",1,1,1,1,1,1,1,1,1,1,1
"Phenylethanolamine N-methyltransferase",1,1,1,1,1,1,1,1,1,1,1
"Leukotriene A4 hydrolase",1,1,1,1,1,1,1,1,1,1,1
"Apoptosis regulator Bcl-X",1,1,1,1,1,1,1,1,1,1,1
"Serine/threonine-protein kinase Chk1",0.182702579365079,1,1,1,1,0.132874603174603,1,1,1,1,1
"Voltage-gated potassium channel subunit Kv1.3",1,0.783960158730159,0.442915343915344,0.442915343915344,1,0.298967857142857,1,1,1,0.783960158730159,1
"Voltage-gated T-type calcium channel alpha-1G subunit",0.498279761904762,1,1,1,1,1,1,1,1,1,1
"Melanocortin receptor 3",1,1,1,1,1,1,1,1,1,1,1
"Dipeptidyl peptidase VIII",0.824929828042328,0.786174735449735,0.786174735449735,0.824929828042328,1,0.824929828042328,1,1,1,1,0.786174735449735
"Lymphocyte differentiation antigen CD38",1,1,1,0.465061111111111,1,0,1,1,1,1,1
"Proteasome Macropain subunit MB1",1,1,1,1,1,1,1,1,1,1,1
"Apoptosis regulator Bcl-W",1,1,1,1,1,1,1,1,1,1,1
"Aldo-keto-reductase family 1 member C3",0.382014484126984,1,1,1,1,1,1,0.382014484126984,0.453988227513228,1,1
"Fibroblast activation protein alpha",0.684304206349206,0.684304206349206,0.232530555555556,1,0.684304206349206,0.721319274376417,0.907976455026455,0.680982341269841,1,0.721319274376417,0.871989583333333
"Indoleamine 2,3-dioxygenase",0.265749206349206,1,1,1,1,1,1,0.852612037037037,1,1,0.265749206349206
"Malonyl-CoA decarboxylase",1,0.43184246031746,0.43184246031746,1,1,0.415233134920635,1,1,1,1,0.415233134920635
"Isoprenylcysteine carboxyl methyltransferase",1,1,1,1,1,1,1,1,1,1,1
"Serine/threonine-protein kinase Aurora-A",1,1,1,1,1,1,1,1,1,1,1
"C3a anaphylatoxin chemotactic receptor",0.343259391534392,0.659627494331066,1,0.659627494331066,0.659627494331066,0,0.855380257936508,1,0.659627494331066,1,0.343259391534392
"Vesicular acetylcholine transporter",1,1,1,1,1,1,1,1,1,1,1
"Geranylgeranyl pyrophosphate synthetase",1,1,1,1,1,1,1,1,1,1,1
"Neuropeptide Y receptor type 1",0.132874603174603,1,1,1,1,1,1,0.880294246031746,1,1,1
"Carbonic anhydrase VA",1,0.0664373015873016,0.87614191468254,0.651085555555556,0.87614191468254,0.651085555555556,0.933813183421517,0.0332186507936508,0.725273875661376,1,0.166093253968254
"Endothelin-converting enzyme 1",1,1,1,0.514889087301587,0.664373015873016,1,1,0.0664373015873016,1,1,1
"Orexin receptor 2",0.354332275132275,1,0.354332275132275,1,1,0.354332275132275,1,1,1,1,1
"Dipeptidyl peptidase IX",0.754063373015873,0.754063373015873,0.555226020408163,0.555226020408163,0.116265277777778,0.555226020408163,1,0.116265277777778,0.555226020408163,0.754063373015873,0.555226020408163
"Vanilloid receptor",0.456756448412698,0.527346081349206,0.756647045855379,0.0996559523809524,0.527346081349206,0.527346081349206,1,0.166093253968254,0.527346081349206,0.777316428571429,0.199311904761905
"Caspase-1",1,1,1,0.376478042328042,1,0.376478042328042,1,0.376478042328042,0.423537797619048,1,0.910191031746032
"Nitric-oxide synthase, endothelial",1,1,1,0.43184246031746,0.938426884920635,0.938426884920635,0.957804431216931,0.597935714285714,0.957804431216931,1,1
"Dual specificity phosphatase Cdc25B",0.365405158730159,1,0.581326388888889,0.116265277777778,0.783011054421769,0.571360793650794,0.531498412698413,0.0996559523809524,0.87614191468254,1,1
"P2X purinoceptor 7",0.680982341269841,0.877921485260771,0.680982341269841,0.680982341269841,0.979950198412698,1,0.979950198412698,0.680982341269841,0.979950198412698,0.877921485260771,0.877921485260771
"Serine/threonine-protein kinase AKT3",1,1,1,1,1,0.631154365079365,1,1,1,1,1
"Beta-secretase 1",0.298967857142857,1,0.808320502645503,1,1,0.597935714285714,1,1,1,1,1
"Acetyl-CoA carboxylase 2",1,1,1,1,1,1,1,0.730810317460317,1,1,1
"L-lactate dehydrogenase A chain",0.166093253968254,0.658836574074074,0.812011463844797,0.458417380952381,0.188239021164021,0.896903571428571,0.710048660714286,0.166093253968254,0.896903571428571,0.710048660714286,0.274053869047619
"C-X3-C chemokine receptor 1",0.803891349206349,0.755724305555556,0.620081481481481,0.938426884920635,0.963340873015873,0.979950198412698,0.89136712962963,0.199311904761905,1,0.620081481481481,0.938426884920635
"Eukaryotic translation initation factor",0.473365773809524,1,0.473365773809524,0.448451785714286,0.520425529100529,1,1,0.298967857142857,1,1,0.520425529100529
"Apoptosis regulator Bcl-2",0.664373015873016,1,0.664373015873016,1,1,0.453988227513228,0.481670436507937,0.453988227513228,0.453988227513228,0.664373015873016,1
"Cytochrome P450 1B1",0.953849829931973,1,0.953849829931973,0.953849829931973,0.797247619047619,0.953849829931973,0.953849829931973,0.953849829931973,1,1,1
"Tyrosine-protein kinase receptor UFO",0.996559523809524,0.974413756613757,0.0996559523809524,0.870328650793651,0.870328650793651,1,1,0.870328650793651,1,1,0.870328650793651
"Neurotrophic tyrosine kinase receptor type 2",1,1,0.6754458994709,1,1,1,1,0.298967857142857,0.298967857142857,1,1
"Mitogen-activated protein kinase kinase kinase 8",0.083046626984127,0.786174735449735,0.786174735449735,0.332186507936508,0.786174735449735,0.0332186507936508,1,0.786174735449735,0.332186507936508,0.797247619047619,0.358761428571429
"Low molecular weight phosphotyrosine protein phosphatase",1,1,1,1,1,1,1,1,1,1,1
"Casein kinase I epsilon",1,1,1,1,1,0.0996559523809524,1,1,1,1,1
"L-lactate dehydrogenase B chain",1,1,1,1,1,1,1,1,1,1,1
"S-methyl-5-thioadenosine phosphorylase",1,1,0.166093253968254,1,1,1,1,1,1,1,1
"Proto-oncogene c-JUN",1,1,1,1,1,1,1,0.797247619047619,1,1,1
"Sodium/glucose cotransporter 1",1,1,1,0.0996559523809524,0.974413756613757,0.15502037037037,0.225886825396825,0.0996559523809524,0.225886825396825,1,1
"Transketolase",1,1,0.996559523809524,0.620081481481481,1,0.620081481481481,1,0.620081481481481,0.73911498015873,1,1
"Serine/threonine-protein kinase RIPK2",1,1,1,1,1,1,1,1,1,1,1
"p53-binding protein Mdm-2",1,1,1,1,1,1,1,1,1,1,1
"Serine-protein kinase ATR",0.863684920634921,0.82097522675737,1,1,0.671016746031746,0.671016746031746,0.904285493827161,0.671016746031746,0.671016746031746,0.802784060846561,0.671016746031746
"ADAM10",0.750741507936508,1,1,0.750741507936508,1,0.343259391534392,0.265749206349206,0.199311904761905,1,1,1
"Endoplasmic reticulum aminopeptidase 2",1,1,1,1,1,1,1,1,1,1,1
"G protein-coupled receptor 44",1,1,1,1,1,1,1,1,1,1,1
"Endothelial lipase",1,0.423537797619048,1,0.423537797619048,0.76956541005291,0.298967857142857,0.83521179138322,0.76956541005291,1,1,0.382014484126984
"Histone deacetylase 10",1,1,1,1,1,1,1,1,1,1,1
"GABA receptor alpha-5 subunit",1,0.797247619047619,0.959649911816579,0.315577182539683,0.704235396825397,0.0664373015873016,0.930122222222222,0.315577182539683,0.315577182539683,0.959649911816579,1
"Orexin receptor 1",0.597935714285714,1,0.0332186507936508,1,0.332186507936508,0.0996559523809524,1,0.445129920634921,1,0.811484183673469,0.265749206349206
"Discoidin domain-containing receptor 2",0.664373015873016,1,1,1,1,1,1,1,1,1,1
"Metabotropic glutamate receptor 2",0.465061111111111,1,0.465061111111111,0.902440013227513,1,0.902440013227513,1,0.83046626984127,1,0.902440013227513,1
"Cytochrome P450 26A1",0.856302998236332,1,0.83995731292517,0.83995731292517,0.83995731292517,0.265749206349206,0.83995731292517,0.83995731292517,0.83995731292517,0.856302998236332,1
"Serine/threonine-protein kinase B-raf",1,1,1,1,1,1,1,1,1,1,1
"Ephrin type-B receptor 4",1,1,1,0.210384788359788,1,0.564717063492064,0.963340873015873,0,0.210384788359788,1,1
"Neuropilin-1",1,1,0.323881845238095,1,1,1,0.323881845238095,0.323881845238095,0.323881845238095,1,0.883616111111111
"dUTP pyrophosphatase",1,0.900594532627866,0.780638293650794,0.520425529100529,0.520425529100529,0.780638293650794,0.597935714285714,0.780638293650794,0.780638293650794,1,0.520425529100529
"Serine/threonine-protein kinase ILK-1",1,0.143947486772487,1,0.0996559523809524,1,0,0.780638293650794,0.640645408163265,0.358761428571429,0.348795833333333,0.531498412698413
"Tyrosine-protein kinase BTK",1,0.930122222222222,1,1,1,0.930122222222222,1,1,1,1,1
"Serine/threonine-protein kinase TNNI3K",1,1,1,1,1,1,1,1,1,1,1
"Cytochrome P450 2A6",0.265749206349206,0.251512641723356,1,0,0.21592123015873,0.191007242063492,1,0,0.191007242063492,1,0.21592123015873
"Mitogen-activated protein kinase kinase kinase 5",1,1,1,1,1,1,1,1,1,1,1
"Tyrosine-protein kinase receptor TYRO3",1,1,1,1,1,1,1,1,1,1,1
"Epithelial discoidin domain-containing receptor 1",1,0.959188541666667,0.959188541666667,0.959188541666667,1,0.959188541666667,1,0.232530555555556,0.959188541666667,0.959188541666667,0.959188541666667
"Proto-oncogene tyrosine-protein kinase MER",1,1,1,1,1,1,1,1,1,1,1
"Baculoviral IAP repeat-containing protein 3",0.453988227513227,0.415233134920635,0.453988227513227,0.415233134920635,0.453988227513227,0.415233134920635,0.453988227513227,0.438486190476191,1,0.514889087301587,0.415233134920635
"Poly [ADP-ribose] polymerase 2",0.810535079365079,1,1,1,0.810535079365079,1,1,0.810535079365079,0.810535079365079,1,0.810535079365079
"P-selectin",1,1,1,1,1,1,1,1,1,1,1
"ATP-binding cassette sub-family G member 2",1,0.726064795918367,0.726064795918367,0.726064795918367,0.726064795918367,0.726064795918367,1,0.726064795918367,0.759876636904762,0.889521649029982,0.726064795918367
"Pituitary adenylate cyclase-activating polypeptide type I receptor",1,1,1,1,1,1,1,1,1,1,1
"Serine/threonine-protein kinase PIM3",1,1,1,1,1,1,0.930122222222222,1,1,1,0.930122222222222
"G-protein coupled bile acid receptor 1",0.543955406746032,1,0.543955406746032,0.543955406746032,0.543955406746032,0.543955406746032,0.543955406746032,1,0.543955406746032,0.760338007054674,0.543955406746032
"Metastin receptor",1,1,1,1,1,1,1,1,1,1,1
"Cell division cycle 7-related protein kinase",1,1,1,1,1,1,1,1,1,1,0.930122222222222
"Sodium channel protein type X alpha subunit",1,1,1,0.514889087301587,1,0.0664373015873016,1,1,1,1,1
"Baculoviral IAP repeat-containing protein 2",0.254676322751323,1,0.166093253968254,0.83046626984127,1,1,1,0.166093253968254,1,1,1
"Receptor-interacting serine/threonine-protein kinase 1",1,1,1,0.808320502645503,0.808320502645503,1,1,1,1,1,0.808320502645503
"Protein tyrosine kinase 2 beta",1,1,0.896903571428571,1,0.298967857142857,1,1,0.199311904761905,1,1,0.697591666666667
"Perforin-1",0.579480908289242,0.465061111111111,0.579480908289242,1,0.465061111111111,1,0.579480908289242,0.579480908289242,0.579480908289242,0.579480908289242,0.465061111111111
"D-amino-acid oxidase",0.775101851851852,0.775101851851852,1,0.498279761904762,1,0.498279761904762,0.775101851851852,0.498279761904762,1,1,1
"Serine/threonine-protein kinase WEE1",0.0332186507936508,0.73911498015873,0.0332186507936508,0.609008597883598,1,0.943409682539682,1,1,1,1,1
"Histone acetyltransferase PCAF",0.764028968253968,1,0.797247619047619,1,0.764028968253968,0.797247619047619,0.764028968253968,1,1,1,0.797247619047619
"Secreted frizzled-related protein 1",1,1,0.43184246031746,1,1,0.586862830687831,1,0.0332186507936508,1,1,1
"Transient receptor potential cation channel subfamily V member 3",1,1,1,1,1,1,1,1,1,1,1
"Protein-arginine N-methyltransferase 1",0.531498412698413,1,0.531498412698413,0.722505654761905,0.531498412698413,0.531498412698413,0.531498412698413,0.531498412698413,1,0.531498412698413,0.848921075837743
"Nuclear factor NF-kappa-B p65 subunit",1,1,1,1,1,1,1,1,1,1,1
"Dual specificity tyrosine-phosphorylation-regulated kinase 1B",0.892751240079365,0.892751240079365,0.892751240079365,1,0.892751240079365,0.900594532627866,0.892751240079365,0.892751240079365,0.892751240079365,0.892751240079365,1
"Acyl-CoA desaturase",0.365405158730159,0.83046626984127,0.651085555555556,0.597935714285714,0.365405158730159,1,1,0.365405158730159,1,1,0.863684920634921
"Proto-oncogene tyrosine-protein kinase ROS",1,0.332186507936508,1,0.332186507936508,0.92181755952381,0.332186507936508,0.907976455026455,0.989177601410935,0.332186507936508,0.92181755952381,0.684304206349206
"Lysyl-tRNA synthetase",0.0498279761904762,0.298967857142857,0.896903571428571,1,0.0498279761904762,0.321113624338624,1,0.0664373015873016,0.901055902777778,0.955958950617284,0.166093253968254
"DNA-(apurinic or apyrimidinic site) lyase",1,1,0.956697142857143,1,1,0.409696693121693,1,0.409696693121693,0.39862380952381,1,0.539803075396825
"Glucose-dependent insulinotropic receptor",1,0.930122222222222,0.21592123015873,0.930122222222222,1,1,0.542571296296296,1,0.21592123015873,1,1
"Prostaglandin E synthase",0.43184246031746,1,0.43184246031746,1,1,1,1,1,1,1,1
"G protein-coupled receptor kinase 5",1,1,1,1,1,1,1,1,1,1,1
"Egl nine homolog 1",0.298967857142857,1,0.948577028218695,0.948577028218695,0.948577028218695,0.948577028218695,0.948577028218695,0.948577028218695,1,0.948577028218695,0.948577028218695
"Elongation of very long chain fatty acids protein 6",1,0.884446577380952,0.884446577380952,1,1,0.775101851851852,0.884446577380952,0.697591666666667,0.884446577380952,0.884446577380952,0.714200992063492
"Glucagon",0.863684920634921,1,1,0.863684920634921,1,1,0.863684920634921,0.863684920634921,1,0.863684920634921,1
"CREB-binding protein",1,1,1,1,1,0.597935714285714,1,1,1,1,1
"Mitogen-activated protein kinase kinase kinase 7",0.578004523809524,0.578004523809524,1,0.578004523809524,1,0.578004523809524,1,0.949104308390023,0.0332186507936508,1,0.949104308390023
"Interferon-induced, double-stranded RNA-activated protein kinase",1,1,1,1,1,1,1,1,1,1,1
"Aldo-keto reductase family 1 member C2",1,1,1,1,1,1,1,1,1,1,1
"Trace amine-associated receptor 1",1,0.822161607142857,0.764028968253968,1,0.764028968253968,0.764028968253968,0.822161607142857,0.764028968253968,1,0.764028968253968,0.764028968253968
"Nuclear receptor ROR-alpha",0.92181755952381,0.92181755952381,1,0.92181755952381,0.92181755952381,1,1,0.43184246031746,0.92181755952381,0.92181755952381,0.92181755952381
"Heat shock factor protein 1",1,1,1,1,1,1,1,1,1,1,1
"Hematopoietic prostaglandin D synthase",0.847075595238095,0.911140136054422,1,0.911140136054422,1,1,0.847075595238095,0.911140136054422,0.911140136054422,0.911140136054422,1
"Aldo-keto reductase family 1 member C1",0.453988227513228,0.453988227513228,0.942579216269841,1,0.453988227513228,1,0.453988227513228,0.453988227513228,1,0.453988227513228,0.754537925170068
"Bifunctional protein NCOAT",1,0.730810317460318,1,0.730810317460318,0.730810317460318,0.730810317460318,1,1,1,1,0.730810317460318
"LIM domain kinase 2",1,1,1,1,1,1,1,1,1,1,1
"Serine/threonine-protein kinase PLK2",0.0332186507936508,0.788942956349206,0.810535079365079,0.0747419642857143,1,0.126230873015873,0.448451785714286,0.0332186507936508,0.0747419642857143,0.810535079365079,0.773520011337869
"Neuropeptide FF receptor 1",0.448451785714286,0.877921485260771,0.710879126984127,0.6754458994709,1,1,0.710879126984127,0.448451785714286,0.877921485260771,1,1
"Neuropeptide FF receptor 2",0.376478042328042,1,0.589631051587302,0.376478042328042,1,1,0.671016746031746,0,1,1,1
"IgG receptor FcRn large subunit p51",1,1,0.896903571428571,0.896903571428571,1,0.896903571428571,1,0.83046626984127,1,1,1
"Smoothened homolog",0.548107738095238,1,1,1,1,0.132874603174603,1,0.631154365079365,1,1,1
"Aldo-keto reductase family 1 member B10",0,1,1,1,1,0.387550925925926,0.387550925925926,1,1,1,1
"Serine/threonine-protein kinase 33",0.892158049886621,0.969984603174603,1,0.92181755952381,0.969984603174603,0.890259841269841,0.892158049886621,0.631154365079365,0.631154365079365,0.890259841269841,0.890259841269841
"Transient receptor potential cation channel subfamily A member 1",1,1,1,1,1,1,0.755724305555556,0.365405158730159,0.365405158730159,0.365405158730159,1
"Diacylglycerol O-acyltransferase 1",0.110728835978836,0.175584297052154,0.880294246031746,0.175584297052154,0.175584297052154,0.083046626984127,0.273131128747795,0.0332186507936508,0.273131128747795,1,0.175584297052154
"Histone-lysine N-methyltransferase, H3 lysine-9 specific 3",0.531498412698413,1,0.531498412698413,1,0.764028968253968,1,1,1,0.764028968253968,1,0.531498412698413
"Lysine-specific histone demethylase 1",0.0332186507936508,1,1,1,0.43184246031746,0.0332186507936508,1,1,1,1,1
"Alpha-synuclein",1,1,0.39862380952381,1,1,1,1,1,1,1,1
"Tankyrase-2",1,1,1,1,1,0.664373015873016,0.664373015873016,1,1,0.664373015873016,1
"Tankyrase-1",0.705896329365079,0.705896329365079,0.705896329365079,1,1,1,1,0.777316428571429,0.858148478835979,1,0.705896329365079
"Mitogen-activated protein kinase kinase kinase kinase 4",1,1,1,1,1,1,1,1,1,1,1
"Lysine-specific demethylase 4C",1,0.946731547619048,1,0.946731547619048,1,1,1,1,1,1,1
