"","EGFR","Hypoxia","JAK.STAT","MAPK","NFkB","PI3K","TGFb","TNFa","Trail","VEGF","p53"
"Arginase-1",0.239,0.112,0.158,0.2,0.05,0.453,0.03,0.424,0.078,0.429,0.057
"Leucine-rich repeat serine/threonine-protein kinase 2",0.153,0.392,0.029,0.078,0.064,0.247,0.309,0.159,0.017,0.155,0.228
"Tyrosyl-DNA phosphodiesterase 1",0.471,0.2,0.044,0.312,0.323,0.326,0.148,0.502,0.276,0.335,0.142
"Transitional endoplasmic reticulum ATPase",0.546,0.266,0.555,0.074,0.519,0.407,0.331,0.239,0.386,0.253,0.377
"Glucokinase regulatory protein",0.384,0.045,0.228,0.238,0.345,0.459,0.121,0.074,0.307,0.177,0.213
"Pyruvate kinase isozymes M1/M2",0.226,0.401,0.211,0.398,0.456,0.3,0.184,0.078,0.489,0.147,0.072
"Transient receptor potential cation channel subfamily M member 8",0.177,0.28,0.095,0.288,0.348,0.537,0.195,0.06,0.391,0.016,0.149
"G-protein coupled receptor 55",0.204,0.052,0.46,0.483,0.198,0.127,0.441,0.164,0.338,0.248,0.409
"Endoplasmin",0.377,0.447,0.037,0.11,0.26,0.343,0.462,0.077,0.126,0.245,0.091
"Serine/threonine-protein kinase/endoribonuclease IRE1",0.344,0.222,0.417,0.121,0.119,0.166,0.405,0.031,0.201,0.021,0.046
"NADPH oxidase 4",0.139,0.421,0.029,0.495,0.11,0.085,0.017,0.094,0.434,0.284,0.349
"Ketohexokinase",0.262,0.08,0.028,0.125,0.195,0.023,0.132,0.032,0.207,0.213,0.011
"Lethal(3)malignant brain tumor-like protein 1",0.172,0.239,0.371,0.326,0.312,0.394,0.158,0.368,0.1,0.449,0.046
"Microtubule-associated protein tau",0.038,0.068,0.007,0.486,0.389,0.336,0.231,0.202,0.459,0.318,0.468
"15-hydroxyprostaglandin dehydrogenase [NAD+]",0.027,0.27,0.449,0.275,0.165,0.304,0.026,0.454,0.373,0.323,0.038
"G-protein coupled receptor 35",0.478,0.498,0.433,0.202,0.089,0.09,0.004,0.3,0.195,0.394,0.023
"ATP-sensitive inward rectifier potassium channel 1",0.129,0.225,0.16,0.113,0.266,0.181,0.169,0.138,0.373,0.397,0.016
"Neuropeptides B/W receptor type 1",0.406,0.499,0.477,0.283,0.035,0.1,0,0.237,0.435,0.263,0.003
"Nuclear receptor ROR-gamma",0.375,0.46,0.08,0.49,0.338,0.439,0.358,0.216,0.05,0.317,0.501
"DNA topoisomerase I",0.354,0.452,0.062,0.465,0.075,0.143,0.406,0.181,0.046,0.271,0.427
"Farnesyl diphosphate synthase",0.411,0.48,0.181,0.032,0.06,0.263,0.083,0.338,0.401,0.434,0.185
"Glucagon-like peptide 1 receptor",0.158,0.187,0.508,0.081,0.501,0.345,0.064,0.258,0.261,0.524,0.095
"Endothelin receptor ET-B",0.403,0.084,0.16,0.449,0.338,0.044,0.091,0.5,0.176,0.442,0.009
"Steroid 5-alpha-reductase 1",0.198,0.391,0.151,0.078,0.445,0.434,0.349,0.511,0.425,0.405,0.339
"Vasopressin V2 receptor",0.292,0.252,0.213,0.288,0.125,0.135,0.294,0.511,0.019,0.354,0.515
"Somatostatin receptor 5",0.043,0.385,0.162,0.273,0.076,0.44,0.254,0.408,0.378,0.328,0.204
"Histone-lysine N-methyltransferase, H3 lysine-79 specific",0.349,0.45,0.415,0.054,0.473,0.109,0.16,0.39,0.487,0.497,0.345
"Bromodomain-containing protein 3",0.092,0.365,0.31,0.221,0.283,0.468,0.186,0.28,0.381,0.391,0.382
"Cysteinyl leukotriene receptor 1",0.121,0.382,0.395,0.111,0.123,0.138,0.362,0.415,0.366,0.274,0.243
"Plasminogen",0.036,0.33,0.17,0.166,0.187,0.37,0.391,0.101,0.348,0.469,0.247
"Leukocyte adhesion glycoprotein LFA-1 alpha",0.033,0.386,0.297,0.302,0.017,0.011,0.444,0.042,0.281,0.211,0.082
"Somatostatin receptor 2",0.45,0.138,0.366,0.312,0.282,0.134,0.123,0.19,0.074,0.177,0.052
"Muscarinic acetylcholine receptor M4",0.432,0.157,0.449,0.028,0.18,0.429,0.113,0.198,0.276,0.261,0.416
"Inosine-5'-monophosphate dehydrogenase 1",0.041,0.366,0.217,0.023,0.351,0.3,0.099,0.108,0.33,0.098,0.46
"Receptor protein-tyrosine kinase erbB-2",0.387,0.236,0.093,0.344,0.158,0.013,0.154,0.039,0.029,0.072,0.05
"TNF-alpha",0.425,0.402,0.202,0.064,0.324,0.406,0.168,0.222,0.207,0.308,0.43
"Phosphodiesterase 5A",0.345,0.331,0.219,0.181,0.254,0.372,0.145,0.097,0.269,0.359,0.134
"Serotonin 2b (5-HT2b) receptor",0.427,0.131,0.557,0.091,0.159,0.017,0.061,0.382,0.269,0.254,0.023
"Thromboxane-A synthase",0.425,0.329,0.392,0.346,0.32,0.246,0.049,0.113,0.168,0.091,0.071
"Prostanoid EP4 receptor",0.028,0.098,0.377,0.325,0.426,0.023,0.389,0.074,0.005,0.384,0.303
"Dopamine D5 receptor",0.11,0.043,0.208,0.33,0.022,0.003,0.014,0.407,0.098,0.387,0.199
"Somatostatin receptor 4",0.063,0.423,0.473,0.153,0.082,0.034,0.389,0.141,0.264,0.314,0.037
"Gonadotropin-releasing hormone receptor",0.403,0.313,0.109,0.171,0.22,0.506,0.092,0.409,0.187,0.183,0.215
"4-hydroxyphenylpyruvate dioxygenase",0.303,0.055,0.12,0.251,0.18,0.398,0.007,0.086,0.355,0.183,0.471
"Tyrosine-protein kinase ABL",0.478,0.275,0.521,0.483,0.254,0.021,0.387,0.181,0.306,0.232,0.287
"Vascular endothelial growth factor receptor 1",0.01,0.404,0.303,0.363,0.064,0.338,0.126,0.172,0.072,0.018,0.436
"Tissue-type plasminogen activator",0.32,0.408,0.411,0.101,0.082,0.174,0.249,0.426,0.007,0.019,0.265
"Calcium sensing receptor",0.421,0.101,0.243,0.097,0.379,0.342,0.027,0.471,0.266,0.254,0.014
"Neuronal acetylcholine receptor protein alpha-4 subunit",0.224,0.016,0.311,0.003,0.246,0.086,0.247,0.43,0.209,0.429,0.048
"Potassium channel, inwardly rectifying, subfamily J, member 11",0.168,0.303,0.473,0.073,0.196,0.507,0.022,0.337,0.254,0.426,0.232
"Vasopressin V1a receptor",0.217,0.34,0.326,0.054,0.014,0.11,0.011,0.295,0.045,0.183,0.039
"Glutamate carboxypeptidase II",0.255,0.31,0.048,0.03,0.191,0.334,0.02,0.14,0.136,0.326,0.072
"Serotonin 1b (5-HT1b) receptor",0.112,0.074,0.075,0.129,0.089,0.44,0.203,0.007,0.427,0.097,0.003
"Serotonin 3a (5-HT3a) receptor",0.032,0.078,0.049,0.267,0.005,0.475,0.069,0.049,0.048,0.16,0.367
"Aldose reductase",0.422,0.28,0.092,0.366,0.166,0.393,0.527,0.349,0.306,0.35,0.356
"Glutamate [NMDA] receptor subunit epsilon 2",0.173,0.381,0.308,0.262,0.173,0.07,0.345,0.032,0.23,0.221,0.263
"Serine/threonine-protein kinase RAF",0.317,0.213,0.368,0.397,0.427,0.451,0.248,0.171,0.202,0.38,0.098
"Aminopeptidase N",0.058,0.312,0.351,0.129,0.223,0.135,0.485,0.461,0.272,0.043,0.24
"Cytochrome P450 11B1",0.294,0.395,0.307,0.01,0.478,0.301,0.039,0.104,0.381,0.253,0.139
"Butyrylcholinesterase",0.259,0.164,0.173,0.206,0.322,0.143,0.171,0.155,0.285,0.069,0.266
"Alpha-2c adrenergic receptor",0.125,0.063,0.456,0.039,0.218,0.429,0.229,0.264,0.357,0.236,0.02
"Melatonin receptor 1A",0.056,0.177,0.031,0.426,0.181,0.364,0.252,0.167,0.121,0.084,0.024
"Melatonin receptor 1B",0.268,0.262,0.28,0.19,0.248,0.027,0.287,0.141,0.227,0.326,0.05
"Thyroid hormone receptor beta-1",0.364,0.007,0.107,0.246,0.075,0.16,0.032,0.487,0.304,0.413,0.468
"Cyclophilin A",0.168,0.037,0.272,0.005,0.376,0.209,0.391,0.212,0.116,0.399,0.032
"Thymidylate synthase",0.265,0.436,0.415,0.307,0.381,0.049,0.461,0.219,0.254,0.124,0.188
"Vascular endothelial growth factor receptor 3",0.227,0.087,0.354,0.162,0.348,0.047,0.542,0.346,0.303,0.206,0.447
"Insulin-like growth factor I receptor",0.041,0.448,0.454,0.353,0.435,0.219,0.246,0.266,0.297,0.078,0.421
"Epoxide hydrolase 1",0.038,0.468,0.364,0.032,0.422,0.09,0.152,0.445,0.153,0.336,0.326
"Tyrosine-protein kinase receptor FLT3",0.207,0.046,0.104,0.426,0.117,0.033,0.299,0.216,0.12,0.421,0.002
"Vitamin D receptor",0.105,0.316,0.306,0.29,0.429,0.199,0.198,0.072,0.409,0.186,0.196
"Cytochrome P450 19A1",0.065,0.445,0.267,0.452,0.414,0.072,0.233,0.561,0.446,0.458,0.276
"Insulin receptor",0.318,0.263,0.474,0.381,0.111,0.197,0.252,0.104,0.193,0.524,0.239
"Serotonin 1d (5-HT1d) receptor",0.373,0.423,0.408,0.029,0.111,0.352,0.006,0.307,0.036,0.245,0.01
"Inhibitor of nuclear factor kappa B kinase beta subunit",0.281,0.382,0.139,0.428,0.498,0.344,0.347,0.342,0.11,0.242,0.027
"Prostanoid IP receptor",0.378,0.141,0.321,0.075,0.468,0.304,0.104,0.556,0.311,0.319,0.027
"Equilibrative nucleoside transporter 1",0.39,0.202,0.178,0.321,0.42,0.423,0.358,0.28,0.225,0.413,0.157
"Purinergic receptor P2Y12",0.386,0.089,0.308,0.509,0.284,0.174,0.072,0.421,0.215,0.141,0.023
"Retinoic acid receptor gamma",0.148,0.278,0.503,0.234,0.091,0.461,0.087,0.365,0.403,0.424,0.106
"Platelet-derived growth factor receptor alpha",0.085,0.188,0.412,0.032,0.133,0.353,0.01,0.045,0.054,0.3,0.43
"Retinoic acid receptor beta",0.3,0.488,0.255,0.487,0.173,0.169,0.297,0.105,0.009,0.474,0.406
"Nociceptin receptor",0.382,0.103,0.03,0.18,0.149,0.025,0.247,0.157,0.036,0.197,0.042
"Dihydrofolate reductase",0.168,0.427,0.162,0.199,0.435,0.511,0.347,0.261,0.043,0.084,0.088
"Epidermal growth factor receptor erbB1",0.302,0.229,0.036,0.441,0.434,0.481,0.349,0.632,0.178,0.187,0.044
"Muscarinic acetylcholine receptor M5",0.056,0.451,0.055,0.273,0.265,0.247,0.044,0.191,0.477,0.218,0.246
"Peptidyl-prolyl cis-trans isomerase FKBP5",0.49,0.434,0.344,0.342,0.127,0.437,0.073,0.239,0.394,0.062,0.428
"Retinoic acid receptor alpha",0.158,0.195,0.412,0.129,0.401,0.018,0.042,0.025,0.177,0.05,0.064
"Estrogen receptor alpha",0.021,0.069,0.367,0.416,0.062,0.319,0.007,0.403,0.115,0.204,0.443
"Beta-2 adrenergic receptor",0.373,0.251,0.053,0.345,0.332,0.396,0.082,0.432,0.168,0.242,0.334
"Cyclin T1",0.398,0.352,0.097,0.009,0.446,0.093,0.038,0.058,0.373,0.303,0.054
"Muscarinic acetylcholine receptor M2",0.296,0.433,0.041,0.377,0.271,0.132,0.094,0.153,0.051,0.233,0.249
"Beta-1 adrenergic receptor",0.505,0.358,0,0.436,0.496,0.459,0.029,0.448,0.158,0.038,0.489
"Dopamine D2 receptor",0.103,0.445,0.174,0.371,0.275,0.093,0.403,0.217,0.113,0.116,0.05
"Beta-glucocerebrosidase",0.074,0.282,0.257,0.409,0.009,0.185,0.332,0.077,0.177,0.2,0.127
"Motilin receptor",0.123,0.154,0.169,0.011,0.19,0.008,0.314,0.351,0.017,0.486,0.341
"MAP kinase-activated protein kinase 2",0.299,0.261,0.166,0.083,0.203,0.182,0.224,0.253,0.475,0.074,0.152
"Cyclooxygenase-1",0.1,0.169,0.072,0.138,0.512,0.072,0.188,0.453,0.16,0.454,0.189
"Norepinephrine transporter",0.39,0.491,0.127,0.042,0.141,0.063,0.28,0.055,0.158,0.439,0.039
"Anandamide amidohydrolase",0.207,0.328,0.35,0.158,0.176,0.2,0.364,0.419,0.09,0.385,0.398
"Serotonin 2c (5-HT2c) receptor",0.35,0.043,0.393,0.325,0.395,0.024,0.079,0.05,0.168,0.405,0.442
"Dipeptidyl peptidase I",0.534,0.025,0.436,0.37,0.435,0.085,0.286,0.178,0.509,0.073,0.457
"Serotonin transporter",0.276,0.459,0.223,0.126,0.212,0.216,0.373,0.373,0.286,0.321,0.177
"Peroxisome proliferator-activated receptor alpha",0.329,0.094,0.418,0.24,0.51,0.194,0.061,0.314,0.236,0.382,0.512
"HERG",0.368,0.382,0.417,0.086,0.029,0.412,0.03,0.126,0.265,0.043,0.264
"Epoxide hydratase",0.055,0.12,0.108,0.158,0.205,0.065,0.401,0.165,0.493,0.406,0.085
"Phosphodiesterase 3A",0.113,0.233,0.268,0.209,0.188,0.389,0.083,0.447,0.392,0.151,0.25
"C-C chemokine receptor type 1",0.225,0.032,0.126,0.044,0.426,0.025,0.277,0.29,0.342,0.232,0.075
"C-C chemokine receptor type 4",0.35,0.316,0.221,0.244,0.114,0.031,0.022,0.264,0.008,0.25,0.014
"Estrogen receptor beta",0.363,0.12,0.441,0.131,0.447,0.526,0.395,0.079,0.14,0.182,0.041
"Glyoxalase I",0.177,0.141,0.179,0.11,0.058,0.064,0.259,0.023,0.451,0.375,0.01
"Myosin light chain kinase, smooth muscle",0.295,0.078,0.085,0.493,0.191,0.105,0.469,0.142,0.263,0.374,0.286
"Serine/threonine-protein kinase AKT2",0.349,0.435,0.232,0.311,0.396,0.299,0.448,0.204,0.154,0.472,0.138
"Interleukin-8 receptor B",0.34,0.093,0.136,0.195,0.178,0.074,0.135,0.092,0.175,0.125,0.353
"Myeloperoxidase",0.17,0.129,0.405,0.256,0.142,0.442,0.006,0.208,0.316,0.446,0.285
"Coagulation factor X",0.147,0.33,0.277,0.076,0.16,0.231,0.395,0.266,0.38,0.306,0.235
"Deoxycytidine kinase",0.278,0.258,0.412,0.286,0.272,0.433,0.263,0.33,0.237,0.522,0.239
"Muscarinic acetylcholine receptor M3",0.482,0.297,0.461,0.251,0.155,0.311,0.039,0.175,0.38,0.445,0.207
"Beta-3 adrenergic receptor",0.215,0.26,0.122,0.193,0.377,0.228,0.108,0.262,0.14,0.207,0.538
"Death-associated protein kinase 3",0.416,0.486,0.161,0.081,0.41,0.186,0.301,0.181,0.468,0.217,0.095
"Methionine aminopeptidase 1",0.277,0.118,0.198,0.047,0.436,0.149,0.063,0.208,0.078,0.478,0.332
"Leukocyte elastase",0.469,0.101,0.404,0.209,0.078,0.218,0.217,0.117,0.181,0.476,0.337
"Beta amyloid A4 protein",0.273,0.13,0.438,0.437,0.404,0.066,0.405,0.204,0.062,0.312,0.493
"Neurokinin 1 receptor",0.085,0.45,0.393,0.399,0.191,0.462,0.453,0.168,0.382,0.047,0.235
"Neuronal acetylcholine receptor protein alpha-7 subunit",0.071,0.257,0.368,0.377,0.138,0.147,0.065,0.391,0.164,0.337,0.111
"Adenosine A2a receptor",0.379,0.303,0.032,0.295,0.004,0.11,0.016,0.099,0.092,0.334,0.172
"Endothelin receptor ET-A",0.159,0.252,0.014,0.424,0.077,0.161,0.077,0.436,0.168,0.468,0.487
"Beta secretase 2",0.102,0.088,0.072,0.015,0.059,0.065,0.004,0.068,0.013,0.178,0.031
"Serine/threonine-protein kinase Chk2",0.163,0.401,0.443,0.148,0.106,0.394,0.118,0.261,0.207,0.106,0.071
"Cannabinoid CB2 receptor",0.501,0.217,0.421,0.433,0.519,0.136,0.137,0.058,0.253,0.343,0.193
"3-phosphoinositide dependent protein kinase-1",0.188,0.227,0.309,0.155,0.067,0.004,0.429,0.071,0.13,0.038,0.157
"Phospholipase D1",0.167,0.079,0.238,0.027,0.247,0.41,0.348,0.355,0.188,0.304,0.121
"Phosphodiesterase 4A",0.388,0.021,0.397,0.08,0.464,0.417,0.284,0.466,0.23,0.199,0.081
"Adenosine A2b receptor",0.046,0.167,0.046,0.316,0.121,0.081,0.051,0.368,0.023,0.148,0.081
"Carboxypeptidase B",0.435,0.122,0.38,0.002,0.555,0.031,0.213,0.064,0.362,0.582,0.091
"Adenosine A3 receptor",0.324,0.212,0.356,0.099,0.105,0.047,0.22,0.024,0.233,0.267,0.041
"Histone deacetylase 5",0.262,0.089,0.053,0.243,0.215,0.136,0.055,0.396,0.366,0.363,0.02
"Liver glycogen phosphorylase",0.129,0.5,0.363,0.447,0.376,0.057,0.158,0.284,0.147,0.344,0.091
"Tyrosine-protein kinase LCK",0.37,0.455,0.055,0.102,0.199,0.022,0.405,0.147,0.075,0.373,0.038
"Cathepsin D",0.049,0.104,0.393,0.359,0.255,0.204,0.302,0.453,0.156,0.438,0.212
"Melanocortin receptor 4",0.251,0.272,0.052,0.142,0.329,0.359,0.152,0.32,0.276,0.337,0.197
"Peptide N-myristoyltransferase 1",0.429,0.122,0.21,0.424,0.411,0.36,0.231,0.167,0.537,0.401,0.137
"Tyrosine-protein kinase SYK",0.247,0.424,0.456,0.317,0.29,0.094,0.115,0.17,0.25,0.483,0.34
"MAP kinase p38 alpha",0.029,0.546,0.193,0.356,0.187,0.099,0.236,0.086,0.349,0.072,0.112
"Carbonic anhydrase I",0.301,0.329,0.153,0.392,0.124,0.3,0.182,0.413,0.474,0.349,0.359
"Furin",0.129,0.2,0.371,0.268,0.169,0.34,0.35,0.036,0.449,0.314,0.334
"Tryptase beta-1",0.374,0.054,0.255,0.484,0.442,0.021,0.158,0.074,0.076,0.259,0.508
"Glycogen synthase kinase-3 beta",0.013,0.332,0.3,0.276,0.389,0.152,0.106,0.437,0.408,0.268,0.365
"Dual specificity protein phosphatase 3",0.376,0.347,0.122,0.469,0.127,0.419,0.295,0.353,0.321,0.298,0.046
"c-Jun N-terminal kinase 3",0.211,0.384,0.301,0.477,0.434,0.267,0.446,0.436,0.475,0.478,0.469
"Histamine H3 receptor",0.148,0.055,0.457,0.03,0.166,0.291,0.419,0.378,0.176,0.535,0.181
"Phosphodiesterase 2A",0.324,0.076,0.135,0.126,0.097,0.295,0.218,0.042,0.123,0.423,0.008
"Adenosylhomocysteinase",0.175,0.172,0.267,0.305,0.621,0.276,0.082,0.328,0.459,0.319,0.123
"Tyrosine-protein kinase SRC",0.271,0.066,0.395,0.43,0.344,0.418,0.391,0.345,0.47,0.445,0.107
"Cathepsin K",0.491,0.216,0.414,0.244,0.521,0.262,0.429,0.316,0.22,0.355,0.5
"Macrophage-stimulating protein receptor",0.089,0.392,0.348,0.318,0.228,0.42,0.157,0.307,0.311,0.243,0.203
"Cystinyl aminopeptidase",0.06,0.083,0.314,0.027,0.279,0.238,0.344,0.296,0.423,0.425,0.116
"Focal adhesion kinase 1",0.228,0.075,0.321,0.297,0.368,0.104,0.387,0.477,0.213,0.152,0.425
"Mitogen-activated protein kinase kinase kinase 11",0.02,0.282,0.196,0.033,0.163,0.277,0.022,0.084,0.164,0.251,0.028
"Histone deacetylase 7",0.224,0.168,0.391,0.495,0.246,0.34,0.488,0.055,0.31,0.046,0.159
"Phosphodiesterase 11A",0.407,0.271,0.342,0.246,0.166,0.434,0.37,0.108,0.446,0.381,0.133
"Cytochrome P450 11B2",0.182,0.457,0.204,0.025,0.376,0.482,0.102,0.309,0.226,0.322,0.284
"Protein-glutamine gamma-glutamyltransferase",0.237,0.283,0.281,0.249,0.186,0.2,0.368,0.02,0.451,0.304,0.324
"Phospholipase D2",0.032,0.167,0.039,0.457,0.157,0.432,0.238,0.07,0.3,0.181,0.304
"Metabotropic glutamate receptor 4",0.477,0.241,0.066,0.445,0.14,0.425,0.443,0.493,0.086,0.205,0.393
"C-C chemokine receptor type 5",0.486,0.144,0.207,0.184,0.44,0.11,0.004,0.027,0.487,0.022,0.081
"Fibroblast growth factor receptor 3",0.074,0.474,0.491,0.458,0.49,0.124,0.167,0.359,0.431,0.094,0.162
"Phosphodiesterase 4B",0.471,0.556,0.402,0.451,0.478,0.17,0.037,0.278,0.362,0.269,0.024
"Ileal bile acid transporter",0.382,0.437,0.478,0.184,0.474,0.392,0.081,0.332,0.363,0.231,0.147
"Integrin alpha-4",0.193,0.441,0.463,0.161,0.331,0.461,0.448,0.252,0.431,0.144,0.162
"Sodium/hydrogen exchanger 1",0.136,0.297,0.102,0.184,0.438,0.264,0.381,0.381,0.364,0.414,0.029
"Acyl coenzyme A:cholesterol acyltransferase 1",0.186,0.043,0.014,0.437,0.475,0.305,0.074,0.018,0.076,0.388,0.416
"Estradiol 17-beta-dehydrogenase 2",0.46,0.039,0.205,0.277,0.346,0.262,0.031,0.022,0.024,0.038,0.163
"Vascular endothelial growth factor receptor 2",0.362,0.195,0.142,0.301,0.042,0.001,0.188,0.143,0.011,0.14,0.243
"Matrix metalloproteinase 13",0.371,0.137,0.202,0.315,0.082,0.143,0.017,0.257,0.426,0.173,0.002
"Tyrosine-protein kinase ZAP-70",0.245,0.475,0.438,0.47,0.051,0.259,0.056,0.293,0.389,0.371,0.453
"LXR-alpha",0.345,0.134,0.467,0.191,0.129,0.16,0.008,0.5,0.175,0.184,0.021
"Protein-glutamine gamma-glutamyltransferase K",0.119,0.263,0.333,0.209,0.068,0.125,0.081,0.31,0.383,0.297,0.324
"Nerve growth factor receptor Trk-A",0.095,0.453,0.376,0.25,0.383,0.457,0.084,0.213,0.096,0.248,0.054
"Coagulation factor XI",0.361,0.104,0.204,0.34,0.069,0.065,0.027,0.388,0.274,0.114,0.084
"Casein kinase I delta",0.332,0.36,0.244,0.153,0.113,0.21,0.429,0.137,0.413,0.141,0.163
"Matrix metalloproteinase 3",0.41,0.348,0.029,0.268,0.31,0.256,0.048,0.209,0.224,0.097,0.499
"Tyrosine-protein kinase JAK1",0.311,0.076,0.179,0.157,0.399,0.039,0.06,0.411,0.103,0.458,0.172
"Dipeptidyl peptidase IV",0.493,0.079,0.123,0.217,0.475,0.291,0.196,0.204,0.235,0.242,0.32
"Serine/threonine-protein kinase mTOR",0.056,0.447,0.05,0.333,0.028,0.27,0.375,0.01,0.062,0.02,0.235
"Glycogen synthase kinase-3 alpha",0.322,0.178,0.332,0.47,0.25,0.234,0.418,0.457,0.462,0.471,0.411
"Renin",0.219,0.365,0.382,0.287,0.063,0.088,0.121,0.018,0.113,0.107,0.053
"Sigma opioid receptor",0.201,0.417,0.172,0.368,0.37,0.128,0.381,0.103,0.112,0.427,0.231
"Mitogen-activated protein kinase kinase kinase 9",0.21,0.323,0.184,0.211,0.094,0.333,0.095,0.181,0.027,0.286,0.321
"Phosphodiesterase 4D",0.243,0.084,0.459,0.292,0.475,0.119,0.385,0.154,0.364,0.387,0.276
"Carbonic anhydrase III",0.047,0.237,0.343,0.279,0.224,0.263,0.235,0.369,0.307,0.181,0.347
"Hematopoietic cell protein-tyrosine phosphatase 70Z-PEP",0.528,0.276,0.151,0.195,0.013,0.005,0.223,0.106,0.026,0.213,0.029
"Phosphodiesterase 3B",0.282,0.25,0.475,0.373,0.38,0.298,0.27,0.133,0.183,0.225,0.086
"Arachidonate 15-lipoxygenase",0.385,0.033,0.257,0.359,0.126,0.006,0.345,0.08,0.251,0.507,0.098
"Phosphodiesterase 4C",0.202,0.134,0.419,0.395,0.202,0.278,0.418,0.234,0.038,0.104,0.118
"Telomerase reverse transcriptase",0.414,0.115,0.406,0.03,0.248,0.154,0.216,0.267,0.18,0.148,0.196
"Protein kinase C gamma",0.122,0.459,0.156,0.447,0.239,0.202,0.021,0.178,0.003,0.14,0.056
"Cathepsin S",0.329,0.401,0.463,0.035,0.48,0.286,0.057,0.4,0.447,0.37,0.354
"Sphingosine 1-phosphate receptor Edg-5",0.218,0.477,0.076,0.188,0.476,0.099,0.286,0.247,0.183,0.317,0.207
"Tyrosine-protein kinase ITK/TSK",0.319,0.057,0.259,0.035,0.373,0.174,0.5,0.502,0.253,0.416,0.05
"Dual specificity mitogen-activated protein kinase kinase 2",0.187,0.288,0.368,0.255,0.242,0.424,0.055,0.04,0.334,0.363,0.315
"Tyrosine-protein kinase JAK2",0.115,0.206,0.371,0.064,0.373,0.212,0.196,0.161,0.125,0.188,0.32
"Rho-associated protein kinase 2",0.3,0.176,0.145,0.181,0.079,0.214,0.188,0.248,0.43,0.253,0.24
"Cholecystokinin B receptor",0.027,0.295,0.229,0.377,0.016,0.271,0.099,0.168,0.173,0.567,0.208
"Protein kinase C alpha",0.31,0.316,0.036,0.005,0.121,0.312,0.451,0.36,0.33,0.294,0.338
"Protein kinase C delta",0.239,0.303,0.026,0.442,0.311,0.5,0.237,0.411,0.211,0.099,0.256
"P2X purinoceptor 3",0.286,0.444,0.115,0.114,0.297,0.436,0.085,0.166,0.42,0.138,0.502
"Multidrug resistance-associated protein 1",0.356,0.079,0.454,0.257,0.042,0.118,0.001,0.148,0.017,0.09,0.05
"Receptor protein-tyrosine kinase erbB-4",0.057,0.312,0.418,0.192,0.091,0.464,0.279,0.124,0.141,0.013,0.3
"Cyclin-dependent kinase 2",0.186,0.294,0.475,0.202,0.309,0.39,0.009,0.341,0.229,0.124,0.102
"Phosphodiesterase 7A",0.021,0.083,0.124,0.456,0.451,0.453,0.217,0.256,0.381,0.17,0.403
"Matriptase",0.38,0.286,0.136,0.201,0.151,0.023,0.036,0.293,0,0.181,0.056
"Sphingosine kinase 2",0.497,0.403,0.165,0.249,0.247,0.414,0.066,0.549,0.297,0.288,0.059
"Serine/threonine-protein kinase PLK1",0.389,0.117,0.122,0.277,0.427,0.083,0.074,0.196,0.245,0.282,0.15
"Carbonic anhydrase VI",0.228,0.427,0.1,0.4,0.415,0.296,0.189,0.346,0.48,0.434,0.041
"Protein kinase C beta",0.063,0.356,0.15,0.061,0.116,0.455,0.524,0.29,0.173,0.174,0.172
"Cyclin-dependent kinase 7",0.472,0.406,0.113,0.22,0.205,0.102,0.3,0.444,0.177,0.157,0.359
"Glycine transporter 2",0.416,0.051,0.303,0.017,0.089,0.091,0.052,0.092,0.037,0.119,0.051
"Cyclin-dependent kinase 1",0.005,0.117,0.394,0.08,0.057,0.022,0.013,0.187,0.021,0.072,0.013
"Excitatory amino acid transporter 1",0.058,0.037,0.204,0.213,0.217,0.166,0.079,0.293,0.366,0.406,0.281
"Plasma retinol-binding protein",0.047,0.24,0.068,0.256,0.388,0.142,0.031,0.078,0.286,0.428,0.446
"Poly [ADP-ribose] polymerase-1",0.237,0.283,0.1,0.195,0.405,0.479,0.277,0.353,0.213,0.252,0.173
"Thymidine phosphorylase",0.242,0.323,0.094,0.396,0.401,0.16,0.028,0.208,0.212,0.424,0.204
"Cyclin-dependent kinase 9",0.306,0.014,0.042,0.005,0.373,0.007,0.083,0.312,0.496,0.302,0.512
"PI3-kinase p110-delta subunit",0.046,0.204,0.269,0.17,0.197,0.384,0.23,0.125,0.398,0.118,0.31
"DNA-dependent protein kinase",0.36,0.139,0.418,0.524,0.294,0.357,0.244,0.33,0.06,0.173,0.488
"PI3-kinase p110-beta subunit",0.13,0.534,0.304,0.171,0.045,0.381,0.07,0.496,0.108,0.284,0.153
"Serotonin 7 (5-HT7) receptor",0.495,0.219,0.224,0.513,0.252,0.402,0.44,0.103,0.13,0.256,0.325
"Bradykinin B2 receptor",0.506,0.084,0.087,0.26,0.271,0.237,0.023,0.036,0.272,0.091,0.261
"Protein-tyrosine phosphatase 1C",0.295,0.408,0.206,0.315,0.135,0.077,0.495,0.099,0.011,0.503,0.267
"Carboxylesterase 2",0.176,0.493,0.495,0.219,0.166,0.307,0.304,0.143,0.412,0.234,0.361
"Estradiol 17-beta-dehydrogenase 1",0.027,0.442,0.234,0.162,0.475,0.313,0.019,0.28,0.172,0.212,0.122
"Histone deacetylase 8",0.337,0.214,0.495,0.444,0.255,0.296,0.143,0.098,0.173,0.185,0.289
"Prolyl endopeptidase",0.106,0.364,0.008,0.026,0.128,0.044,0.517,0.027,0.413,0.33,0.001
"Matrix metalloproteinase 9",0.091,0.466,0.339,0.004,0.117,0.019,0.072,0.055,0.174,0.286,0.026
"CD22",0.211,0.181,0.282,0.115,0.355,0.357,0.185,0.294,0.022,0.209,0.257
"Metabotropic glutamate receptor 5",0.483,0.453,0.131,0.052,0.117,0.083,0.009,0.317,0.36,0.187,0.314
"Sphingosine 1-phosphate receptor Edg-6",0.362,0.282,0.009,0.041,0.4,0.403,0.423,0.065,0.407,0.203,0.074
"Rho-associated protein kinase 1",0.332,0.134,0.028,0.302,0.465,0.279,0.226,0.48,0.151,0.434,0.442
"Tyrosine-protein kinase HCK",0.355,0.338,0.286,0.303,0.509,0.207,0.451,0.385,0.138,0.143,0.299
"Carbonic anhydrase XII",0.44,0.398,0.381,0.24,0.211,0.132,0.419,0.052,0.363,0.079,0.234
"Histone deacetylase 1",0.311,0.552,0.497,0.462,0.328,0.07,0.088,0.374,0.28,0.203,0.352
"Lysophosphatidic acid receptor Edg-7",0.079,0.157,0.219,0.087,0.354,0.333,0.035,0.088,0.072,0.246,0.346
"PI3-kinase p110-gamma subunit",0.065,0.316,0.253,0.547,0.198,0.129,0.052,0.161,0.169,0.208,0.018
"PI4-kinase beta subunit",0.354,0.35,0.085,0.367,0.341,0.413,0.367,0.074,0.182,0.178,0.228
"Cathepsin L2",0.515,0.091,0.253,0.194,0.454,0.483,0.389,0.151,0.413,0.475,0.381
"Urokinase-type plasminogen activator",0.365,0.278,0.059,0.341,0.241,0.11,0.364,0.476,0.236,0.222,0.013
"Testis-specific androgen-binding protein",0.541,0.371,0.314,0.179,0.25,0.207,0.405,0.475,0.082,0.171,0.064
"Caspase-6",0.142,0.111,0.032,0.406,0.352,0.298,0.306,0.247,0.024,0.459,0.049
"Cyclin-dependent kinase 4",0.451,0.362,0.452,0.174,0.118,0.091,0.028,0.121,0.279,0.47,0.035
"Histone deacetylase 11",0.078,0.052,0.083,0.167,0.071,0.248,0.09,0.052,0.301,0.415,0.023
"Sodium-dependent proline transporter",0.322,0.165,0.426,0.248,0.471,0.307,0.036,0.043,0.072,0.513,0.413
"Matrix metalloproteinase-1",0.091,0.153,0.193,0.354,0.041,0.172,0.45,0.397,0.05,0.06,0.087
"Matrix metalloproteinase-2",0.506,0.424,0.179,0.325,0.205,0.301,0.321,0.042,0.141,0.098,0.531
"Protein-tyrosine phosphatase 1B",0.127,0.33,0.339,0.019,0.397,0.09,0.019,0.076,0.194,0.302,0.024
"Acetyl-CoA carboxylase 1",0.355,0.183,0.545,0.315,0.193,0.227,0.048,0.301,0.441,0.546,0.485
"Serotonin 6 (5-HT6) receptor",0.051,0.336,0.403,0.375,0.513,0.364,0.052,0.278,0.223,0.227,0.444
"MAP kinase ERK1",0.141,0.483,0.419,0.175,0.342,0.111,0.505,0.382,0.393,0.432,0.276
"Cytochrome P450 2C9",0.08,0.215,0.369,0.458,0.135,0.06,0.214,0.322,0.086,0.214,0.437
"Probable G-protein coupled receptor 88",0.191,0.501,0.118,0.24,0.26,0.142,0.088,0.168,0.234,0.189,0.064
"Cytochrome P450 3A4",0.475,0.412,0.005,0.161,0.437,0.224,0.217,0.084,0.288,0.477,0.245
"Pregnane X receptor",0.012,0.24,0.076,0.139,0.397,0.23,0.381,0.454,0.137,0.061,0.246
"Carboxypeptidase B2 isoform A",0.047,0.449,0.037,0.506,0.488,0.38,0.266,0.135,0.428,0.103,0.089
"Serotonin 5a (5-HT5a) receptor",0.193,0.449,0.33,0.368,0.425,0.384,0.064,0.447,0.298,0.265,0.187
"Estrogen-related receptor alpha",0.014,0.021,0.434,0.345,0.116,0.018,0.112,0.435,0.062,0.098,0.503
"Amine oxidase, copper containing",0.018,0.302,0.091,0.048,0.26,0.423,0.296,0.355,0.161,0.128,0.369
"Protein kinase C zeta",0.555,0.058,0.382,0.251,0.279,0.16,0.216,0.307,0.174,0.113,0.034
"Melanin-concentrating hormone receptor 1",0.36,0.111,0.055,0.082,0.27,0.303,0.434,0.062,0.378,0.425,0.234
"Caspase-7",0.171,0.193,0.064,0.151,0.419,0.218,0.255,0.339,0.137,0.285,0.225
"C-C chemokine receptor type 3",0.46,0.52,0.329,0.46,0.246,0.355,0.06,0.007,0.096,0.174,0.17
"Phospholipase A2 group IIA",0.107,0.474,0.295,0.247,0.476,0.139,0.071,0.243,0.352,0.471,0.251
"Plasminogen activator inhibitor-1",0.385,0.449,0.154,0.304,0.185,0.077,0.395,0.302,0.325,0.376,0.1
"Inhibitor of nuclear factor kappa B kinase alpha subunit",0.088,0.491,0.252,0.271,0.079,0.207,0.282,0.017,0.298,0.024,0.431
"Proteasome Macropain subunit",0.099,0.303,0.099,0.122,0.121,0.084,0.288,0.063,0.061,0.185,0.154
"Carbonic anhydrase XIV",0.118,0.277,0.113,0.294,0.189,0.147,0.467,0.163,0.35,0.216,0.073
"LDL-associated phospholipase A2",0.085,0.095,0.072,0.463,0.277,0.241,0.192,0.409,0.402,0.064,0.147
"Cytochrome P450 17A1",0.501,0.458,0.26,0.475,0.355,0.225,0.157,0.235,0.206,0.496,0.215
"Histone deacetylase 4",0.406,0.068,0.204,0.371,0.201,0.297,0.524,0.297,0.474,0.493,0.083
"Inhibitor of nuclear factor kappa B kinase epsilon subunit",0.371,0.157,0.174,0.41,0.238,0.424,0.177,0.325,0.268,0.182,0.11
"Phosphodiesterase 9A",0.239,0.341,0.168,0.423,0.299,0.2,0.36,0.106,0.28,0.202,0.372
"Tyrosine-protein kinase TYK2",0.23,0.439,0.383,0.245,0.137,0.431,0.434,0.146,0.475,0.146,0.294
"Steryl-sulfatase",0.444,0.041,0.34,0.073,0.568,0.036,0.087,0.249,0.215,0.434,0.102
"Nitric-oxide synthase, brain",0.177,0.447,0.424,0.085,0.157,0.145,0.209,0.274,0.19,0.187,0.151
"Cholesteryl ester transfer protein",0.049,0.281,0.494,0.033,0.374,0.501,0.085,0.071,0.158,0.486,0.417
"Protein kinase C epsilon",0.283,0.453,0.335,0.244,0.313,0.272,0.021,0.062,0.303,0.042,0.022
"Dual specificity mitogen-activated protein kinase kinase 1",0.165,0.145,0.501,0.313,0.502,0.245,0.386,0.421,0.354,0.365,0.309
"Adenosine kinase",0.061,0.117,0.053,0.117,0.283,0.18,0.349,0.077,0.177,0.147,0.025
"Hormone sensitive lipase",0.204,0.143,0.41,0.33,0.114,0.064,0.022,0.212,0.315,0.126,0.083
"Carbonic anhydrase IX",0.072,0.289,0.234,0.224,0.076,0.05,0.175,0.153,0.117,0.442,0.54
"Protein kinase C eta",0.56,0.199,0.362,0.063,0.205,0.365,0.36,0.065,0.246,0.479,0.345
"Cytochrome P450 2C19",0.04,0.073,0.385,0.05,0.154,0.485,0.128,0.375,0.228,0.374,0.285
"Quinone reductase 1)",0.088,0.365,0.059,0.385,0.364,0.338,0.347,0.204,0.323,0.449,0.081
"Casein kinase II alpha",0.369,0.086,0.436,0.308,0.384,0.054,0.21,0.139,0.094,0.439,0.244
"Opioid growth factor receptor-like protein 1",0.282,0.313,0.016,0.171,0.388,0.337,0.099,0.289,0.155,0.307,0.035
"Kininogen-1",0.314,0.498,0.055,0.07,0.098,0.366,0.021,0.49,0.283,0.498,0.249
"Acetyl-coenzyme A transporter 1",0.15,0.111,0.149,0.258,0.152,0.157,0.132,0.122,0.302,0.073,0.144
"Fibroblast growth factor receptor 1",0.035,0.36,0.319,0.001,0.429,0.147,0.412,0.079,0.212,0.423,0.003
"PI4-kinase alpha subunit",0.258,0.025,0.248,0.183,0.034,0.283,0.247,0.301,0.026,0.431,0.167
"Arachidonate 12-lipoxygenase",0.159,0.116,0.127,0.116,0.446,0.361,0.148,0.206,0.053,0.13,0.423
"Autotaxin",0.18,0.139,0.142,0.206,0.484,0.1,0.252,0.051,0.084,0.077,0.199
"ADAM17",0.336,0.361,0.271,0.449,0.424,0.483,0.306,0.13,0.408,0.132,0.514
"Prostanoid EP3 receptor",0.267,0.442,0.17,0.334,0.073,0.05,0.334,0.081,0.059,0.065,0.413
"Hepatocyte growth factor receptor",0.229,0.063,0.106,0.163,0.173,0.507,0.092,0.4,0.409,0.218,0.057
"Carbonic anhydrase IV",0.082,0.347,0.039,0.453,0.255,0.389,0.3,0.406,0.024,0.285,0.468
"11-beta-hydroxysteroid dehydrogenase 2",0.303,0.351,0.42,0.202,0.339,0.309,0.468,0.331,0.359,0.43,0.354
"Histamine H4 receptor",0.26,0.179,0.386,0.207,0.058,0.219,0.087,0.48,0.401,0.438,0.012
"Beta-glucosidase",0.484,0.45,0.074,0.382,0.192,0.352,0.294,0.481,0.005,0.222,0.284
"Urotensin II receptor",0.351,0.021,0.05,0.453,0.465,0.029,0.322,0.285,0.505,0.43,0.038
"Metabotropic glutamate receptor 1",0.222,0.241,0.337,0.148,0.451,0.326,0.042,0.391,0.263,0.348,0.119
"Dual specificity phosphatase Cdc25A",0.139,0.168,0.319,0.431,0.095,0.269,0.151,0.409,0.323,0.217,0.306
"Caspase-8",0.425,0.366,0.093,0.469,0.302,0.134,0.207,0.406,0.098,0.348,0.093
"Interleukin-1 receptor-associated kinase 4",0.397,0.461,0.336,0.051,0.339,0.087,0.043,0.391,0.445,0.348,0.085
"Histone acetyltransferase p300",0.151,0.032,0.135,0.242,0.24,0.097,0.072,0.427,0.116,0.417,0.022
"Hydroxycarboxylic acid receptor 2",0.121,0.047,0.358,0.527,0.394,0.224,0.275,0.279,0.431,0.473,0.252
"Serine/threonine-protein kinase PLK4",0.119,0.205,0.289,0.01,0.054,0.065,0.432,0.055,0.134,0.19,0.017
"Melanocortin receptor 1",0.262,0.468,0.234,0.105,0.452,0.427,0.307,0.397,0.218,0.153,0.231
"Calcitonin gene-related peptide type 1 receptor",0.163,0.396,0.08,0.49,0.116,0.22,0.075,0.422,0.35,0.307,0.339
"T-cell protein-tyrosine phosphatase",0.258,0.405,0.017,0.399,0.388,0.053,0.432,0.098,0.406,0.295,0.017
"Cytosolic phospholipase A2",0.399,0.46,0.461,0.4,0.477,0.464,0.499,0.206,0.34,0.263,0.475
"Hexokinase type IV",0.235,0.404,0.324,0.315,0.465,0.085,0.331,0.028,0.231,0.385,0.321
"Serine/threonine-protein kinase NEK2",0.469,0.262,0.079,0.035,0.454,0.295,0.093,0.055,0.157,0.406,0.082
"LIM domain kinase 1",0.273,0.214,0.137,0.306,0.388,0.265,0.129,0.309,0.305,0.349,0.317
"Cathepsin L",0.185,0.374,0.481,0.378,0.062,0.345,0.076,0.194,0.438,0.093,0.204
"Protein kinase C mu",0.069,0.495,0.548,0.416,0.454,0.417,0.432,0.055,0.07,0.176,0.404
"Protein-tyrosine phosphatase 2C",0.488,0.193,0.163,0.27,0.19,0.389,0.214,0.289,0.143,0.389,0.346
"Matrix metalloproteinase 14",0.004,0.105,0.348,0.147,0.189,0.06,0.304,0.109,0.222,0.192,0.379
"Heat shock protein HSP 90-alpha",0.085,0.175,0.083,0.166,0.155,0.462,0.196,0.183,0.228,0.05,0.329
"Sodium/glucose cotransporter 2",0.221,0.367,0.27,0.419,0.176,0.375,0.28,0.475,0.142,0.485,0.479
"Calpain 1",0.089,0.347,0.052,0.047,0.468,0.073,0.212,0.297,0.15,0.097,0.151
"Sphingosine 1-phosphate receptor Edg-3",0.314,0.256,0.305,0.169,0.357,0.234,0.42,0.108,0.255,0.396,0.01
"Bone morphogenetic protein 1",0.491,0.384,0.191,0.016,0.063,0.21,0.186,0.147,0.118,0.177,0.085
"Glutathione S-transferase Pi",0.059,0.45,0.171,0.386,0.145,0.352,0.317,0.148,0.173,0.388,0.395
"Tyrosine-protein kinase Lyn",0.269,0.378,0.163,0.003,0.069,0.121,0.458,0.138,0.226,0.134,0.379
"Ribosomal protein S6 kinase alpha 2",0.388,0.394,0.084,0.208,0.332,0.152,0.261,0.03,0.066,0.068,0.224
"Carbonic anhydrase XIII",0.262,0.45,0.421,0.126,0.211,0.127,0.471,0.083,0.07,0.038,0.074
"Complement C1s",0.566,0.516,0.001,0.076,0.322,0.498,0.096,0.078,0.184,0.284,0.352
"Protein kinase C theta",0.055,0.288,0.499,0.435,0.265,0.23,0.475,0.291,0.145,0.12,0.253
"Heparanase",0.251,0.449,0.275,0.473,0.412,0.124,0.052,0.374,0.371,0.092,0.016
"Methionine aminopeptidase 2",0.329,0.418,0.094,0.363,0.387,0.35,0.086,0.048,0.269,0.311,0.443
"Serine/threonine-protein kinase Aurora-C",0.085,0.268,0.233,0.086,0.228,0.186,0.252,0.105,0.091,0.222,0.438
"Quinone reductase 2",0.432,0.116,0.526,0.272,0.453,0.233,0.189,0.151,0.058,0.261,0.254
"MAP kinase p38 beta",0.357,0.319,0.136,0.187,0.494,0.508,0.337,0.275,0.247,0.428,0.013
"Carbonic anhydrase VB",0.098,0.41,0.495,0.075,0.135,0.042,0.009,0.066,0.279,0.022,0.169
"GAR transformylase",0.396,0.068,0.16,0.367,0.49,0.15,0.471,0.296,0.442,0.243,0.337
"Proteinase-activated receptor 1",0.426,0.278,0.055,0.066,0.258,0.308,0.186,0.13,0.455,0.289,0.237
"Fructose-1,6-bisphosphatase",0.318,0.178,0.111,0.213,0.449,0.349,0.291,0.194,0.453,0.251,0.028
"Dipeptidyl peptidase II",0.172,0.235,0.205,0.313,0.146,0.514,0.282,0.211,0.144,0.321,0.153
"Peroxisome proliferator-activated receptor delta",0.248,0.495,0.145,0.044,0.063,0.302,0.347,0.105,0.372,0.147,0.361
"Serine/threonine-protein kinase 10",0.262,0.311,0.052,0.534,0.51,0.4,0.424,0.045,0.425,0.413,0.344
"Dual specificity protein kinase TTK",0.486,0.503,0.259,0.166,0.44,0.216,0.059,0.417,0.364,0.505,0.255
"Coagulation factor VII",0.212,0.342,0.244,0.482,0.469,0.332,0.305,0.387,0.466,0.23,0.298
"PI3-kinase p110-alpha subunit",0.019,0.112,0.381,0.291,0.117,0.372,0.38,0.062,0.375,0.026,0.476
"Tyrosine-protein kinase ABL2",0.018,0.053,0.343,0.378,0.036,0.459,0.02,0.315,0.1,0.583,0.317
"C-C chemokine receptor type 2",0.245,0.286,0.239,0.039,0.363,0.08,0.018,0.245,0.371,0.289,0.001
"Glutamate receptor ionotropic, AMPA 2",0.457,0.271,0.31,0.298,0.489,0.435,0.12,0.166,0.361,0.505,0.376
"Neuropeptide Y receptor type 2",0.123,0.102,0.184,0.037,0.439,0.088,0.07,0.364,0.127,0.054,0.099
"HMG-CoA reductase",0.185,0.486,0.132,0.095,0.314,0.235,0.422,0.144,0.037,0.118,0.263
"Signal transducer and activator of transcription 3",0.424,0.403,0.156,0.382,0.151,0.235,0.434,0.551,0.103,0.283,0.261
"Interleukin-8 receptor A",0.337,0.194,0.337,0.038,0.221,0.484,0.058,0.375,0.085,0.079,0.008
"Cyclin-dependent kinase 5",0.064,0.235,0.046,0.536,0.105,0.516,0.166,0.255,0.252,0.339,0.1
"MAP kinase ERK2",0.038,0.17,0.073,0.076,0.382,0.118,0.275,0.211,0.35,0.36,0.36
"Cystic fibrosis transmembrane conductance regulator",0.292,0.338,0.01,0.187,0.024,0.432,0.036,0.226,0.041,0.421,0.2
"Chymase",0.396,0.443,0.011,0.164,0.057,0.075,0.109,0.131,0.04,0.297,0.004
"Casein kinase II alpha (prime)",0.364,0.196,0.467,0.207,0.051,0.408,0.015,0.45,0.453,0.304,0.008
"Cathepsin B",0.152,0.165,0.448,0.296,0.266,0.126,0.025,0.075,0.335,0.074,0.162
"Matrix metalloproteinase 7",0.229,0.361,0.158,0.531,0.126,0.106,0.262,0.027,0.149,0.193,0.133
"Bombesin receptor subtype-3",0.186,0.33,0.471,0.382,0.341,0.185,0.034,0.473,0.187,0.358,0.073
"LXR-beta",0.107,0.416,0.163,0.019,0.445,0.325,0.141,0.221,0.104,0.082,0.467
"Neurotensin receptor 1",0.484,0.488,0.195,0.208,0.025,0.115,0.003,0.28,0.018,0.114,0.08
"Tyrosine-protein kinase TIE-2",0.124,0.318,0.146,0.426,0.235,0.265,0.026,0.471,0.485,0.466,0.428
"Fibroblast growth factor receptor 2",0.374,0.281,0.041,0.51,0.211,0.452,0.012,0.103,0.043,0.286,0.214
"Histone deacetylase 9",0.369,0.172,0.292,0.191,0.31,0.132,0.431,0.37,0.133,0.152,0.259
"Fatty acid synthase",0.127,0.128,0.45,0.33,0.231,0.487,0.173,0.331,0.452,0.241,0.272
"c-Jun N-terminal kinase 2",0.117,0.378,0.182,0.46,0.303,0.508,0.413,0.323,0.064,0.307,0.385
"Sodium channel protein type II alpha subunit",0.242,0.057,0.129,0.115,0.226,0.306,0.005,0.477,0.082,0.289,0.095
"Monoglyceride lipase",0.049,0.331,0.254,0.428,0.081,0.151,0.105,0.085,0.155,0.07,0.184
"Inhibitor of apoptosis protein 3",0.486,0.247,0.109,0.388,0.381,0.446,0.138,0.234,0.336,0.284,0.194
"Serine/threonine-protein kinase 2",0.443,0.508,0.029,0.45,0.27,0.476,0.078,0.048,0.271,0.061,0.232
"Dual specificity protein kinase CLK4",0.043,0.426,0.492,0.23,0.11,0.288,0.076,0.294,0.14,0.14,0.357
"MAP kinase signal-integrating kinase 2",0.353,0.11,0.289,0.385,0.035,0.151,0.033,0.18,0.076,0.392,0.223
"Proteasome component C5",0.249,0.065,0.484,0.081,0.337,0.025,0.088,0.196,0.265,0.501,0.277
"Tyrosine-protein kinase FRK",0.089,0.314,0.247,0.332,0.347,0.36,0.026,0.071,0.157,0.297,0.363
"Dual specificty protein kinase CLK1",0.499,0.059,0.087,0.149,0.077,0.528,0.47,0.337,0.278,0.341,0.371
"Dual specificity protein kinase CLK2",0.405,0.385,0.202,0.032,0.069,0.139,0.427,0.076,0.221,0.236,0.461
"Lipoxin A4 receptor",0.325,0.159,0.404,0.287,0.288,0.105,0.433,0.345,0.052,0.258,0.432
"Estradiol 17-beta-dehydrogenase 3",0.173,0.168,0.186,0.038,0.115,0.408,0.107,0.129,0.006,0.067,0.216
"11-beta-hydroxysteroid dehydrogenase 1",0.419,0.119,0.269,0.204,0.03,0.012,0.059,0.29,0.176,0.219,0.098
"Ribosomal protein S6 kinase alpha 5",0.215,0.145,0.189,0.264,0.147,0.093,0.161,0.402,0.482,0.182,0.331
"ALK tyrosine kinase receptor",0.169,0.361,0.174,0.049,0.263,0.071,0.429,0.263,0.096,0.231,0.413
"Hypoxia-inducible factor 1 alpha",0.09,0.382,0.117,0.413,0.495,0.109,0.41,0.286,0.229,0.344,0.266
"TGF-beta receptor type II",0.282,0.195,0.071,0.458,0.161,0.033,0.312,0.192,0.047,0.06,0.236
"Serine/threonine-protein kinase AKT",0.104,0.319,0.238,0.435,0.263,0.03,0.229,0.248,0.408,0.351,0.039
"Sodium channel protein type IX alpha subunit",0.077,0.318,0.348,0.346,0.389,0.342,0.057,0.412,0.162,0.291,0.306
"P-glycoprotein 1",0.052,0.09,0.014,0.304,0.317,0.051,0.093,0.111,0.409,0.345,0.105
"Heat shock protein HSP 90-beta",0.361,0.347,0.442,0.279,0.227,0.178,0.128,0.262,0.375,0.241,0.291
"Calcium-activated potassium channel subunit alpha-1",0.157,0.037,0.293,0.188,0.47,0.229,0.011,0.076,0.391,0.199,0.238
"Intermediate conductance calcium-activated potassium channel protein 4",0.283,0.467,0.43,0.026,0.092,0.344,0.015,0.021,0.059,0.343,0.319
"Voltage-gated potassium channel subunit Kv1.5",0.434,0.11,0.38,0.173,0.306,0.011,0.109,0.221,0.189,0.047,0.147
"Bradykinin B1 receptor",0.369,0.435,0.457,0.19,0.349,0.237,0.405,0.298,0.147,0.249,0.278
"Purinergic receptor P2Y1",0.319,0.414,0.129,0.412,0.181,0.269,0.304,0.247,0.163,0.176,0.082
"Sphingosine 1-phosphate receptor Edg-1",0.427,0.557,0.399,0.139,0.016,0.451,0.026,0.35,0.336,0.433,0.111
"Purine nucleoside phosphorylase",0.273,0.369,0.256,0.289,0.273,0.452,0.25,0.02,0.306,0.088,0.376
"Serine/threonine-protein kinase GAK",0.261,0.149,0.254,0.444,0.288,0.361,0.136,0.313,0.287,0.184,0.475
"Induced myeloid leukemia cell differentiation protein Mcl-1",0.29,0.175,0.453,0.237,0.36,0.286,0.394,0.348,0.313,0.388,0.282
"Dual-specificity tyrosine-phosphorylation regulated kinase 2",0.159,0.253,0.332,0.225,0.419,0.275,0.107,0.317,0.302,0.179,0.326
"Gastric inhibitory polypeptide receptor",0.24,0.37,0.366,0.506,0.077,0.072,0.076,0.351,0.403,0.276,0.088
"Matrix metalloproteinase 12",0.389,0.332,0.274,0.14,0.439,0.407,0.082,0.309,0.44,0.387,0.325
"Sphingosine kinase 1",0.363,0.316,0.142,0.266,0.53,0.277,0.049,0.126,0.184,0.09,0.017
"Phosphodiesterase 8B",0.101,0.192,0.394,0.38,0.421,0.272,0.362,0.271,0.413,0.179,0.33
"Phosphodiesterase 10A",0.338,0.161,0.333,0.014,0.184,0.202,0.226,0.246,0.254,0.346,0.493
"Free fatty acid receptor 1",0.358,0.387,0.098,0.442,0.173,0.05,0.034,0.203,0.235,0.137,0.003
"Prostanoid DP receptor",0.119,0.301,0.444,0.096,0.49,0.294,0.082,0.145,0.376,0.301,0.033
"Neurokinin 3 receptor",0.233,0.292,0.196,0.083,0.058,0.226,0.106,0.058,0.08,0.386,0.092
"TGF-beta receptor type I",0.439,0.292,0.182,0.252,0.43,0.53,0.275,0.292,0.256,0.41,0.109
"C-X-C chemokine receptor type 3",0.126,0.414,0.238,0.403,0.452,0.228,0.379,0.523,0.371,0.093,0.368
"Vitamin K-dependent protein C",0.461,0.096,0.162,0.271,0.536,0.23,0.298,0.257,0.09,0.467,0.53
"Tyrosine-protein kinase FGR",0.062,0.137,0.52,0.225,0.346,0.482,0.262,0.131,0.18,0.205,0.535
"NAD-dependent deacetylase sirtuin 3",0.349,0.491,0.085,0.088,0.431,0.394,0.312,0.415,0.445,0.449,0.476
"NAD-dependent deacetylase sirtuin 2",0.097,0.445,0.435,0.154,0.203,0.022,0.176,0.261,0.316,0.287,0.033
"Acyl coenzyme A:cholesterol acyltransferase 2",0.244,0.217,0.088,0.271,0.479,0.37,0.422,0.16,0.008,0.377,0.475
"Voltage-gated N-type calcium channel alpha-1B subunit",0.319,0.344,0.23,0.078,0.234,0.164,0.061,0.064,0.287,0.166,0.44
"Nitric oxide synthase, inducible",0.284,0.486,0.207,0.158,0.411,0.414,0.228,0.253,0.227,0.388,0.402
"Serine/threonine-protein kinase PAK 4",0.339,0.103,0.251,0.536,0.374,0.256,0.269,0.113,0.489,0.241,0.155
"Ribosomal protein S6 kinase 1",0.231,0.158,0.409,0.016,0.475,0.314,0.362,0.218,0.083,0.073,0.021
"NAD-dependent deacetylase sirtuin 1",0.09,0.073,0.324,0.194,0.363,0.277,0.416,0.417,0.124,0.337,0.182
"Glutaminyl-peptide cyclotransferase",0.359,0.364,0.204,0.319,0.124,0.049,0.073,0.246,0.4,0.379,0.002
"Serine/threonine-protein kinase PIM2",0.109,0.327,0.259,0.405,0.134,0.178,0.059,0.148,0.283,0.477,0.117
"TRAF2- and NCK-interacting kinase",0.007,0.178,0.331,0.426,0.131,0.38,0.262,0.263,0.18,0.06,0.221
"Coagulation factor XIII",0.499,0.428,0.017,0.271,0.168,0.311,0.191,0.458,0.159,0.458,0.112
"5-lipoxygenase activating protein",0.149,0.356,0.546,0.313,0.147,0.112,0.573,0.027,0.423,0.304,0.276
"Neuropeptide Y receptor type 5",0.282,0.444,0.198,0.084,0.42,0.363,0.36,0.419,0.296,0.131,0.255
"Kinesin-like protein 1",0.287,0.381,0.169,0.446,0.463,0.392,0.189,0.031,0.289,0.279,0.03
"Matrix metalloproteinase 8",0.258,0.509,0.097,0.307,0.475,0.505,0.242,0.159,0.343,0.087,0.454
"C-C chemokine receptor type 8",0.334,0.265,0.45,0.135,0.432,0.499,0.387,0.412,0.173,0.344,0.056
"Tyrosine kinase non-receptor protein 2",0.133,0.321,0.389,0.423,0.103,0.231,0.404,0.39,0.167,0.126,0.321
"Serine/threonine-protein kinase PAK 1",0.211,0.127,0.37,0.41,0.264,0.324,0.308,0.125,0.474,0.473,0.354
"Tyrosine-protein kinase BRK",0.201,0.382,0.43,0.277,0.156,0.394,0.301,0.355,0.177,0.427,0.08
"Melanocortin receptor 5",0.067,0.108,0.121,0.364,0.285,0.196,0.203,0.341,0.423,0.151,0.062
"Ghrelin receptor",0.513,0.512,0.313,0.502,0.237,0.115,0.12,0.437,0.311,0.283,0.048
"Phenylethanolamine N-methyltransferase",0.433,0.173,0.099,0.443,0.261,0.22,0.149,0.273,0.287,0.389,0.402
"Leukotriene A4 hydrolase",0.049,0.253,0.137,0.036,0.037,0.142,0.008,0.324,0.069,0.468,0.021
"Apoptosis regulator Bcl-X",0.043,0.435,0.422,0.016,0.25,0.26,0.488,0.067,0.409,0.351,0.333
"Serine/threonine-protein kinase Chk1",0.347,0.191,0.434,0.036,0.493,0.403,0.236,0.104,0.345,0.198,0.236
"Voltage-gated potassium channel subunit Kv1.3",0.537,0.463,0.121,0.306,0.189,0.21,0.227,0.073,0.202,0.176,0.085
"Voltage-gated T-type calcium channel alpha-1G subunit",0.463,0.403,0.365,0.226,0.44,0.35,0.496,0.214,0.47,0.46,0.431
"Melanocortin receptor 3",0.064,0.08,0.407,0.032,0.312,0.138,0.231,0.448,0.466,0.443,0.319
"Dipeptidyl peptidase VIII",0.32,0.059,0.225,0.329,0.206,0.033,0.376,0.068,0.233,0.397,0.024
"Lymphocyte differentiation antigen CD38",0.265,0.335,0.095,0.298,0.2,0.042,0.195,0.145,0.017,0.01,0.2
"Proteasome Macropain subunit MB1",0.082,0.306,0.277,0.494,0.359,0.062,0.445,0.353,0.106,0.341,0.091
"Apoptosis regulator Bcl-W",0.221,0.156,0.072,0.188,0.104,0.007,0.499,0.006,0.179,0.051,0.027
"Aldo-keto-reductase family 1 member C3",0.191,0.281,0.307,0.226,0.391,0.472,0.133,0.387,0.486,0.12,0.291
"Fibroblast activation protein alpha",0.376,0.246,0.346,0.079,0.264,0.427,0.135,0.28,0.175,0.402,0.066
"Indoleamine 2,3-dioxygenase",0.3,0.215,0.321,0.079,0.131,0.152,0.385,0.072,0.099,0.417,0.51
"Malonyl-CoA decarboxylase",0.207,0.414,0.242,0.334,0.236,0.405,0.478,0.017,0.151,0.243,0.131
"Isoprenylcysteine carboxyl methyltransferase",0.07,0.285,0.235,0.128,0.195,0.319,0.153,0.356,0.218,0.441,0.184
"Serine/threonine-protein kinase Aurora-A",0.315,0.164,0.514,0.093,0.269,0.397,0.359,0.238,0.32,0.271,0.424
"C3a anaphylatoxin chemotactic receptor",0.168,0.153,0.249,0.02,0.188,0.11,0.406,0.356,0.074,0.304,0.195
"Vesicular acetylcholine transporter",0.338,0.176,0.217,0.023,0.364,0.032,0.065,0.432,0.08,0.23,0.026
"Geranylgeranyl pyrophosphate synthetase",0.339,0.217,0.419,0.005,0.295,0.013,0.081,0.271,0.038,0.437,0.003
"Neuropeptide Y receptor type 1",0.188,0.449,0.352,0.224,0.352,0.311,0.16,0.035,0.091,0.417,0.241
"Carbonic anhydrase VA",0.492,0.443,0.202,0.397,0.444,0.053,0.56,0.43,0.243,0.162,0.033
"Endothelin-converting enzyme 1",0.444,0.457,0.419,0.311,0.272,0.339,0.399,0.122,0.38,0.447,0.211
"Orexin receptor 2",0.024,0.139,0.153,0.275,0.319,0.28,0.084,0.067,0.377,0.311,0.164
"Dipeptidyl peptidase IX",0.492,0.098,0.228,0.248,0.32,0.203,0.123,0.152,0.136,0.133,0.419
"Vanilloid receptor",0.194,0.312,0.085,0.409,0.486,0.056,0.026,0.199,0.371,0.531,0.158
"Caspase-1",0.419,0.069,0.293,0.3,0.297,0.108,0.172,0.06,0.096,0.233,0.152
"Nitric-oxide synthase, endothelial",0.18,0.052,0.245,0.333,0.398,0.217,0.285,0.222,0.141,0.209,0.3
"Dual specificity phosphatase Cdc25B",0.18,0.248,0.109,0.004,0.407,0.456,0.142,0,0.361,0.317,0.056
"P2X purinoceptor 7",0.448,0.439,0.078,0.026,0.473,0.072,0.145,0.094,0.196,0.071,0.355
"Serine/threonine-protein kinase AKT3",0.243,0.421,0.46,0.035,0.117,0.053,0.018,0.249,0.238,0.171,0.396
"Beta-secretase 1",0.328,0.283,0.097,0.073,0.246,0.401,0.03,0.112,0.509,0.187,0.276
"Acetyl-CoA carboxylase 2",0.399,0.196,0.475,0.456,0.438,0.399,0.304,0.191,0.457,0.186,0.46
"L-lactate dehydrogenase A chain",0.282,0.31,0.332,0.379,0.31,0.285,0.061,0.34,0.442,0.246,0.045
"C-X3-C chemokine receptor 1",0.441,0.441,0.194,0.26,0.486,0.168,0.494,0.378,0.208,0.301,0.233
"Eukaryotic translation initation factor",0.485,0.395,0.239,0.115,0.433,0.146,0.137,0.034,0.182,0.01,0.246
"Apoptosis regulator Bcl-2",0.133,0.314,0.421,0.085,0.057,0.382,0.022,0.112,0.042,0.32,0.273
"Cytochrome P450 1B1",0.283,0.103,0.123,0.448,0.142,0.287,0.348,0.074,0.177,0.209,0.403
"Tyrosine-protein kinase receptor UFO",0.013,0.22,0.374,0.386,0.4,0.149,0.006,0.217,0.174,0.265,0.304
"Neurotrophic tyrosine kinase receptor type 2",0.143,0.472,0.179,0.415,0.155,0.02,0.348,0.15,0.06,0.535,0.502
"Mitogen-activated protein kinase kinase kinase 8",0.133,0.094,0.436,0.147,0.245,0.264,0.017,0.534,0.227,0.48,0.366
"Low molecular weight phosphotyrosine protein phosphatase",0.148,0.033,0.325,0.048,0.087,0.2,0.009,0.039,0.276,0.026,0.087
"Casein kinase I epsilon",0.446,0.401,0.479,0.395,0.522,0.488,0.455,0.32,0.059,0.126,0.176
"L-lactate dehydrogenase B chain",0.202,0.39,0.43,0.515,0.444,0.324,0.164,0.221,0.275,0.199,0.179
"S-methyl-5-thioadenosine phosphorylase",0.397,0.235,0.171,0.184,0.33,0.306,0.222,0.489,0.032,0.237,0.109
"Proto-oncogene c-JUN",0.108,0.339,0.277,0.323,0.162,0.222,0.063,0.15,0.203,0.106,0.082
"Sodium/glucose cotransporter 1",0.057,0.058,0.221,0.021,0.542,0.33,0.031,0.221,0.368,0.293,0.079
"Transketolase",0.062,0.071,0.129,0.327,0.493,0.198,0.221,0.266,0.071,0.492,0.152
"Serine/threonine-protein kinase RIPK2",0.141,0.412,0.045,0.378,0.387,0.448,0.352,0.164,0.202,0.535,0.038
"p53-binding protein Mdm-2",0.164,0.185,0.371,0.376,0.483,0.24,0.266,0.19,0.278,0.231,0.207
"Serine-protein kinase ATR",0.251,0.4,0.373,0.049,0.045,0.431,0.02,0.524,0.15,0.172,0.407
"ADAM10",0.035,0.088,0.068,0.347,0.183,0.415,0.342,0.263,0.052,0.427,0.315
"Endoplasmic reticulum aminopeptidase 2",0.139,0.179,0.059,0.414,0.281,0.513,0.195,0.082,0.231,0.433,0.433
"G protein-coupled receptor 44",0.07,0.172,0.513,0.011,0.287,0.06,0.222,0.129,0.074,0.111,0.222
"Endothelial lipase",0.339,0.427,0.112,0.347,0.058,0.483,0.012,0.458,0.285,0.403,0.256
"Histone deacetylase 10",0.287,0.215,0.136,0.031,0.405,0.106,0.032,0.013,0.269,0.148,0.068
"GABA receptor alpha-5 subunit",0.389,0.324,0.098,0.368,0.285,0.023,0.273,0.089,0.131,0.138,0.186
"Orexin receptor 1",0.426,0.083,0.048,0.252,0.168,0.078,0.013,0.072,0.1,0.217,0.269
"Discoidin domain-containing receptor 2",0.026,0.107,0.08,0.102,0.313,0.111,0.014,0.04,0.21,0.095,0.115
"Metabotropic glutamate receptor 2",0.551,0.369,0.463,0.278,0.189,0.121,0.385,0.166,0.427,0.373,0.347
"Cytochrome P450 26A1",0.308,0.413,0.213,0.42,0.513,0.506,0.236,0.351,0.48,0.526,0.156
"Serine/threonine-protein kinase B-raf",0.392,0.364,0.417,0.343,0.194,0.118,0.357,0.108,0.381,0.131,0.184
"Ephrin type-B receptor 4",0.11,0.392,0.191,0.403,0.116,0.416,0.34,0.045,0.097,0.494,0.335
"Neuropilin-1",0.451,0.19,0.276,0.421,0.15,0.494,0.234,0.105,0.239,0.189,0.293
"dUTP pyrophosphatase",0.093,0.355,0.021,0.252,0.493,0.082,0.178,0.05,0.363,0.208,0.293
"Serine/threonine-protein kinase ILK-1",0.329,0.124,0.466,0.087,0.397,0.217,0.327,0.182,0.373,0.301,0.16
"Tyrosine-protein kinase BTK",0.314,0.025,0.431,0.308,0.377,0.388,0.218,0.127,0.359,0.127,0.513
"Serine/threonine-protein kinase TNNI3K",0.075,0.256,0.186,0.121,0.101,0.249,0.059,0.266,0.22,0.153,0.075
"Cytochrome P450 2A6",0.116,0.214,0.279,0.255,0.415,0.414,0.012,0.436,0.045,0.086,0.363
"Mitogen-activated protein kinase kinase kinase 5",0.351,0.214,0.257,0.39,0.029,0.343,0.241,0.375,0.12,0.101,0.268
"Tyrosine-protein kinase receptor TYRO3",0.269,0.395,0.192,0.066,0.508,0.514,0.214,0.072,0.186,0.146,0.291
"Epithelial discoidin domain-containing receptor 1",0.089,0.024,0.238,0.56,0.448,0.071,0.183,0.049,0.218,0.143,0.293
"Proto-oncogene tyrosine-protein kinase MER",0.211,0.179,0.466,0.007,0.243,0.348,0.202,0.168,0.154,0.171,0.01
"Baculoviral IAP repeat-containing protein 3",0.301,0.011,0.136,0.129,0.536,0.196,0.177,0.322,0.398,0.405,0.35
"Poly [ADP-ribose] polymerase 2",0.437,0.423,0.465,0.132,0.412,0.398,0.357,0.176,0.411,0.372,0.052
"P-selectin",0.336,0.296,0.132,0.035,0.041,0.088,0.398,0.027,0.003,0.156,0.251
"ATP-binding cassette sub-family G member 2",0.351,0.137,0.074,0.015,0.03,0.201,0.535,0.009,0.044,0.099,0.014
"Pituitary adenylate cyclase-activating polypeptide type I receptor",0.122,0.36,0.078,0.505,0.096,0.239,0.146,0.201,0.157,0.368,0.021
"Serine/threonine-protein kinase PIM3",0.419,0.375,0.184,0.092,0.276,0.245,0.359,0.174,0.374,0.088,0.211
"G-protein coupled bile acid receptor 1",0.016,0.139,0.461,0.08,0.249,0.213,0.397,0.166,0.21,0.032,0.001
"Metastin receptor",0.04,0.493,0.245,0.069,0,0.043,0,0.299,0.073,0.435,0
"Cell division cycle 7-related protein kinase",0.195,0.5,0.153,0.11,0.486,0.422,0.113,0.323,0.243,0.473,0.185
"Sodium channel protein type X alpha subunit",0.106,0.299,0.411,0.343,0.194,0.444,0.252,0.23,0.178,0.339,0.197
"Baculoviral IAP repeat-containing protein 2",0.271,0.373,0.467,0.4,0.133,0.416,0.223,0.445,0.31,0.462,0.523
"Receptor-interacting serine/threonine-protein kinase 1",0.21,0.501,0.145,0.173,0.148,0.006,0.102,0.078,0.423,0.359,0.242
"Protein tyrosine kinase 2 beta",0.141,0.198,0.341,0.024,0.463,0.172,0.044,0.206,0.442,0.207,0.276
"Perforin-1",0.367,0.5,0.295,0.457,0.14,0.19,0.147,0.182,0.492,0.436,0.006
"D-amino-acid oxidase",0.084,0.347,0.315,0.076,0.342,0.046,0.466,0.036,0.469,0.52,0.052
"Serine/threonine-protein kinase WEE1",0.325,0.078,0.04,0.107,0.349,0.365,0.17,0.015,0.469,0.044,0.043
"Histone acetyltransferase PCAF",0.471,0.394,0.309,0.041,0.091,0.267,0.09,0.375,0.323,0.264,0.075
"Secreted frizzled-related protein 1",0.436,0.502,0.386,0.034,0.203,0.459,0.064,0.238,0.32,0.323,0.041
"Transient receptor potential cation channel subfamily V member 3",0.375,0.289,0.309,0.335,0.115,0.276,0.007,0.043,0.008,0.307,0.366
"Protein-arginine N-methyltransferase 1",0.262,0.139,0.092,0.39,0.178,0.178,0.422,0.365,0.044,0.1,0.22
"Nuclear factor NF-kappa-B p65 subunit",0.371,0.405,0.403,0.254,0.296,0.277,0.089,0.482,0.253,0.337,0.247
"Dual specificity tyrosine-phosphorylation-regulated kinase 1B",0.368,0.506,0.222,0.291,0.38,0.13,0.232,0.475,0.489,0.299,0.469
"Acyl-CoA desaturase",0.382,0.143,0.117,0.098,0.085,0.041,0.022,0.49,0.024,0.369,0.121
"Proto-oncogene tyrosine-protein kinase ROS",0.257,0.049,0.446,0.384,0.14,0.079,0.075,0.289,0.287,0.491,0.308
"Lysyl-tRNA synthetase",0.48,0.058,0.151,0.134,0.092,0.036,0.01,0.512,0.012,0.398,0.032
"DNA-(apurinic or apyrimidinic site) lyase",0.354,0.183,0.146,0.259,0.059,0.434,0.379,0.339,0.112,0.289,0.372
"Glucose-dependent insulinotropic receptor",0.41,0.455,0.35,0.111,0.441,0.079,0.44,0.469,0.231,0.287,0.242
"Prostaglandin E synthase",0.218,0.241,0.18,0.225,0.444,0.265,0.244,0.094,0.516,0.243,0.277
"G protein-coupled receptor kinase 5",0.519,0.36,0.528,0.082,0.449,0.385,0.27,0.183,0.297,0.084,0.418
"Egl nine homolog 1",0.303,0.456,0.498,0.108,0.346,0.203,0.259,0.344,0.333,0.476,0.025
"Elongation of very long chain fatty acids protein 6",0.229,0.145,0.474,0.123,0.435,0.257,0.43,0.373,0.398,0.279,0.207
"Glucagon",0.277,0.112,0.3,0.032,0.385,0.089,0.123,0.239,0.369,0.359,0.382
"CREB-binding protein",0.101,0.37,0.089,0.46,0.268,0.108,0.355,0.362,0.532,0.157,0.406
"Mitogen-activated protein kinase kinase kinase 7",0.18,0.184,0.355,0.327,0.267,0.196,0.451,0.309,0.478,0.292,0.124
"Interferon-induced, double-stranded RNA-activated protein kinase",0.451,0.439,0.161,0.424,0.118,0.018,0.485,0.059,0.243,0.288,0.202
"Aldo-keto reductase family 1 member C2",0.299,0.027,0.389,0.419,0.312,0.259,0.394,0.404,0.257,0.461,0.5
"Trace amine-associated receptor 1",0.49,0.126,0.114,0.178,0.418,0.484,0.065,0.304,0.199,0.206,0.204
"Nuclear receptor ROR-alpha",0.335,0.161,0.46,0.098,0.493,0.041,0.227,0.245,0.294,0.048,0.056
"Heat shock factor protein 1",0.472,0.016,0.299,0.218,0.372,0.135,0.346,0.245,0.412,0.402,0.081
"Hematopoietic prostaglandin D synthase",0.425,0.41,0.02,0.288,0.241,0.272,0.171,0.142,0.434,0.196,0.23
"Aldo-keto reductase family 1 member C1",0.397,0.338,0.083,0.375,0.351,0.375,0.155,0.018,0.415,0.499,0.305
"Bifunctional protein NCOAT",0.515,0.318,0.106,0.088,0.109,0.145,0.024,0.12,0.116,0.322,0.052
"LIM domain kinase 2",0.271,0.145,0.1,0.394,0.13,0.325,0.151,0.107,0.131,0.272,0.167
"Serine/threonine-protein kinase PLK2",0.323,0.181,0.472,0.096,0.109,0.07,0.268,0.492,0.066,0.242,0.38
"Neuropeptide FF receptor 1",0.307,0.269,0.077,0.183,0.244,0.342,0.347,0.132,0.214,0.298,0.369
"Neuropeptide FF receptor 2",0.244,0.395,0.172,0.108,0.102,0.148,0.101,0.147,0.211,0.172,0.181
"IgG receptor FcRn large subunit p51",0.524,0.303,0.158,0.267,0.366,0.184,0.24,0.49,0.223,0.314,0.098
"Smoothened homolog",0.16,0.18,0.057,0.115,0.023,0.035,0.11,0.184,0.298,0.505,0.13
"Aldo-keto reductase family 1 member B10",0.404,0.389,0.109,0.398,0.178,0.15,0.32,0.319,0.074,0.472,0.338
"Serine/threonine-protein kinase 33",0.141,0.326,0.183,0.192,0.343,0.487,0.515,0.281,0.15,0.267,0.46
"Transient receptor potential cation channel subfamily A member 1",0.217,0.235,0.213,0.421,0.456,0.245,0.316,0.189,0.37,0.236,0.161
"Diacylglycerol O-acyltransferase 1",0.342,0.105,0.11,0.342,0.395,0.146,0.314,0.428,0.381,0.378,0.272
"Histone-lysine N-methyltransferase, H3 lysine-9 specific 3",0.523,0.227,0.054,0.491,0.172,0.184,0.355,0.227,0.338,0.456,0.335
"Lysine-specific histone demethylase 1",0.02,0.083,0.355,0.42,0.213,0.193,0.024,0.47,0.139,0.298,0.231
"Alpha-synuclein",0.095,0.069,0.474,0.136,0.413,0.015,0.446,0.203,0.111,0.221,0.138
"Tankyrase-2",0.237,0.294,0.103,0.097,0.239,0.103,0.188,0.233,0.285,0.456,0.412
"Tankyrase-1",0.27,0.254,0.324,0.175,0.126,0.264,0.134,0.556,0.352,0.291,0.088
"Mitogen-activated protein kinase kinase kinase kinase 4",0.468,0.07,0.15,0.4,0.281,0.217,0.422,0.105,0.462,0.046,0.251
"Lysine-specific demethylase 4C",0.055,0.032,0.035,0.013,0.017,0.252,0.374,0.105,0.202,0.273,0.342
