"","EGFR","Hypoxia","JAK.STAT","MAPK","NFkB","PI3K","TGFb","TNFa","Trail","VEGF","p53"
"Arginase-1",0.992407192460317,0.744097777777778,0.874757804232804,0.949104308390023,0.631154365079365,1,0.631154365079365,1,0.647763690476191,1,0.631154365079365
"Leucine-rich repeat serine/threonine-protein kinase 2",0.754537925170068,1,0.481670436507937,0.647763690476191,0.647763690476191,0.91166741622575,1,0.754537925170068,0.481670436507937,0.754537925170068,0.91166741622575
"Tyrosyl-DNA phosphodiesterase 1",1,1,1,1,1,1,1,1,1,1,1
"Transitional endoplasmic reticulum ATPase",1,1,1,1,1,1,1,1,1,1,1
"Glucokinase regulatory protein",1,1,1,1,1,1,1,1,1,1,1
"Pyruvate kinase isozymes M1/M2",1,1,1,1,1,1,1,1,1,1,1
"Transient receptor potential cation channel subfamily M member 8",1,1,1,1,1,1,1,0.996559523809524,1,0.531498412698413,1
"G-protein coupled receptor 55",1,1,1,1,1,1,1,1,1,1,1
"Endoplasmin",1,1,0.83711,0.83711,1,1,1,0.83711,0.83711,1,0.83711
"Serine/threonine-protein kinase/endoribonuclease IRE1",1,0.92181755952381,1,0.803891349206349,0.803891349206349,0.919049338624339,1,0.509352645502645,0.92181755952381,0.509352645502645,0.509352645502645
"NADPH oxidase 4",0.76956541005291,1,0.481670436507937,1,0.730810317460318,0.730810317460318,0.481670436507937,0.730810317460318,1,1,1
"Ketohexokinase",0.791207864357864,0.531498412698413,0.265749206349206,0.626408843537415,0.707557261904762,0.265749206349206,0.626408843537415,0.265749206349206,0.707557261904762,0.707557261904762,0.265749206349206
"Lethal(3)malignant brain tumor-like protein 1",1,1,1,1,1,1,1,1,1,1,1
"Microtubule-associated protein tau",0.631154365079365,0.752956084656085,0.232530555555556,1,1,1,1,1,1,1,1
"15-hydroxyprostaglandin dehydrogenase [NAD+]",0.420769576719577,1,1,1,1,1,0.420769576719577,1,1,1,0.420769576719577
"G-protein coupled receptor 35",1,1,1,1,0.747419642857143,0.747419642857143,0.132874603174603,1,1,1,0.382014484126984
"ATP-sensitive inward rectifier potassium channel 1",0.85893939909297,0.934274553571429,0.85893939909297,0.85893939909297,0.981795679012346,0.85893939909297,0.85893939909297,0.85893939909297,1,1,0.531498412698413
"Neuropeptides B/W receptor type 1",1,1,1,1,0.387550925925926,0.83046626984127,0,1,1,1,0.0498279761904762
"Nuclear receptor ROR-gamma",1,1,1,1,1,1,1,1,1,1,1
"DNA topoisomerase I",1,1,0.83046626984127,1,0.83046626984127,1,1,1,0.83046626984127,1,1
"Farnesyl diphosphate synthase",1,1,1,0.919049338624339,0.919049338624339,1,0.919049338624339,1,1,1,1
"Glucagon-like peptide 1 receptor",1,1,1,1,1,1,1,1,1,1,1
"Endothelin receptor ET-B",1,0.755724305555556,0.974413756613757,1,1,0.730810317460317,0.755724305555556,1,0.974413756613757,1,0.298967857142857
"Steroid 5-alpha-reductase 1",1,1,1,1,1,1,1,1,1,1,1
"Vasopressin V2 receptor",1,1,1,1,1,1,1,1,0.631154365079365,1,1
"Somatostatin receptor 5",1,1,1,1,1,1,1,1,1,1,1
"Histone-lysine N-methyltransferase, H3 lysine-79 specific",1,1,1,1,1,1,1,1,1,1,1
"Bromodomain-containing protein 3",1,1,1,1,1,1,1,1,1,1,1
"Cysteinyl leukotriene receptor 1",1,1,1,1,1,1,1,1,1,1,1
"Plasminogen",1,1,1,1,1,1,1,1,1,1,1
"Leukocyte adhesion glycoprotein LFA-1 alpha",0.348795833333333,1,1,1,0.282358531746032,0.282358531746032,1,0.348795833333333,1,1,0.544785873015873
"Somatostatin receptor 2",1,0.901649092970522,1,1,1,0.901649092970522,0.901649092970522,0.901649092970522,0.901649092970522,0.901649092970522,0.901649092970522
"Muscarinic acetylcholine receptor M4",1,1,1,0.930122222222222,1,1,1,1,1,1,1
"Inosine-5'-monophosphate dehydrogenase 1",0.680982341269841,1,1,0.680982341269841,1,1,0.717522857142857,0.717522857142857,1,0.717522857142857,1
"Receptor protein-tyrosine kinase erbB-2",1,0.87106684303351,0.514889087301587,1,0.656068353174603,0.415233134920635,0.656068353174603,0.415233134920635,0.415233134920635,0.478348571428571,0.415233134920635
"TNF-alpha",1,1,1,1,1,1,1,1,1,1,1
"Phosphodiesterase 5A",1,1,1,1,1,1,1,1,1,1,1
"Serotonin 2b (5-HT2b) receptor",1,0.870328650793651,1,0.755724305555556,0.880294246031746,0.382014484126984,0.6754458994709,1,1,1,0.382014484126984
"Thromboxane-A synthase",1,1,1,1,1,1,0.938426884920635,0.938426884920635,1,0.938426884920635,0.938426884920635
"Prostanoid EP4 receptor",0.310040740740741,0.651085555555556,1,1,1,0.310040740740741,1,0.61454503968254,0.166093253968254,1,1
"Dopamine D5 receptor",0.609008597883598,0.357100496031746,0.863684920634921,1,0.243603439153439,0.0996559523809524,0.232530555555556,1,0.609008597883598,1,0.863684920634921
"Somatostatin receptor 4",0.680982341269841,1,1,0.847075595238095,0.680982341269841,0.61454503968254,1,0.847075595238095,1,1,0.61454503968254
"Gonadotropin-releasing hormone receptor",1,1,1,1,1,1,1,1,1,1,1
"4-hydroxyphenylpyruvate dioxygenase",1,0.913512896825397,0.996559523809524,1,1,1,0.232530555555556,0.952267989417989,1,1,1
"Tyrosine-protein kinase ABL",1,1,1,1,1,0.697591666666667,1,1,1,1,1
"Vascular endothelial growth factor receptor 1",0.298967857142857,1,1,1,0.597935714285714,1,0.83711,0.952267989417989,0.597935714285714,0.298967857142857,1
"Tissue-type plasminogen activator",1,1,1,0.838770932539683,0.838770932539683,1,1,1,0.232530555555556,0.315577182539683,1
"Calcium sensing receptor",1,0.838770932539683,1,0.838770932539683,1,1,0.448451785714286,1,1,1,0.448451785714286
"Neuronal acetylcholine receptor protein alpha-4 subunit",1,0.265749206349206,1,0.0996559523809524,1,0.714200992063492,1,1,1,1,0.531498412698413
"Potassium channel, inwardly rectifying, subfamily J, member 11",1,1,1,1,1,1,0.730810317460317,1,1,1,1
"Vasopressin V1a receptor",0.901055902777778,1,1,0.358761428571429,0.232530555555556,0.609008597883598,0.232530555555556,1,0.358761428571429,0.868430442176871,0.358761428571429
"Glutamate carboxypeptidase II",1,1,0.531498412698413,0.498279761904762,0.906394614512472,1,0.498279761904762,0.775101851851852,0.775101851851852,1,0.597935714285714
"Serotonin 1b (5-HT1b) receptor",0.531498412698413,0.531498412698413,0.531498412698413,0.535650744047619,0.531498412698413,1,0.74926512345679,0.116265277777778,1,0.531498412698413,0.0996559523809524
"Serotonin 3a (5-HT3a) receptor",0.325542777777778,0.370150680272109,0.325542777777778,0.98548664021164,0.166093253968254,1,0.370150680272109,0.325542777777778,0.325542777777778,0.664373015873016,1
"Aldose reductase",1,1,1,1,1,1,1,1,1,1,1
"Glutamate [NMDA] receptor subunit epsilon 2",1,1,1,1,1,1,1,1,1,1,1
"Serine/threonine-protein kinase RAF",1,1,1,1,1,1,1,1,1,1,1
"Aminopeptidase N",0.963340873015873,1,1,1,1,1,1,1,1,0.963340873015873,1
"Cytochrome P450 11B1",1,1,1,0.332186507936508,1,1,0.647763690476191,1,1,1,1
"Butyrylcholinesterase",0.946731547619048,0.946731547619048,0.946731547619048,0.946731547619048,0.972400505050505,0.946731547619048,0.946731547619048,0.946731547619048,0.946731547619048,0.946731547619048,0.946731547619048
"Alpha-2c adrenergic receptor",1,0.697591666666667,1,0.647763690476191,1,1,1,1,1,1,0.647763690476191
"Melatonin receptor 1A",0.620081481481481,0.751571974206349,0.514889087301587,1,0.751571974206349,1,0.930122222222222,0.751571974206349,0.751571974206349,0.697591666666667,0.514889087301587
"Melatonin receptor 1B",0.953375277777778,0.953375277777778,0.953375277777778,0.953375277777778,0.953375277777778,0.83046626984127,0.953375277777778,0.953375277777778,0.953375277777778,0.984480014430015,0.83046626984127
"Thyroid hormone receptor beta-1",1,0.232530555555556,0.888598908730159,1,0.83046626984127,1,0.531498412698413,1,1,1,1
"Cyclophilin A",1,0.409696693121693,1,0.166093253968254,1,1,1,1,0.963340873015873,1,0.409696693121693
"Thymidylate synthase",1,1,1,1,1,1,1,1,1,1,1
"Vascular endothelial growth factor receptor 3",1,1,1,1,1,1,1,1,1,1,1
"Insulin-like growth factor I receptor",1,1,1,1,1,1,1,1,1,1,1
"Epoxide hydrolase 1",0.631154365079365,1,1,0.631154365079365,1,0.996559523809524,1,1,1,1,1
"Tyrosine-protein kinase receptor FLT3",0.896903571428571,0.509352645502645,0.664373015873016,1,0.664373015873016,0.509352645502645,1,0.896903571428571,0.664373015873016,1,0.0664373015873016
"Vitamin D receptor",1,1,1,1,1,1,1,1,1,1,1
"Cytochrome P450 19A1",1,1,1,1,1,1,1,1,1,1,1
"Insulin receptor",1,1,1,1,1,1,1,1,1,1,1
"Serotonin 1d (5-HT1d) receptor",1,1,1,0.298967857142857,0.737454047619048,1,0.166093253968254,1,0.298967857142857,1,0.166093253968254
"Inhibitor of nuclear factor kappa B kinase beta subunit",1,1,1,1,1,1,1,1,1,1,0.896903571428571
"Prostanoid IP receptor",1,1,1,1,1,1,1,1,1,1,0.896903571428571
"Equilibrative nucleoside transporter 1",1,1,1,1,1,1,1,1,1,1,1
"Purinergic receptor P2Y12",1,0.98548664021164,1,1,1,1,0.98548664021164,1,1,1,0.764028968253968
"Retinoic acid receptor gamma",1,1,1,1,1,1,1,1,1,1,1
"Platelet-derived growth factor receptor alpha",0.564717063492064,0.892158049886621,1,0.448451785714286,0.736346759259259,1,0.332186507936508,0.448451785714286,0.448451785714286,1,1
"Retinoic acid receptor beta",1,1,1,1,1,1,1,1,0.298967857142857,1,1
"Nociceptin receptor",1,0.684304206349206,0.348795833333333,0.727119356261023,0.727119356261023,0.348795833333333,0.820500674603175,0.727119356261023,0.348795833333333,0.727119356261023,0.348795833333333
"Dihydrofolate reductase",1,1,1,1,1,1,1,1,0.974413756613757,0.974413756613757,0.974413756613757
"Epidermal growth factor receptor erbB1",1,1,0.730810317460317,1,1,1,1,1,1,1,0.730810317460317
"Muscarinic acetylcholine receptor M5",0.620081481481481,1,0.620081481481481,1,1,1,0.620081481481481,1,1,1,1
"Peptidyl-prolyl cis-trans isomerase FKBP5",1,1,1,1,1,1,1,1,1,1,1
"Retinoic acid receptor alpha",0.719737433862434,0.719737433862434,1,0.714200992063492,1,0.415233134920635,0.415233134920635,0.415233134920635,0.719737433862434,0.415233134920635,0.42519873015873
"Estrogen receptor alpha",0.348795833333333,0.573021726190476,1,1,0.573021726190476,1,0.232530555555556,1,0.764028968253968,1,1
"Beta-2 adrenergic receptor",1,1,1,1,1,1,1,1,1,1,1
"Cyclin T1",1,1,0.537034854497355,0.298967857142857,1,0.537034854497355,0.481670436507937,0.481670436507937,1,1,0.481670436507937
"Muscarinic acetylcholine receptor M2",1,1,0.847075595238095,1,1,1,1,1,0.847075595238095,1,1
"Beta-1 adrenergic receptor",1,1,0,1,1,1,0.420769576719577,1,1,0.420769576719577,1
"Dopamine D2 receptor",0.770672698412698,1,0.963340873015873,1,1,0.770672698412698,1,1,0.770672698412698,0.770672698412698,0.770672698412698
"Beta-glucocerebrosidase",0.852612037037037,1,1,1,0.298967857142857,0.949104308390023,1,0.852612037037037,0.949104308390023,0.949104308390023,0.949104308390023
"Motilin receptor",0.901649092970522,0.901649092970522,0.901649092970522,0.182702579365079,0.901649092970522,0.182702579365079,1,1,0.188239021164021,1,1
"MAP kinase-activated protein kinase 2",0.993237658730159,0.963340873015873,0.963340873015873,0.963340873015873,0.963340873015873,0.963340873015873,0.963340873015873,0.963340873015873,1,0.963340873015873,0.963340873015873
"Cyclooxygenase-1",0.784790625,0.784790625,0.784790625,0.784790625,1,0.784790625,0.784790625,1,0.784790625,1,0.784790625
"Norepinephrine transporter",1,1,0.749792403628118,0.52319375,0.749792403628118,0.52319375,1,0.52319375,0.749792403628118,1,0.52319375
"Anandamide amidohydrolase",1,1,1,1,1,1,1,1,1,1,1
"Serotonin 2c (5-HT2c) receptor",1,0.55364417989418,1,1,1,0.55364417989418,0.656068353174603,0.55364417989418,1,1,1
"Dipeptidyl peptidase I",1,0.83046626984127,1,1,1,0.941195105820106,1,1,1,0.941195105820106,1
"Serotonin transporter",1,1,1,1,1,1,1,1,1,1,1
"Peroxisome proliferator-activated receptor alpha",1,1,1,1,1,1,1,1,1,1,1
"HERG",1,1,1,0.714200992063492,0.476133994708995,1,0.476133994708995,0.83711,1,0.476133994708995,1
"Epoxide hydratase",0.783011054421769,0.783011054421769,0.783011054421769,0.783011054421769,0.851227926587302,0.783011054421769,1,0.783011054421769,1,1,0.783011054421769
"Phosphodiesterase 3A",1,1,1,1,1,1,1,1,1,1,1
"C-C chemokine receptor type 1",1,0.487206878306878,0.83711,0.487206878306878,1,0.487206878306878,1,1,1,1,0.622849702380952
"C-C chemokine receptor type 4",1,1,0.974413756613757,0.974413756613757,0.757385238095238,0.257444543650794,0.243603439153439,0.974413756613757,0.232530555555556,0.974413756613757,0.232530555555556
"Estrogen receptor beta",1,0.930122222222222,1,0.930122222222222,1,1,1,0.930122222222222,0.930122222222222,1,0.930122222222222
"Glyoxalase I",0.743267311507936,0.743267311507936,0.743267311507936,0.730810317460318,0.531498412698413,0.531498412698413,0.955958950617284,0.382014484126984,1,1,0.332186507936508
"Myosin light chain kinase, smooth muscle",1,1,1,1,1,1,1,1,1,1,1
"Serine/threonine-protein kinase AKT2",1,1,1,1,1,1,1,1,1,1,1
"Interleukin-8 receptor B",1,0.719737433862434,0.719737433862434,0.719737433862434,0.719737433862434,0.719737433862434,0.719737433862434,0.719737433862434,0.719737433862434,0.719737433862434,1
"Myeloperoxidase",1,1,1,1,1,1,0.199311904761905,1,1,1,1
"Coagulation factor X",1,1,1,1,1,1,1,1,1,1,1
"Deoxycytidine kinase",1,1,1,1,1,1,1,1,1,1,1
"Muscarinic acetylcholine receptor M3",1,1,1,1,1,1,1,1,1,1,1
"Beta-3 adrenergic receptor",0.967031834215168,0.967031834215168,0.967031834215168,0.967031834215168,1,0.967031834215168,0.967031834215168,0.967031834215168,0.967031834215168,0.967031834215168,1
"Death-associated protein kinase 3",1,1,1,1,1,1,1,1,1,1,1
"Methionine aminopeptidase 1",1,0.979950198412698,0.987068480725623,0.863684920634921,1,0.987068480725623,0.863684920634921,0.987068480725623,0.863684920634921,1,1
"Leukocyte elastase",1,1,1,1,1,1,1,1,1,1,1
"Beta amyloid A4 protein",1,1,1,1,1,1,1,1,1,1,1
"Neurokinin 1 receptor",1,1,1,1,1,1,1,1,1,1,1
"Neuronal acetylcholine receptor protein alpha-7 subunit",0.907976455026455,1,1,1,0.907976455026455,0.907976455026455,0.907976455026455,1,0.907976455026455,1,0.907976455026455
"Adenosine A2a receptor",1,1,0.354332275132275,1,0.132874603174603,0.609008597883598,0.265749206349206,0.609008597883598,0.609008597883598,1,0.816229705215419
"Endothelin receptor ET-A",0.930122222222222,1,0.465061111111111,1,0.852612037037037,0.930122222222222,0.852612037037037,1,0.930122222222222,1,1
"Beta secretase 2",0.338830238095238,0.324804585537919,0.298967857142857,0.166093253968254,0.298967857142857,0.298967857142857,0.132874603174603,0.298967857142857,0.166093253968254,0.537538167388167,0.257444543650794
"Serine/threonine-protein kinase Chk2",0.902440013227513,1,1,0.902440013227513,0.902440013227513,1,0.902440013227513,1,0.982322959183673,0.902440013227513,0.902440013227513
"Cannabinoid CB2 receptor",1,1,1,1,1,1,1,1,1,1,1
"3-phosphoinositide dependent protein kinase-1",0.780638293650794,0.837848192239859,1,0.745046882086168,0.589631051587302,0.132874603174603,1,0.589631051587302,0.745046882086168,0.589631051587302,0.745046882086168
"Phospholipase D1",1,1,1,0.896903571428571,1,1,1,1,1,1,1
"Phosphodiesterase 4A",1,0.697591666666667,1,0.896903571428571,1,1,1,1,1,1,0.896903571428571
"Adenosine A2b receptor",0.423537797619048,0.616390520282187,0.423537797619048,1,0.574208106575964,0.448451785714286,0.423537797619048,1,0.423537797619048,0.61454503968254,0.448451785714286
"Carboxypeptidase B",1,0.810535079365079,1,0.0664373015873016,1,0.514889087301587,1,0.70866455026455,1,1,0.755724305555556
"Adenosine A3 receptor",1,0.967493204365079,1,0.697591666666667,0.697591666666667,0.520425529100529,0.967493204365079,0.520425529100529,0.967493204365079,0.98548664021164,0.520425529100529
"Histone deacetylase 5",1,0.73911498015873,0.609008597883598,1,1,0.903547301587302,0.609008597883598,1,1,1,0.609008597883598
"Liver glycogen phosphorylase",1,1,1,1,1,1,1,1,1,1,1
"Tyrosine-protein kinase LCK",1,1,0.609008597883598,0.677660476190476,0.944358786848073,0.609008597883598,1,0.813856944444444,0.622849702380952,1,0.609008597883598
"Cathepsin D",1,1,1,1,1,1,1,1,1,1,1
"Melanocortin receptor 4",1,1,1,1,1,1,1,1,1,1,1
"Peptide N-myristoyltransferase 1",1,1,1,1,1,1,1,1,1,1,1
"Tyrosine-protein kinase SYK",1,1,1,1,1,1,1,1,1,1,1
"MAP kinase p38 alpha",0.744097777777778,1,0.915885657596372,1,0.915885657596372,0.744097777777778,0.979950198412698,0.744097777777778,1,0.744097777777778,0.744097777777778
"Carbonic anhydrase I",1,1,1,1,1,1,1,1,1,1,1
"Furin",1,1,1,1,1,1,1,1,1,1,1
"Tryptase beta-1",1,0.631154365079365,1,1,1,0.631154365079365,1,0.631154365079365,0.631154365079365,1,1
"Glycogen synthase kinase-3 beta",0.43184246031746,1,1,1,1,1,1,1,1,1,1
"Dual specificity protein phosphatase 3",1,1,1,1,1,1,1,1,1,1,1
"c-Jun N-terminal kinase 3",1,1,1,1,1,1,1,1,1,1,1
"Histamine H3 receptor",1,0.913512896825397,1,0.913512896825397,1,1,1,1,1,1,1
"Phosphodiesterase 2A",1,0.640645408163265,0.640645408163265,0.640645408163265,0.640645408163265,1,0.905208234126984,0.640645408163265,0.640645408163265,1,0.265749206349206
"Adenosylhomocysteinase",1,1,1,1,1,1,1,1,1,1,1
"Tyrosine-protein kinase SRC",1,1,1,1,1,1,1,1,1,1,1
"Cathepsin K",1,1,1,1,1,1,1,1,1,1,1
"Macrophage-stimulating protein receptor",1,1,1,1,1,1,1,1,1,1,1
"Cystinyl aminopeptidase",0.919049338624339,0.919049338624339,1,0.896903571428571,1,1,1,1,1,1,0.963340873015873
"Focal adhesion kinase 1",1,1,1,1,1,1,1,1,1,1,1
"Mitogen-activated protein kinase kinase kinase 11",0.274053869047619,0.851605411255411,0.813856944444445,0.274053869047619,0.778265532879819,0.851605411255411,0.274053869047619,0.558073333333333,0.778265532879819,0.851605411255411,0.274053869047619
"Histone deacetylase 7",1,1,1,1,1,1,1,0.913512896825397,1,0.913512896825397,1
"Phosphodiesterase 11A",1,1,1,1,1,1,1,1,1,1,1
"Cytochrome P450 11B2",1,1,1,0.83046626984127,1,1,1,1,1,1,1
"Protein-glutamine gamma-glutamyltransferase",1,1,1,1,1,1,1,0.664373015873016,1,1,1
"Phospholipase D2",0.647763690476191,1,0.647763690476191,1,1,1,1,0.775101851851852,1,1,1
"Metabotropic glutamate receptor 4",1,1,1,1,1,1,1,1,1,1,1
"C-C chemokine receptor type 5",1,0.797247619047619,0.859532589285714,0.859532589285714,1,0.730810317460318,0.132874603174603,0.298967857142857,1,0.298967857142857,0.672677678571429
"Fibroblast growth factor receptor 3",1,1,1,1,1,1,1,1,1,1,1
"Phosphodiesterase 4B",1,1,1,1,1,1,0.61454503968254,1,1,1,0.61454503968254
"Ileal bile acid transporter",1,1,1,1,1,1,1,1,1,1,1
"Integrin alpha-4",1,1,1,1,1,1,1,1,1,1,1
"Sodium/hydrogen exchanger 1",1,1,1,1,1,1,1,1,1,1,0.963340873015873
"Acyl coenzyme A:cholesterol acyltransferase 1",1,0.476133994708995,0.298967857142857,1,1,1,0.504923492063492,0.298967857142857,0.504923492063492,1,1
"Estradiol 17-beta-dehydrogenase 2",1,0.259105476190476,0.972831916099773,1,1,1,0.259105476190476,0.259105476190476,0.259105476190476,0.259105476190476,0.902440013227513
"Vascular endothelial growth factor receptor 2",1,0.809704613095238,0.791711177248677,0.999881388888889,0.465061111111111,0.0332186507936508,0.809704613095238,0.791711177248677,0.182702579365079,0.791711177248677,0.896903571428571
"Matrix metalloproteinase 13",1,0.950053412698413,0.958595351473923,1,0.907976455026455,0.950053412698413,0.282358531746032,1,1,0.957804431216931,0.0664373015873016
"Tyrosine-protein kinase ZAP-70",1,1,1,1,0.930122222222222,1,0.930122222222222,1,1,1,1
"LXR-alpha",1,0.793095287698413,1,0.793095287698413,0.793095287698413,0.793095287698413,0.265749206349206,1,0.793095287698413,0.793095287698413,0.348795833333333
"Protein-glutamine gamma-glutamyltransferase K",1,1,1,1,1,1,1,1,1,1,1
"Nerve growth factor receptor Trk-A",0.797247619047619,1,1,1,1,1,0.797247619047619,1,0.797247619047619,1,0.797247619047619
"Coagulation factor XI",1,0.631154365079365,0.968086394557823,1,0.631154365079365,0.631154365079365,0.631154365079365,1,1,0.631154365079365,0.631154365079365
"Casein kinase I delta",1,1,1,1,1,1,1,1,1,1,1
"Matrix metalloproteinase 3",1,1,0.797247619047619,1,1,1,0.797247619047619,1,1,1,1
"Tyrosine-protein kinase JAK1",1,0.841539153439153,0.84944835600907,0.84944835600907,1,0.841539153439153,0.841539153439153,1,0.84944835600907,1,0.84944835600907
"Dipeptidyl peptidase IV",1,1,1,1,1,1,1,1,1,1,1
"Serine/threonine-protein kinase mTOR",0.343259391534392,1,0.343259391534392,1,0.310040740740741,1,1,0.310040740740741,0.343259391534392,0.310040740740741,1
"Glycogen synthase kinase-3 alpha",1,1,1,1,1,1,1,1,1,1,1
"Renin",0.90936056547619,1,1,1,0.574208106575964,0.574208106575964,0.574208106575964,0.574208106575964,0.574208106575964,0.574208106575964,0.574208106575964
"Sigma opioid receptor",1,1,1,1,1,1,1,1,1,1,1
"Mitogen-activated protein kinase kinase kinase 9",1,1,1,1,1,1,1,1,0.896903571428571,1,1
"Phosphodiesterase 4D",1,1,1,1,1,1,1,1,1,1,1
"Carbonic anhydrase III",1,1,1,1,1,1,1,1,1,1,1
"Hematopoietic cell protein-tyrosine phosphatase 70Z-PEP",1,0.916834761904762,0.823084347442681,0.823084347442681,0.21592123015873,0.166093253968254,0.823084347442681,0.704235396825397,0.240835218253968,0.823084347442681,0.240835218253968
"Phosphodiesterase 3B",1,1,1,1,1,1,1,1,1,1,1
"Arachidonate 15-lipoxygenase",1,0.548107738095238,1,1,0.83711,0.199311904761905,1,0.813856944444445,1,1,0.813856944444445
"Phosphodiesterase 4C",1,1,1,1,1,1,1,1,1,1,1
"Telomerase reverse transcriptase",1,0.98548664021164,1,0.98548664021164,0.98548664021164,0.98548664021164,0.98548664021164,0.98548664021164,0.98548664021164,0.98548664021164,0.98548664021164
"Protein kinase C gamma",0.838770932539683,1,0.838770932539683,1,0.882139726631393,0.838770932539683,0.348795833333333,0.838770932539683,0.0996559523809524,0.838770932539683,0.620081481481481
"Cathepsin S",1,1,1,0.946731547619048,1,1,0.946731547619048,1,1,1,1
"Sphingosine 1-phosphate receptor Edg-5",1,1,1,1,1,1,1,1,1,1,1
"Tyrosine-protein kinase ITK/TSK",1,0.631154365079365,1,0.631154365079365,1,1,1,1,1,1,0.631154365079365
"Dual specificity mitogen-activated protein kinase kinase 2",1,1,1,1,1,1,0.913512896825397,0.913512896825397,1,1,1
"Tyrosine-protein kinase JAK2",0.880294246031746,0.880294246031746,1,0.880294246031746,1,0.880294246031746,0.880294246031746,0.880294246031746,0.880294246031746,0.880294246031746,1
"Rho-associated protein kinase 2",0.996559523809524,0.933813183421517,0.933813183421517,0.933813183421517,0.933813183421517,0.933813183421517,0.933813183421517,0.933813183421517,1,0.933813183421517,0.933813183421517
"Cholecystokinin B receptor",0.448451785714286,1,1,1,0.448451785714286,1,1,1,1,1,1
"Protein kinase C alpha",1,1,0.597935714285714,0.166093253968254,1,1,1,1,1,1,1
"Protein kinase C delta",1,1,0.863684920634921,1,1,1,1,1,1,1,1
"P2X purinoceptor 3",1,1,1,1,1,1,1,1,1,1,1
"Multidrug resistance-associated protein 1",1,0.498279761904762,1,0.948577028218695,0.415233134920635,0.559971541950113,0.0332186507936508,0.61454503968254,0.282358531746032,0.498279761904762,0.415233134920635
"Receptor protein-tyrosine kinase erbB-4",0.936765952380952,1,1,1,0.936765952380952,1,1,0.936765952380952,0.936765952380952,0.43184246031746,1
"Cyclin-dependent kinase 2",1,1,1,1,1,1,0.298967857142857,1,1,1,1
"Phosphodiesterase 7A",0.697591666666667,1,1,1,1,1,1,1,1,1,1
"Matriptase",1,0.973306468253968,0.834618601190476,0.834618601190476,0.834618601190476,0.382014484126984,0.398623809523809,0.973306468253968,0,0.834618601190476,0.465061111111111
"Sphingosine kinase 2",1,1,1,1,1,1,1,1,1,1,1
"Serine/threonine-protein kinase PLK1",1,0.996559523809524,0.996559523809524,1,1,0.996559523809524,0.996559523809524,1,1,1,0.996559523809524
"Carbonic anhydrase VI",1,1,1,1,1,1,1,1,1,1,1
"Protein kinase C beta",0.82572074829932,1,0.82572074829932,0.82572074829932,0.82572074829932,1,1,1,0.82572074829932,0.82572074829932,0.82572074829932
"Cyclin-dependent kinase 7",1,1,1,1,1,1,1,1,1,1,1
"Glycine transporter 2",1,0.345473968253968,1,0.345473968253968,0.382014484126984,0.382014484126984,0.345473968253968,0.382014484126984,0.345473968253968,0.439224382716049,0.345473968253968
"Cyclin-dependent kinase 1",0.143947486772487,0.43184246031746,1,0.332186507936508,0.315577182539683,0.146162063492064,0.143947486772487,0.62118876984127,0.146162063492064,0.332186507936508,0.143947486772487
"Excitatory amino acid transporter 1",0.874757804232804,0.874757804232804,1,1,1,1,0.874757804232804,1,1,1,1
"Plasma retinol-binding protein",0.647763690476191,1,0.647763690476191,1,1,0.943409682539682,0.647763690476191,0.647763690476191,1,1,1
"Poly [ADP-ribose] polymerase-1",1,1,1,1,1,1,1,1,1,1,1
"Thymidine phosphorylase",1,1,1,1,1,1,0.930122222222222,1,1,1,1
"Cyclin-dependent kinase 9",1,0.15502037037037,0.348795833333333,0.116265277777778,1,0.116265277777778,0.551429603174603,1,1,1,1
"PI3-kinase p110-delta subunit",1,1,1,1,1,1,1,1,1,1,1
"DNA-dependent protein kinase",1,1,1,1,1,1,1,1,1,1,1
"PI3-kinase p110-beta subunit",0.946731547619048,1,1,0.946731547619048,0.946731547619048,1,0.946731547619048,1,0.946731547619048,1,0.946731547619048
"Serotonin 7 (5-HT7) receptor",1,1,1,1,1,1,1,1,1,1,1
"Bradykinin B2 receptor",1,0.604579444444444,0.604579444444444,0.903547301587302,0.903547301587302,0.903547301587302,0.597935714285714,0.597935714285714,0.903547301587302,0.604579444444444,0.903547301587302
"Protein-tyrosine phosphatase 1C",1,1,1,1,1,1,1,1,0.365405158730159,1,1
"Carboxylesterase 2",1,1,1,1,1,1,1,1,1,1,1
"Estradiol 17-beta-dehydrogenase 1",0.448451785714286,1,1,1,1,1,0.448451785714286,1,1,1,1
"Histone deacetylase 8",1,1,1,1,1,1,1,1,1,1,1
"Prolyl endopeptidase",0.586862830687831,1,0.132874603174603,0.224225892857143,0.607426757369614,0.292324126984127,1,0.224225892857143,1,1,0.0332186507936508
"Matrix metalloproteinase 9",0.503816203703704,1,1,0.132874603174603,0.555226020408163,0.287894973544974,0.478348571428571,0.456756448412698,0.722505654761905,1,0.287894973544974
"CD22",1,1,1,1,1,1,1,1,0.730810317460317,1,1
"Metabotropic glutamate receptor 5",1,1,0.870328650793651,0.863684920634921,0.870328650793651,0.870328650793651,0.298967857142857,1,1,1,1
"Sphingosine 1-phosphate receptor Edg-6",1,1,0.298967857142857,0.61454503968254,1,1,1,0.61454503968254,1,1,0.61454503968254
"Rho-associated protein kinase 1",1,1,0.930122222222222,1,1,1,1,1,1,1,1
"Tyrosine-protein kinase HCK",1,1,1,1,1,1,1,1,1,1,1
"Carbonic anhydrase XII",1,1,1,1,1,1,1,1,1,1,1
"Histone deacetylase 1",1,1,1,1,1,1,1,1,1,1,1
"Lysophosphatidic acid receptor Edg-7",0.584648253968254,0.869221362433862,1,0.584648253968254,1,1,0.584648253968254,0.584648253968254,0.584648253968254,1,1
"PI3-kinase p110-gamma subunit",0.719737433862434,1,0.933813183421517,1,0.863684920634921,0.863684920634921,0.719737433862434,0.863684920634921,0.863684920634921,0.863684920634921,0.597935714285714
"PI4-kinase beta subunit",1,1,1,1,1,1,1,1,1,1,1
"Cathepsin L2",1,1,1,1,1,1,1,1,1,1,1
"Urokinase-type plasminogen activator",1,1,0.979950198412698,1,1,1,1,1,1,1,0.43184246031746
"Testis-specific androgen-binding protein",1,1,1,1,1,1,1,1,1,1,1
"Caspase-6",0.943409682539682,0.92181755952381,0.531498412698413,1,1,1,1,1,0.531498412698413,1,0.542571296296296
"Cyclin-dependent kinase 4",1,1,1,0.963340873015873,0.803891349206349,0.803891349206349,0.581326388888889,0.803891349206349,1,1,0.581326388888889
"Histone deacetylase 11",0.42709693877551,0.42709693877551,0.42709693877551,0.69343933531746,0.42709693877551,0.915358377425044,0.42709693877551,0.42709693877551,0.999881388888889,1,0.42709693877551
"Sodium-dependent proline transporter",1,1,1,1,1,1,0.714200992063492,0.714200992063492,0.797247619047619,1,1
"Matrix metalloproteinase-1",0.604579444444444,0.801399950396825,0.801399950396825,1,0.604579444444444,0.801399950396825,1,1,0.604579444444444,0.604579444444444,0.604579444444444
"Matrix metalloproteinase-2",1,1,1,1,1,1,1,1,1,1,1
"Protein-tyrosine phosphatase 1B",0.703128108465608,1,1,0.265749206349206,1,0.597935714285714,0.265749206349206,0.597935714285714,0.920631179138322,1,0.265749206349206
"Acetyl-CoA carboxylase 1",1,1,1,1,1,1,1,1,1,1,1
"Serotonin 6 (5-HT6) receptor",0.863684920634921,1,1,1,1,1,0.863684920634921,1,1,1,1
"MAP kinase ERK1",1,1,1,1,1,1,1,1,1,1,1
"Cytochrome P450 2C9",0.952267989417989,1,1,1,1,0.952267989417989,1,1,0.952267989417989,1,1
"Probable G-protein coupled receptor 88",0.863684920634921,1,0.863684920634921,0.863684920634921,0.863684920634921,0.863684920634921,0.863684920634921,0.863684920634921,0.863684920634921,0.863684920634921,0.863684920634921
"Cytochrome P450 3A4",1,1,0.166093253968254,1,1,1,1,1,1,1,1
"Pregnane X receptor",0.39862380952381,1,0.841539153439153,0.923478492063492,1,1,1,1,0.923478492063492,0.841539153439153,1
"Carboxypeptidase B2 isoform A",0.780638293650794,1,0.780638293650794,1,1,1,1,0.896903571428572,1,0.855380257936508,0.855380257936508
"Serotonin 5a (5-HT5a) receptor",1,1,1,1,1,1,1,1,1,1,1
"Estrogen-related receptor alpha",0.232530555555556,0.232530555555556,1,1,0.550480498866213,0.232530555555556,0.550480498866213,1,0.514889087301587,0.550480498866213,1
"Amine oxidase, copper containing",0.597935714285714,1,1,0.797247619047619,1,1,1,1,1,1,1
"Protein kinase C zeta",1,0.963340873015873,1,1,1,1,1,1,1,1,0.963340873015873
"Melanin-concentrating hormone receptor 1",1,0.92181755952381,0.907976455026455,0.907976455026455,1,1,1,0.907976455026455,1,1,1
"Caspase-7",1,1,1,1,1,1,1,1,1,1,1
"C-C chemokine receptor type 3",1,1,1,1,1,1,0.996559523809524,0.232530555555556,1,1,1
"Phospholipase A2 group IIA",1,1,1,1,1,1,1,1,1,1,1
"Plasminogen activator inhibitor-1",1,1,1,1,1,1,1,1,1,1,1
"Inhibitor of nuclear factor kappa B kinase alpha subunit",0.730810317460317,1,1,1,0.730810317460317,1,1,0.39862380952381,1,0.39862380952381,1
"Proteasome Macropain subunit",0.578953628117914,0.915022835497835,0.578953628117914,0.578953628117914,0.578953628117914,0.578953628117914,0.915022835497835,0.578953628117914,0.578953628117914,0.682827821869489,0.639459027777778
"Carbonic anhydrase XIV",1,1,1,1,1,1,1,1,1,1,1
"LDL-associated phospholipase A2",0.788942956349206,0.788942956349206,0.788942956349206,1,1,1,1,1,1,0.788942956349206,0.976628333333333
"Cytochrome P450 17A1",1,1,1,1,1,1,1,1,1,1,1
"Histone deacetylase 4",1,1,1,1,1,1,1,1,1,1,1
"Inhibitor of nuclear factor kappa B kinase epsilon subunit",1,1,1,1,1,1,1,1,1,1,1
"Phosphodiesterase 9A",1,1,1,1,1,1,1,1,1,1,1
"Tyrosine-protein kinase TYK2",1,1,1,1,1,1,1,1,1,1,1
"Steryl-sulfatase",1,0.677660476190476,1,0.677660476190476,1,0.677660476190476,0.677660476190476,1,1,1,0.677660476190476
"Nitric-oxide synthase, brain",0.867837251984127,1,1,0.867837251984127,0.867837251984127,0.867837251984127,0.867837251984127,1,0.867837251984127,0.867837251984127,0.867837251984127
"Cholesteryl ester transfer protein",0.705896329365079,1,1,0.705896329365079,1,1,0.705896329365079,0.705896329365079,1,1,1
"Protein kinase C epsilon",1,1,1,1,1,1,0.365405158730159,0.514889087301587,1,0.465061111111111,0.365405158730159
"Dual specificity mitogen-activated protein kinase kinase 1",1,1,1,1,1,1,1,1,1,1,1
"Adenosine kinase",0.639459027777778,0.647763690476191,0.639459027777778,0.647763690476191,0.940087817460317,0.664373015873016,1,0.639459027777778,0.664373015873016,0.664373015873016,0.639459027777778
"Hormone sensitive lipase",0.880294246031746,0.791711177248677,1,1,0.791711177248677,0.791711177248677,0.730810317460317,0.880294246031746,1,0.791711177248677,0.791711177248677
"Carbonic anhydrase IX",0.841539153439153,1,0.971645535714286,0.971645535714286,0.841539153439153,0.841539153439153,0.968877314814815,0.968877314814815,0.968877314814815,1,1
"Protein kinase C eta",1,1,1,1,1,1,1,1,1,1,1
"Cytochrome P450 2C19",0.808320502645503,0.808320502645503,1,0.808320502645503,1,1,1,1,1,1,1
"Quinone reductase 1)",0.974413756613757,1,0.974413756613757,1,1,1,1,1,1,1,0.974413756613757
"Casein kinase II alpha",1,1,1,1,1,1,1,1,1,1,1
"Opioid growth factor receptor-like protein 1",1,1,0.531498412698413,1,1,1,1,1,1,1,0.581326388888889
"Kininogen-1",1,1,0.775101851851852,0.775101851851852,0.813856944444445,1,0.697591666666667,1,1,1,1
"Acetyl-coenzyme A transporter 1",0.579480908289242,0.579480908289242,0.579480908289242,0.857041190476191,0.579480908289242,0.579480908289242,0.579480908289242,0.579480908289242,0.912002958152958,0.579480908289242,0.579480908289242
"Fibroblast growth factor receptor 1",0.387550925925926,1,1,0.0332186507936508,1,0.976628333333333,1,0.656068353174603,1,1,0.0498279761904762
"PI4-kinase alpha subunit",0.999881388888889,0.376478042328042,0.999881388888889,0.999881388888889,0.376478042328042,0.999881388888889,0.999881388888889,0.999881388888889,0.376478042328042,1,0.999881388888889
"Arachidonate 12-lipoxygenase",0.754537925170068,0.754537925170068,0.754537925170068,0.754537925170068,1,1,0.754537925170068,0.855380257936508,0.754537925170068,0.754537925170068,1
"Autotaxin",0.760338007054674,0.760338007054674,0.760338007054674,0.760338007054674,1,0.760338007054674,0.83711,0.760338007054674,0.760338007054674,0.760338007054674,0.760338007054674
"ADAM17",1,1,1,1,1,1,1,1,1,1,1
"Prostanoid EP3 receptor",1,1,0.941195105820106,1,0.538142142857143,0.538142142857143,1,0.538142142857143,0.538142142857143,0.538142142857143,1
"Hepatocyte growth factor receptor",0.950883878968254,0.880294246031746,0.880294246031746,0.950883878968254,0.950883878968254,1,0.880294246031746,1,1,0.950883878968254,0.880294246031746
"Carbonic anhydrase IV",0.907976455026455,1,0.647763690476191,1,1,1,1,1,0.647763690476191,1,1
"11-beta-hydroxysteroid dehydrogenase 2",1,1,1,1,1,1,1,1,1,1,1
"Histamine H4 receptor",1,1,1,1,0.963340873015873,1,0.963340873015873,1,1,1,0.39862380952381
"Beta-glucosidase",1,1,1,1,1,1,1,1,0.166093253968254,1,1
"Urotensin II receptor",1,0.415233134920635,0.415233134920635,1,1,0.415233134920635,1,1,1,1,0.415233134920635
"Metabotropic glutamate receptor 1",1,1,1,1,1,1,1,1,1,1,1
"Dual specificity phosphatase Cdc25A",1,1,1,1,1,1,1,1,1,1,1
"Caspase-8",1,1,1,1,1,1,1,1,1,1,1
"Interleukin-1 receptor-associated kinase 4",1,1,1,0.722505654761905,1,0.722505654761905,0.722505654761905,1,1,1,0.722505654761905
"Histone acetyltransferase p300",0.716573752834467,0.531498412698413,0.716573752834467,0.893212610229277,0.893212610229277,0.716573752834467,0.716573752834467,1,0.716573752834467,1,0.531498412698413
"Hydroxycarboxylic acid receptor 2",1,1,1,1,1,1,1,1,1,1,1
"Serine/threonine-protein kinase PLK4",0.635899886621315,0.756647045855379,0.960019007936508,0.282358531746032,0.43184246031746,0.43184246031746,1,0.43184246031746,0.635899886621315,0.756647045855379,0.282358531746032
"Melanocortin receptor 1",1,1,1,1,1,1,1,1,1,1,1
"Calcitonin gene-related peptide type 1 receptor",1,1,1,1,1,1,1,1,1,1,1
"T-cell protein-tyrosine phosphatase",1,1,0.282358531746032,1,1,0.586862830687831,1,0.813856944444445,1,1,0.282358531746032
"Cytosolic phospholipase A2",1,1,1,1,1,1,1,1,1,1,1
"Hexokinase type IV",1,1,1,1,1,1,1,0.930122222222222,1,1,1
"Serine/threonine-protein kinase NEK2",1,1,0.617866904761905,0.617866904761905,1,1,0.617866904761905,0.617866904761905,0.869221362433862,1,0.617866904761905
"LIM domain kinase 1",1,1,1,1,1,1,1,1,1,1,1
"Cathepsin L",1,1,1,1,1,1,1,1,1,1,1
"Protein kinase C mu",0.775101851851852,1,1,1,1,1,1,0.775101851851852,0.775101851851852,1,1
"Protein-tyrosine phosphatase 2C",1,1,1,1,1,1,1,1,1,1,1
"Matrix metalloproteinase 14",0.132874603174603,0.905208234126984,1,0.911140136054422,0.911140136054422,0.905208234126984,1,0.905208234126984,0.92181755952381,0.911140136054422,1
"Heat shock protein HSP 90-alpha",0.813856944444445,0.813856944444445,0.813856944444445,0.813856944444445,0.813856944444445,1,0.813856944444445,0.813856944444445,0.841539153439153,0.813856944444445,1
"Sodium/glucose cotransporter 2",1,1,1,1,1,1,1,1,1,1,1
"Calpain 1",0.644441825396825,1,0.644441825396825,0.644441825396825,1,0.644441825396825,0.880294246031746,1,0.716573752834467,0.644441825396825,0.716573752834467
"Sphingosine 1-phosphate receptor Edg-3",1,1,1,1,1,1,1,1,1,1,0.332186507936508
"Bone morphogenetic protein 1",1,1,0.775101851851852,0.531498412698413,0.775101851851852,0.775101851851852,0.775101851851852,0.775101851851852,0.775101851851852,0.775101851851852,0.775101851851852
"Glutathione S-transferase Pi",1,1,1,1,1,1,1,1,1,1,1
"Tyrosine-protein kinase Lyn",1,1,0.902440013227513,0.0996559523809524,0.902440013227513,0.902440013227513,1,0.902440013227513,1,0.902440013227513,1
"Ribosomal protein S6 kinase alpha 2",1,1,0.697591666666667,1,1,1,1,0.697591666666667,0.697591666666667,0.697591666666667,1
"Carbonic anhydrase XIII",1,1,1,0.703128108465608,1,0.703128108465608,1,0.689287003968254,0.689287003968254,0.689287003968254,0.689287003968254
"Complement C1s",1,1,0.0332186507936508,0.797247619047619,1,1,0.797247619047619,0.797247619047619,1,1,1
"Protein kinase C theta",1,1,1,1,1,1,1,1,1,1,1
"Heparanase",1,1,1,1,1,1,0.863684920634921,1,1,1,0.531498412698413
"Methionine aminopeptidase 2",1,1,1,1,1,1,1,1,1,1,1
"Serine/threonine-protein kinase Aurora-C",0.871989583333333,0.890259841269841,0.890259841269841,0.871989583333333,0.890259841269841,0.890259841269841,0.890259841269841,0.871989583333333,0.871989583333333,0.890259841269841,1
"Quinone reductase 2",1,1,1,1,1,1,1,1,1,1,1
"MAP kinase p38 beta",1,1,1,1,1,1,1,1,1,1,0.43184246031746
"Carbonic anhydrase VB",0.542571296296296,1,1,0.498279761904762,0.640645408163265,0.465061111111111,0.298967857142857,0.498279761904762,1,0.365405158730159,0.701743998015873
"GAR transformylase",1,1,1,1,1,1,1,1,1,1,1
"Proteinase-activated receptor 1",1,1,1,1,1,1,1,1,1,1,1
"Fructose-1,6-bisphosphatase",1,1,1,1,1,1,1,1,1,1,0.930122222222222
"Dipeptidyl peptidase II",1,1,1,1,1,1,1,1,1,1,1
"Peroxisome proliferator-activated receptor delta",1,1,0.976628333333333,0.976628333333333,0.976628333333333,1,1,0.976628333333333,1,0.976628333333333,1
"Serine/threonine-protein kinase 10",1,1,0.863684920634921,1,1,1,1,0.863684920634921,1,1,1
"Dual specificity protein kinase TTK",1,1,1,1,1,1,1,1,1,1,1
"Coagulation factor VII",1,1,1,1,1,1,1,1,1,1,1
"PI3-kinase p110-alpha subunit",0.43184246031746,0.777316428571429,1,1,0.777316428571429,1,1,0.686518783068783,1,0.43184246031746,1
"Tyrosine-protein kinase ABL2",0.332186507936508,0.440147123015873,1,1,0.398623809523809,1,0.332186507936508,1,0.664373015873016,1,1
"C-C chemokine receptor type 2",1,1,1,0.43184246031746,1,0.664373015873016,0.298967857142857,1,1,1,0.0332186507936508
"Glutamate receptor ionotropic, AMPA 2",1,1,1,1,1,1,1,1,1,1,1
"Neuropeptide Y receptor type 2",0.527346081349206,0.527346081349206,0.679136860670194,0.527346081349206,1,0.527346081349206,0.527346081349206,1,0.527346081349206,0.527346081349206,0.527346081349206
"HMG-CoA reductase",1,1,0.956697142857143,0.956697142857143,1,1,1,0.956697142857143,0.956697142857143,0.956697142857143,1
"Signal transducer and activator of transcription 3",1,1,1,1,1,1,1,1,1,1,1
"Interleukin-8 receptor A",1,1,1,0.564717063492064,1,1,0.564717063492064,1,0.564717063492064,0.564717063492064,0.265749206349206
"Cyclin-dependent kinase 5",0.871989583333333,1,0.871989583333333,1,0.871989583333333,1,1,1,1,1,0.871989583333333
"MAP kinase ERK2",0.841539153439153,1,0.841539153439153,0.841539153439153,1,0.979950198412698,1,1,1,1,1
"Cystic fibrosis transmembrane conductance regulator",1,1,0.332186507936508,1,0.340491170634921,1,0.340491170634921,1,0.340491170634921,1,1
"Chymase",1,1,0.182702579365079,0.680982341269841,0.473365773809524,0.498279761904762,0.603472156084656,0.621663321995465,0.442915343915344,1,0.132874603174603
"Casein kinase II alpha (prime)",1,1,1,1,0.564717063492063,1,0.249139880952381,1,1,1,0.249139880952381
"Cathepsin B",0.783011054421769,0.783011054421769,1,1,1,0.783011054421769,0.783011054421769,0.783011054421769,1,0.783011054421769,0.783011054421769
"Matrix metalloproteinase 7",0.950883878968254,1,0.874757804232804,1,0.874757804232804,0.874757804232804,0.967031834215168,0.874757804232804,0.874757804232804,0.915885657596372,0.874757804232804
"Bombesin receptor subtype-3",1,1,1,1,1,1,1,1,1,1,1
"LXR-beta",0.888598908730159,1,0.902440013227513,0.631154365079365,1,1,0.902440013227513,1,0.888598908730159,0.888598908730159,1
"Neurotensin receptor 1",1,1,0.863684920634921,0.863684920634921,0.27682208994709,0.636690806878307,0.0996559523809524,1,0.27682208994709,0.636690806878307,0.636690806878307
"Tyrosine-protein kinase TIE-2",1,1,1,1,1,1,0.863684920634921,1,1,1,1
"Fibroblast growth factor receptor 2",1,1,0.476133994708995,1,1,1,0.39862380952381,0.855380257936508,0.476133994708995,1,1
"Histone deacetylase 9",1,1,1,1,1,1,1,1,1,1,1
"Fatty acid synthase",1,1,1,1,1,1,1,1,1,1,1
"c-Jun N-terminal kinase 2",1,1,1,1,1,1,1,1,1,1,1
"Sodium channel protein type II alpha subunit",1,0.714200992063492,0.714200992063492,0.714200992063492,1,1,0.166093253968254,1,0.714200992063492,1,0.714200992063492
"Monoglyceride lipase",0.697591666666667,1,0.937504144620811,1,0.697591666666667,0.735555839002268,0.697591666666667,0.697591666666667,0.735555839002268,0.697591666666667,0.764028968253968
"Inhibitor of apoptosis protein 3",1,1,1,1,1,1,1,1,1,1,1
"Serine/threonine-protein kinase 2",1,1,0.647763690476191,1,1,1,0.647763690476191,0.647763690476191,1,0.647763690476191,1
"Dual specificity protein kinase CLK4",0.930122222222222,1,1,1,0.930122222222222,1,0.930122222222222,1,0.930122222222222,0.930122222222222,1
"MAP kinase signal-integrating kinase 2",1,0.913512896825397,1,1,0.581326388888889,0.996559523809524,0.581326388888889,0.996559523809524,0.841539153439153,1,1
"Proteasome component C5",1,0.730810317460317,1,0.730810317460317,1,0.730810317460317,0.730810317460317,1,1,1,1
"Tyrosine-protein kinase FRK",0.98548664021164,1,1,1,1,1,0.863684920634921,0.98548664021164,1,1,1
"Dual specificty protein kinase CLK1",1,0.963340873015873,0.963340873015873,1,0.963340873015873,1,1,1,1,1,1
"Dual specificity protein kinase CLK2",1,1,1,0.841539153439153,0.841539153439153,1,1,0.841539153439153,1,1,1
"Lipoxin A4 receptor",1,1,1,1,1,1,1,1,1,1,1
"Estradiol 17-beta-dehydrogenase 3",0.686518783068783,0.686518783068783,0.686518783068783,0.631154365079365,0.686518783068783,1,0.686518783068783,0.686518783068783,0.199311904761905,0.686518783068783,0.717522857142857
"11-beta-hydroxysteroid dehydrogenase 1",1,0.790603888888889,0.963340873015873,0.90936056547619,0.498279761904762,0.39862380952381,0.653300132275132,0.963340873015873,0.90936056547619,0.90936056547619,0.790603888888889
"Ribosomal protein S6 kinase alpha 5",1,1,1,1,1,1,1,1,1,1,1
"ALK tyrosine kinase receptor",1,1,1,1,1,1,1,1,1,1,1
"Hypoxia-inducible factor 1 alpha",1,1,1,1,1,1,1,1,1,1,1
"TGF-beta receptor type II",1,0.925376700680272,0.589631051587302,1,0.925376700680272,0.589631051587302,1,0.925376700680272,0.589631051587302,0.589631051587302,0.979950198412698
"Serine/threonine-protein kinase AKT",1,1,1,1,1,0.647763690476191,1,1,1,1,0.647763690476191
"Sodium channel protein type IX alpha subunit",1,1,1,1,1,1,1,1,1,1,1
"P-glycoprotein 1",0.526752891156463,0.526752891156463,0.465061111111111,1,1,0.526752891156463,0.526752891156463,0.526752891156463,1,1,0.526752891156463
"Heat shock protein HSP 90-beta",1,1,1,1,1,1,1,1,1,1,1
"Calcium-activated potassium channel subunit alpha-1",0.988254861111111,0.61454503968254,1,0.988254861111111,1,0.988254861111111,0.365405158730159,0.841539153439153,1,0.988254861111111,0.988254861111111
"Intermediate conductance calcium-activated potassium channel protein 4",1,1,1,0.287894973544974,0.611223174603175,1,0.287894973544974,0.287894973544974,0.489975099206349,1,1
"Voltage-gated potassium channel subunit Kv1.5",1,0.896903571428571,1,0.896903571428571,1,0.365405158730159,0.896903571428571,0.917665228174603,0.896903571428571,0.780638293650794,0.896903571428571
"Bradykinin B1 receptor",1,1,1,1,1,1,1,1,1,1,1
"Purinergic receptor P2Y1",1,1,1,1,1,1,1,1,1,1,1
"Sphingosine 1-phosphate receptor Edg-1",1,1,1,1,0.43184246031746,1,0.43184246031746,1,1,1,1
"Purine nucleoside phosphorylase",1,1,1,1,1,1,1,0.664373015873016,1,1,1
"Serine/threonine-protein kinase GAK",1,1,1,1,1,1,1,1,1,1,1
"Induced myeloid leukemia cell differentiation protein Mcl-1",1,1,1,1,1,1,1,1,1,1,1
"Dual-specificity tyrosine-phosphorylation regulated kinase 2",1,1,1,1,1,1,1,1,1,1,1
"Gastric inhibitory polypeptide receptor",1,1,1,1,0.730810317460317,0.730810317460317,0.730810317460317,1,1,1,0.730810317460317
"Matrix metalloproteinase 12",1,1,1,1,1,1,1,1,1,1,1
"Sphingosine kinase 1",1,1,0.943409682539682,1,1,1,0.813856944444445,0.943409682539682,1,0.943409682539682,0.564717063492064
"Phosphodiesterase 8B",1,1,1,1,1,1,1,1,1,1,1
"Phosphodiesterase 10A",1,1,1,0.465061111111111,1,1,1,1,1,1,1
"Free fatty acid receptor 1",1,1,0.813856944444445,1,0.957804431216931,0.55364417989418,0.55364417989418,0.963340873015873,0.975797867063492,0.910191031746032,0.0996559523809524
"Prostanoid DP receptor",0.963340873015873,1,1,0.963340873015873,1,1,0.963340873015873,0.963340873015873,1,1,0.963340873015873
"Neurokinin 3 receptor",0.859993959435626,0.969984603174603,0.859993959435626,0.586862830687831,0.586862830687831,0.859993959435626,0.586862830687831,0.586862830687831,0.586862830687831,1,0.586862830687831
"TGF-beta receptor type I",1,1,1,1,1,1,1,1,1,1,1
"C-X-C chemokine receptor type 3",1,1,1,1,1,1,1,1,1,1,1
"Vitamin K-dependent protein C",1,1,1,1,1,1,1,1,1,1,1
"Tyrosine-protein kinase FGR",1,1,1,1,1,1,1,1,1,1,1
"NAD-dependent deacetylase sirtuin 3",1,1,1,1,1,1,1,1,1,1,1
"NAD-dependent deacetylase sirtuin 2",1,1,1,1,1,0.548107738095238,1,1,1,1,0.548107738095238
"Acyl coenzyme A:cholesterol acyltransferase 2",1,1,1,1,1,1,1,1,0.265749206349206,1,1
"Voltage-gated N-type calcium channel alpha-1B subunit",1,1,1,0.863684920634921,1,1,0.863684920634921,0.863684920634921,1,1,1
"Nitric oxide synthase, inducible",1,1,1,1,1,1,1,1,1,1,1
"Serine/threonine-protein kinase PAK 4",1,1,1,1,1,1,1,1,1,1,1
"Ribosomal protein S6 kinase 1",1,1,1,0.348795833333333,1,1,1,1,0.689287003968254,0.689287003968254,0.348795833333333
"NAD-dependent deacetylase sirtuin 1",1,1,1,1,1,1,1,1,1,1,1
"Glutaminyl-peptide cyclotransferase",1,1,1,1,1,0.808320502645503,0.808320502645503,1,1,1,0.0664373015873016
"Serine/threonine-protein kinase PIM2",0.983272063492064,1,1,1,0.983272063492064,0.98548664021164,0.983272063492064,0.983272063492064,1,1,0.983272063492064
"TRAF2- and NCK-interacting kinase",0.232530555555556,1,1,1,1,1,1,1,1,0.996559523809524,1
"Coagulation factor XIII",1,1,0.564717063492064,1,1,1,1,1,1,1,1
"5-lipoxygenase activating protein",1,1,1,1,1,1,1,0.896903571428571,1,1,1
"Neuropeptide Y receptor type 5",1,1,1,1,1,1,1,1,1,1,1
"Kinesin-like protein 1",1,1,1,1,1,1,1,0.514889087301587,1,1,0.514889087301587
"Matrix metalloproteinase 8",1,1,1,1,1,1,1,1,1,1,1
"C-C chemokine receptor type 8",1,1,1,1,1,1,1,1,1,1,1
"Tyrosine kinase non-receptor protein 2",1,1,1,1,1,1,1,1,1,1,1
"Serine/threonine-protein kinase PAK 1",1,1,1,1,1,1,1,1,1,1,1
"Tyrosine-protein kinase BRK",1,1,1,1,1,1,1,1,1,1,1
"Melanocortin receptor 5",0.963340873015873,0.963340873015873,0.963340873015873,1,1,0.963340873015873,0.963340873015873,1,1,0.963340873015873,0.963340873015873
"Ghrelin receptor",1,1,1,1,1,1,1,1,1,1,1
"Phenylethanolamine N-methyltransferase",1,1,1,1,1,1,1,1,1,1,1
"Leukotriene A4 hydrolase",0.325542777777778,0.933813183421517,0.589631051587302,0.30727251984127,0.30727251984127,0.589631051587302,0.265749206349206,1,0.382014484126984,1,0.30727251984127
"Apoptosis regulator Bcl-X",0.714200992063492,1,1,0.531498412698413,1,1,1,0.741883201058201,1,1,1
"Serine/threonine-protein kinase Chk1",1,1,1,1,1,1,1,1,1,1,1
"Voltage-gated potassium channel subunit Kv1.3",1,1,0.942579216269841,1,0.942579216269841,0.942579216269841,0.942579216269841,0.942579216269841,0.942579216269841,0.942579216269841,0.942579216269841
"Voltage-gated T-type calcium channel alpha-1G subunit",1,1,1,1,1,1,1,1,1,1,1
"Melanocortin receptor 3",0.885830687830688,0.885830687830688,1,0.885830687830688,1,1,1,1,1,1,1
"Dipeptidyl peptidase VIII",1,0.564717063492064,1,1,1,0.548107738095238,1,0.564717063492064,1,1,0.548107738095238
"Lymphocyte differentiation antigen CD38",0.978104717813051,1,0.788942956349206,0.989915793650794,0.83046626984127,0.465061111111111,0.83046626984127,0.83046626984127,0.282358531746032,0.282358531746032,0.83046626984127
"Proteasome Macropain subunit MB1",0.880294246031746,1,1,1,1,0.880294246031746,1,1,0.880294246031746,1,0.880294246031746
"Apoptosis regulator Bcl-W",0.734132182539683,0.693900705467372,0.478348571428571,0.693900705467372,0.575789947089947,0.116265277777778,1,0.116265277777778,0.693900705467372,0.423537797619048,0.298967857142857
"Aldo-keto-reductase family 1 member C3",1,1,1,1,1,1,1,1,1,1,1
"Fibroblast activation protein alpha",1,1,1,1,1,1,1,1,1,1,1
"Indoleamine 2,3-dioxygenase",1,1,1,1,1,1,1,1,1,1,1
"Malonyl-CoA decarboxylase",1,1,1,1,1,1,1,0.564717063492064,1,1,1
"Isoprenylcysteine carboxyl methyltransferase",1,1,1,1,1,1,1,1,1,1,1
"Serine/threonine-protein kinase Aurora-A",1,1,1,1,1,1,1,1,1,1,1
"C3a anaphylatoxin chemotactic receptor",0.925376700680272,0.925376700680272,1,0.664373015873016,0.925376700680272,0.925376700680272,1,1,0.925376700680272,1,0.925376700680272
"Vesicular acetylcholine transporter",1,0.95503621031746,0.95503621031746,0.354332275132275,1,0.354332275132275,0.531498412698413,1,0.531498412698413,0.95503621031746,0.354332275132275
"Geranylgeranyl pyrophosphate synthetase",1,1,1,0.083046626984127,1,0.143947486772487,0.538142142857143,1,0.315577182539683,1,0.083046626984127
"Neuropeptide Y receptor type 1",1,1,1,1,1,1,1,1,1,1,1
"Carbonic anhydrase VA",1,1,1,1,1,0.880294246031746,1,1,1,1,0.880294246031746
"Endothelin-converting enzyme 1",1,1,1,1,1,1,1,1,1,1,1
"Orexin receptor 2",0.797247619047619,0.907976455026455,0.907976455026455,1,1,1,0.907976455026455,0.907976455026455,1,1,0.907976455026455
"Dipeptidyl peptidase IX",1,1,1,1,1,1,1,1,1,1,1
"Vanilloid receptor",1,1,0.941195105820106,1,1,0.930122222222222,0.863684920634921,1,1,1,1
"Caspase-1",1,0.896903571428571,0.996559523809524,0.996559523809524,0.996559523809524,0.896903571428571,0.952267989417989,0.896903571428571,0.896903571428571,0.996559523809524,0.952267989417989
"Nitric-oxide synthase, endothelial",1,1,1,1,1,1,1,1,1,1,1
"Dual specificity phosphatase Cdc25B",0.996559523809524,1,0.905208234126984,0.0664373015873016,1,1,0.943409682539682,0,1,1,0.620081481481481
"P2X purinoceptor 7",1,1,0.624510634920635,0.624510634920635,1,0.624510634920635,0.802784060846561,0.624510634920635,0.930122222222222,0.624510634920635,1
"Serine/threonine-protein kinase AKT3",1,1,1,0.581326388888889,0.971645535714286,0.586862830687831,0.581326388888889,1,1,1,1
"Beta-secretase 1",1,1,0.930122222222222,0.930122222222222,1,1,0.930122222222222,0.930122222222222,1,1,1
"Acetyl-CoA carboxylase 2",1,1,1,1,1,1,1,1,1,1,1
"L-lactate dehydrogenase A chain",1,1,1,1,1,1,1,1,1,1,1
"C-X3-C chemokine receptor 1",1,1,1,1,1,1,1,1,1,1,1
"Eukaryotic translation initation factor",1,1,1,0.969984603174603,1,0.969984603174603,0.969984603174603,0.564717063492064,1,0.332186507936508,1
"Apoptosis regulator Bcl-2",0.736346759259259,1,1,0.705896329365079,0.631154365079365,1,0.631154365079365,0.736346759259259,0.631154365079365,1,1
"Cytochrome P450 1B1",1,1,1,1,1,1,1,1,1,1,1
"Tyrosine-protein kinase receptor UFO",0.21592123015873,1,1,1,1,1,0.199311904761905,1,1,1,1
"Neurotrophic tyrosine kinase receptor type 2",0.991023082010582,1,0.991023082010582,1,0.991023082010582,0.664373015873016,1,0.991023082010582,0.991023082010582,1,1
"Mitogen-activated protein kinase kinase kinase 8",1,1,1,1,1,1,0.564717063492064,1,1,1,1
"Low molecular weight phosphotyrosine protein phosphatase",0.61454503968254,0.318899047619048,0.981460137085137,0.318899047619048,0.41286037414966,0.738192239858907,0.298967857142857,0.318899047619048,0.916834761904762,0.318899047619048,0.41286037414966
"Casein kinase I epsilon",1,1,1,1,1,1,1,1,1,1,1
"L-lactate dehydrogenase B chain",1,1,1,1,1,1,1,1,1,1,1
"S-methyl-5-thioadenosine phosphorylase",1,1,1,1,1,1,1,1,1,1,1
"Proto-oncogene c-JUN",0.896903571428571,1,1,1,0.896903571428571,0.92181755952381,0.896903571428571,0.896903571428571,0.92181755952381,0.896903571428571,0.896903571428571
"Sodium/glucose cotransporter 1",0.481670436507937,0.481670436507937,1,0.481670436507937,1,1,0.481670436507937,1,1,1,0.524854682539683
"Transketolase",0.786174735449735,0.786174735449735,1,1,1,1,1,1,0.786174735449735,1,1
"Serine/threonine-protein kinase RIPK2",1,1,0.747419642857143,1,1,1,1,1,1,1,0.747419642857143
"p53-binding protein Mdm-2",1,1,1,1,1,1,1,1,1,1,1
"Serine-protein kinase ATR",1,1,1,0.542571296296296,0.542571296296296,1,0.542571296296296,1,1,1,1
"ADAM10",0.730810317460317,0.730810317460317,0.730810317460317,1,1,1,1,1,0.730810317460317,1,1
"Endoplasmic reticulum aminopeptidase 2",1,1,1,1,1,1,1,1,1,1,1
"G protein-coupled receptor 44",0.61454503968254,0.816229705215419,1,0.365405158730159,0.953375277777778,0.61454503968254,0.819393386243386,0.714200992063492,0.61454503968254,0.714200992063492,0.819393386243386
"Endothelial lipase",1,1,1,1,0.963340873015873,1,0.39862380952381,1,1,1,1
"Histone deacetylase 10",0.953375277777778,0.892751240079365,0.702337188208617,0.354332275132275,1,0.702337188208617,0.354332275132275,0.354332275132275,0.953375277777778,0.702337188208617,0.564717063492064
"GABA receptor alpha-5 subunit",1,1,0.916834761904762,1,1,0.764028968253968,1,0.916834761904762,0.916834761904762,0.916834761904762,1
"Orexin receptor 1",1,0.551429603174603,0.551429603174603,0.893581706349207,0.797247619047619,0.551429603174603,0.43184246031746,0.551429603174603,0.55364417989418,0.893581706349207,0.893581706349207
"Discoidin domain-containing receptor 2",0.424460537918871,0.424460537918871,0.424460537918871,0.424460537918871,0.945221608946609,0.424460537918871,0.424460537918871,0.424460537918871,0.697591666666667,0.424460537918871,0.424460537918871
"Metabotropic glutamate receptor 2",1,1,1,1,1,1,1,1,1,1,1
"Cytochrome P450 26A1",1,1,1,1,1,1,1,1,1,1,1
"Serine/threonine-protein kinase B-raf",1,1,1,1,1,1,1,1,1,1,1
"Ephrin type-B receptor 4",0.963340873015873,1,1,1,0.963340873015873,1,1,0.963340873015873,0.963340873015873,1,1
"Neuropilin-1",1,1,1,1,1,1,1,1,1,1,1
"dUTP pyrophosphatase",0.772333630952381,1,0.697591666666667,1,1,0.772333630952381,1,0.772333630952381,1,1,1
"Serine/threonine-protein kinase ILK-1",1,1,1,1,1,1,1,1,1,1,1
"Tyrosine-protein kinase BTK",1,0.83046626984127,1,1,1,1,1,1,1,1,1
"Serine/threonine-protein kinase TNNI3K",0.803287373737374,0.803287373737374,0.803287373737374,0.803287373737374,0.803287373737374,0.803287373737374,0.803287373737374,0.803287373737374,0.803287373737374,0.803287373737374,0.803287373737374
"Cytochrome P450 2A6",0.963340873015873,1,1,1,1,1,0.39862380952381,1,0.747419642857143,0.952267989417989,1
"Mitogen-activated protein kinase kinase kinase 5",1,1,1,1,0.963340873015873,1,1,1,1,1,1
"Tyrosine-protein kinase receptor TYRO3",1,1,1,1,1,1,1,1,1,1,1
"Epithelial discoidin domain-containing receptor 1",0.73911498015873,0.73911498015873,0.988254861111111,1,1,0.73911498015873,0.988254861111111,0.73911498015873,0.988254861111111,0.950053412698413,1
"Proto-oncogene tyrosine-protein kinase MER",0.87614191468254,0.87614191468254,1,0.166093253968254,0.896903571428571,1,0.87614191468254,0.87614191468254,0.87614191468254,0.87614191468254,0.166093253968254
"Baculoviral IAP repeat-containing protein 3",1,0.365405158730159,1,1,1,1,1,1,1,1,1
"Poly [ADP-ribose] polymerase 2",1,1,1,1,1,1,1,1,1,1,1
"P-selectin",1,1,0.730810317460317,0.340491170634921,0.340491170634921,0.584648253968254,1,0.340491170634921,0.0996559523809524,0.740301360544218,1
"ATP-binding cassette sub-family G member 2",1,0.56886939484127,0.409696693121693,0.166093253968254,0.249139880952381,0.741883201058201,1,0.166093253968254,0.292324126984127,0.469806632653061,0.166093253968254
"Pituitary adenylate cyclase-activating polypeptide type I receptor",0.869221362433862,1,0.869221362433862,1,0.869221362433862,0.992407192460317,0.869221362433862,0.953849829931973,0.869221362433862,1,0.697591666666667
"Serine/threonine-protein kinase PIM3",1,1,1,1,1,1,1,1,1,1,1
"G-protein coupled bile acid receptor 1",0.265749206349206,0.884446577380952,1,0.664373015873016,0.919049338624339,0.884446577380952,1,0.884446577380952,0.884446577380952,0.354332275132275,0.0332186507936508
"Metastin receptor",0.285680396825397,1,1,0.346423072562358,0,0.285680396825397,0,1,0.346423072562358,1,0
"Cell division cycle 7-related protein kinase",1,1,1,1,1,1,1,1,1,1,1
"Sodium channel protein type X alpha subunit",1,1,1,1,1,1,1,1,1,1,1
"Baculoviral IAP repeat-containing protein 2",1,1,1,1,1,1,1,1,1,1,1
"Receptor-interacting serine/threonine-protein kinase 1",0.996559523809524,1,0.957804431216931,0.957804431216931,0.957804431216931,0.199311904761905,0.957804431216931,0.957804431216931,1,1,1
"Protein tyrosine kinase 2 beta",0.982322959183673,0.982322959183673,1,0.730810317460317,1,0.982322959183673,0.730810317460317,0.982322959183673,1,0.982322959183673,1
"Perforin-1",1,1,1,1,1,1,1,1,1,1,0.199311904761905
"D-amino-acid oxidase",0.558073333333333,1,1,0.558073333333333,1,0.558073333333333,1,0.558073333333333,1,1,0.558073333333333
"Serine/threonine-protein kinase WEE1",1,0.518210952380952,0.365405158730159,0.592399272486772,1,1,0.806738662131519,0.365405158730159,1,0.365405158730159,0.365405158730159
"Histone acetyltransferase PCAF",1,1,1,0.755724305555556,0.755724305555556,1,0.755724305555556,1,1,1,0.755724305555556
"Secreted frizzled-related protein 1",1,1,1,0.680982341269841,1,1,0.70866455026455,1,1,1,0.680982341269841
"Transient receptor potential cation channel subfamily V member 3",1,1,1,1,0.95503621031746,1,0.132874603174603,0.476133994708995,0.132874603174603,1,1
"Protein-arginine N-methyltransferase 1",1,0.98548664021164,0.98548664021164,1,0.98548664021164,0.98548664021164,1,1,0.98548664021164,0.98548664021164,1
"Nuclear factor NF-kappa-B p65 subunit",1,1,1,1,1,1,1,1,1,1,1
"Dual specificity tyrosine-phosphorylation-regulated kinase 1B",1,1,1,1,1,1,1,1,1,1,1
"Acyl-CoA desaturase",1,0.593783382936508,0.574208106575964,0.574208106575964,0.574208106575964,0.453988227513228,0.39862380952381,1,0.39862380952381,1,0.574208106575964
"Proto-oncogene tyrosine-protein kinase ROS",1,0.874757804232804,1,1,1,0.874757804232804,0.874757804232804,1,1,1,1
"Lysyl-tRNA synthetase",1,0.385336349206349,0.627002033730159,0.627002033730159,0.509352645502645,0.298967857142857,0.199311904761905,1,0.199311904761905,1,0.298967857142857
"DNA-(apurinic or apyrimidinic site) lyase",1,1,1,1,1,1,1,1,1,1,1
"Glucose-dependent insulinotropic receptor",1,1,1,1,1,1,1,1,1,1,1
"Prostaglandin E synthase",1,1,1,1,1,1,1,1,1,1,1
"G protein-coupled receptor kinase 5",1,1,1,1,1,1,1,1,1,1,1
"Egl nine homolog 1",1,1,1,1,1,1,1,1,1,1,0.83046626984127
"Elongation of very long chain fatty acids protein 6",1,1,1,1,1,1,1,1,1,1,1
"Glucagon",1,1,1,1,1,1,1,1,1,1,1
"CREB-binding protein",1,1,1,1,1,1,1,1,1,1,1
"Mitogen-activated protein kinase kinase kinase 7",1,1,1,1,1,1,1,1,1,1,1
"Interferon-induced, double-stranded RNA-activated protein kinase",1,1,1,1,1,0.597935714285714,1,0.979950198412698,1,1,1
"Aldo-keto reductase family 1 member C2",1,0.896903571428571,1,1,1,1,1,1,1,1,1
"Trace amine-associated receptor 1",1,0.977577437641723,0.977577437641723,0.977577437641723,1,1,0.977577437641723,1,0.977577437641723,0.977577437641723,0.977577437641723
"Nuclear receptor ROR-alpha",1,1,1,0.813856944444445,1,0.620081481481481,1,1,1,0.620081481481481,0.620081481481481
"Heat shock factor protein 1",1,0.531498412698413,1,1,1,1,1,1,1,1,1
"Hematopoietic prostaglandin D synthase",1,1,0.664373015873016,1,1,1,1,1,1,1,1
"Aldo-keto reductase family 1 member C1",1,1,1,1,1,1,1,0.597935714285714,1,1,1
"Bifunctional protein NCOAT",1,1,0.569462585034014,0.569462585034014,0.569462585034014,0.602088045634921,0.569462585034014,0.569462585034014,0.569462585034014,1,0.569462585034014
"LIM domain kinase 2",1,0.792502097505669,0.792502097505669,1,0.792502097505669,1,0.792502097505669,0.792502097505669,0.792502097505669,1,0.792502097505669
"Serine/threonine-protein kinase PLK2",1,1,1,0.905208234126984,0.905208234126984,0.905208234126984,1,1,0.905208234126984,1,1
"Neuropeptide FF receptor 1",1,1,1,1,1,1,1,1,1,1,1
"Neuropeptide FF receptor 2",0.810535079365079,1,0.751571974206349,0.751571974206349,0.751571974206349,0.751571974206349,0.751571974206349,0.751571974206349,0.778792813051146,0.751571974206349,0.751571974206349
"IgG receptor FcRn large subunit p51",1,1,1,1,1,1,1,1,1,1,1
"Smoothened homolog",0.679136860670194,0.679136860670194,0.631154365079365,0.679136860670194,0.581326388888889,0.581326388888889,0.679136860670194,0.679136860670194,0.989915793650794,1,0.679136860670194
"Aldo-keto reductase family 1 member B10",1,1,1,1,1,1,1,1,1,1,1
"Serine/threonine-protein kinase 33",1,1,1,1,1,1,1,1,1,1,1
"Transient receptor potential cation channel subfamily A member 1",1,1,1,1,1,1,1,1,1,1,1
"Diacylglycerol O-acyltransferase 1",1,1,1,1,1,1,1,1,1,1,1
"Histone-lysine N-methyltransferase, H3 lysine-9 specific 3",1,1,1,1,1,1,1,1,1,1,1
"Lysine-specific histone demethylase 1",0.39862380952381,0.919049338624339,1,1,1,1,0.39862380952381,1,1,1,1
"Alpha-synuclein",0.764028968253968,0.764028968253968,1,0.764028968253968,1,0.498279761904762,1,0.917665228174603,0.764028968253968,0.917665228174603,0.764028968253968
"Tankyrase-2",1,1,1,1,1,1,1,1,1,1,1
"Tankyrase-1",1,1,1,1,1,1,1,1,1,1,1
"Mitogen-activated protein kinase kinase kinase kinase 4",1,1,1,1,1,1,1,1,1,1,1
"Lysine-specific demethylase 4C",0.365405158730159,0.290663194444444,0.290663194444444,0.282358531746032,0.282358531746032,1,1,0.581326388888889,0.958595351473923,1,1
