"","EGFR","Hypoxia","JAK.STAT","MAPK","NFkB","PI3K","TGFb","TNFa","Trail","VEGF","p53"
"Arginase-1",1,1,1,1,0.0996559523809524,1,0.558073333333333,0.390319146825397,0.116265277777778,0.343259391534392,0.758492526455027
"Leucine-rich repeat serine/threonine-protein kinase 2",0.083046626984127,1,1,0.265749206349206,0,1,1,0.177166137566138,0.265749206349206,1,0.730810317460317
"Tyrosyl-DNA phosphodiesterase 1",0.298967857142857,0.298967857142857,1,0.40526753968254,0.40526753968254,1,1,0.40526753968254,1,1,1
"Transitional endoplasmic reticulum ATPase",0.0442915343915344,0.734962648809524,0.760707103174603,0.0442915343915344,0.0664373015873016,0.514889087301587,0.745574162257496,1,0.0442915343915344,0.514889087301587,0.678609580498866
"Glucokinase regulatory protein",0.132874603174603,0.0332186507936508,0.535650744047619,0.535650744047619,0.199311904761905,0.132874603174603,0,0.770672698412698,1,0.535650744047619,0.770672698412698
"Pyruvate kinase isozymes M1/M2",1,1,1,1,1,1,1,1,1,1,1
"Transient receptor potential cation channel subfamily M member 8",0.498279761904762,0.498279761904762,0.654881972789116,1,0.498279761904762,0.498279761904762,0.559180621693122,0.863684920634921,0.851227926587302,0.559180621693122,1
"G-protein coupled receptor 55",1,1,1,1,1,1,1,1,1,1,1
"Endoplasmin",1,1,1,1,1,1,1,1,1,1,1
"Serine/threonine-protein kinase/endoribonuclease IRE1",1,1,1,0.797247619047619,0.531498412698413,0.797247619047619,1,1,0.531498412698413,0.797247619047619,1
"NADPH oxidase 4",1,1,1,0.21592123015873,0.21592123015873,1,1,0.70866455026455,1,1,1
"Ketohexokinase",1,1,1,1,1,1,1,1,1,1,1
"Lethal(3)malignant brain tumor-like protein 1",1,0.95503621031746,1,1,1,0.631154365079365,0.775101851851852,1,0.631154365079365,1,1
"Microtubule-associated protein tau",0,1,1,0.0498279761904762,1,1,1,0.813856944444445,1,1,0.813856944444445
"15-hydroxyprostaglandin dehydrogenase [NAD+]",0,0.527346081349206,0.469806632653061,0.896903571428571,0.390319146825397,0.469806632653061,0.469806632653061,1,0.249139880952381,1,0.321113624338624
"G-protein coupled receptor 35",0.0332186507936508,1,0.83046626984127,0.0498279761904762,0.672677678571429,0.684304206349206,0.982322959183673,1,0.27682208994709,1,1
"ATP-sensitive inward rectifier potassium channel 1",0.896903571428571,1,0.591291984126984,0.274053869047619,0,0.896903571428571,0.741883201058201,0.232530555555556,1,0.274053869047619,1
"Neuropeptides B/W receptor type 1",0.257444543650794,0.257444543650794,0.257444543650794,0.166093253968254,0.0332186507936508,1,0.527807451499118,1,0.257444543650794,0.166093253968254,0.257444543650794
"Nuclear receptor ROR-gamma",1,1,1,1,1,1,1,0.332186507936508,1,1,1
"DNA topoisomerase I",0.684304206349206,1,0.684304206349206,0.684304206349206,1,1,0.76956541005291,0.684304206349206,1,0.684304206349206,1
"Farnesyl diphosphate synthase",0.348795833333333,0.819393386243386,1,0.0664373015873016,1,1,1,1,1,1,1
"Glucagon-like peptide 1 receptor",1,0.870328650793651,1,0.0332186507936508,0.166093253968254,1,1,0.946731547619048,0.442915343915344,1,0.870328650793651
"Endothelin receptor ET-B",1,1,1,0.116265277777778,1,1,1,1,0.116265277777778,1,1
"Steroid 5-alpha-reductase 1",1,1,1,1,1,1,1,1,1,1,1
"Vasopressin V2 receptor",1,0.963340873015873,1,1,1,1,1,1,1,1,1
"Somatostatin receptor 5",0.953849829931973,1,1,0.548107738095238,0.730810317460317,1,1,0.722505654761905,0.43184246031746,0.722505654761905,0.730810317460317
"Histone-lysine N-methyltransferase, H3 lysine-79 specific",1,1,0.39862380952381,1,0.39862380952381,1,1,1,1,1,1
"Bromodomain-containing protein 3",1,1,1,1,1,1,1,1,1,1,1
"Cysteinyl leukotriene receptor 1",0,1,0.591291984126984,0.0996559523809524,0.12180171957672,1,1,0.174397916666667,0.919049338624339,1,1
"Plasminogen",1,1,0.855380257936508,1,1,0.855380257936508,1,1,0.855380257936508,0.855380257936508,1
"Leukocyte adhesion glycoprotein LFA-1 alpha",0.465061111111111,0.917665228174603,0.415233134920635,1,0.166093253968254,0.917665228174603,0.917665228174603,0.415233134920635,1,0.926431261022928,0.415233134920635
"Somatostatin receptor 2",1,1,1,1,0.946731547619048,1,0.946731547619048,0.946731547619048,1,0.946731547619048,1
"Muscarinic acetylcholine receptor M4",0.0166093253968254,0.451773650793651,0.451773650793651,0,1,1,1,0.409696693121693,1,1,1
"Inosine-5'-monophosphate dehydrogenase 1",0.969984603174603,1,0.913512896825397,1,0.913512896825397,1,0.913512896825397,1,0.913512896825397,1,1
"Receptor protein-tyrosine kinase erbB-2",0.503025283446712,0.332186507936508,0.116265277777778,1,0.0664373015873016,1,0.498279761904762,0.622849702380952,0.15502037037037,1,0.503025283446712
"TNF-alpha",0.0332186507936508,0.934274553571429,0.542571296296296,0.0332186507936508,0.0332186507936508,1,1,0.083046626984127,1,0.451773650793651,0.934274553571429
"Phosphodiesterase 5A",0,0.438486190476191,0.620081481481481,0.0166093253968254,0.933444087301587,1,0.438486190476191,0.0775101851851852,0.933444087301587,0.678609580498866,0.917665228174603
"Serotonin 2b (5-HT2b) receptor",1,1,0.722505654761905,1,0.232530555555556,1,0.722505654761905,1,0.581326388888889,0.737454047619048,1
"Thromboxane-A synthase",0.0996559523809524,0.537034854497355,0.0996559523809524,0.0996559523809524,0.40526753968254,1,0.157788591269841,1,1,0.963340873015873,1
"Prostanoid EP4 receptor",0.382014484126984,1,0.711828231292517,0.166093253968254,0.979950198412698,0.476133994708995,1,0.382014484126984,1,0.382014484126984,0.476133994708995
"Dopamine D5 receptor",1,1,0.298967857142857,0.0664373015873016,0.969984603174603,0.298967857142857,1,1,1,1,0.714200992063492
"Somatostatin receptor 4",0,1,0.055364417989418,0.083046626984127,0.055364417989418,1,0.219243095238095,1,1,1,1
"Gonadotropin-releasing hormone receptor",1,0.863684920634921,0.690947936507937,1,0,0.863684920634921,0.690947936507937,0.365405158730159,1,0.690947936507937,1
"4-hydroxyphenylpyruvate dioxygenase",1,1,1,1,1,1,1,1,1,1,1
"Tyrosine-protein kinase ABL",0.548107738095238,1,1,1,0.43184246031746,0.813856944444445,0.730810317460317,1,1,1,1
"Vascular endothelial growth factor receptor 1",1,0.539803075396825,1,1,0.539803075396825,0.539803075396825,1,1,0.539803075396825,1,1
"Tissue-type plasminogen activator",1,0.787756575963719,1,0.787756575963719,0.0332186507936508,0.787756575963719,0.787756575963719,0.166093253968254,1,0.498279761904762,1
"Calcium sensing receptor",0.199311904761905,0.664373015873016,1,0.664373015873016,0.783960158730159,1,1,1,1,1,0.783960158730159
"Neuronal acetylcholine receptor protein alpha-4 subunit",1,1,1,0.755724305555556,0.755724305555556,1,0.755724305555556,1,1,0.755724305555556,1
"Potassium channel, inwardly rectifying, subfamily J, member 11",1,1,1,1,1,1,1,1,1,1,1
"Vasopressin V1a receptor",1,0.863684920634921,1,0.863684920634921,1,0.863684920634921,1,1,1,1,1
"Glutamate carboxypeptidase II",0,1,0.559180621693122,0,0.559180621693122,1,1,0.0332186507936508,0.132874603174603,0.939613265306122,1
"Serotonin 1b (5-HT1b) receptor",1,0.664373015873016,0.719737433862434,0.664373015873016,0.719737433862434,0.792502097505669,1,1,0.719737433862434,0.719737433862434,1
"Serotonin 3a (5-HT3a) receptor",0.282358531746032,1,1,0.0664373015873016,0.775101851851852,1,1,1,1,1,1
"Aldose reductase",0.0664373015873016,1,1,0.764028968253968,1,1,1,1,0.764028968253968,1,1
"Glutamate [NMDA] receptor subunit epsilon 2",0.780638293650794,1,0.996559523809524,0.952267989417989,1,1,0.996559523809524,0.780638293650794,1,1,1
"Serine/threonine-protein kinase RAF",0.498279761904762,1,1,1,1,1,1,1,1,1,1
"Aminopeptidase N",0,0.934867743764172,0.539803075396825,0.43184246031746,1,1,0.934867743764172,0.539803075396825,1,0.934867743764172,1
"Cytochrome P450 11B1",0.0996559523809524,0.491636031746032,0.722505654761905,0,0.972400505050505,0.859993959435626,0.456756448412698,0.365405158730159,0.916834761904762,0.669118537414966,0.669118537414966
"Butyrylcholinesterase",0.573021726190476,0.398623809523809,1,0.398623809523809,0.398623809523809,0.730810317460317,1,0.578004523809524,1,0.938426884920635,0.911140136054422
"Alpha-2c adrenergic receptor",0.391980079365079,0.0664373015873016,0.409696693121693,0,0.541464007936508,0.110728835978836,0.43184246031746,0.541464007936508,1,0.391980079365079,0.527346081349206
"Melatonin receptor 1A",0.182702579365079,1,1,0.182702579365079,1,1,1,1,1,1,1
"Melatonin receptor 1B",1,1,1,1,1,1,1,1,1,1,1
"Thyroid hormone receptor beta-1",0.199311904761905,1,1,1,0.166093253968254,1,1,0.456756448412698,0.166093253968254,1,1
"Cyclophilin A",1,1,1,1,1,1,1,1,1,1,1
"Thymidylate synthase",1,1,1,0.780638293650794,0.780638293650794,1,1,0.166093253968254,0.780638293650794,1,1
"Vascular endothelial growth factor receptor 3",0.0996559523809524,0.132874603174603,0.387550925925926,0.59424475308642,0.450824546485261,0.59424475308642,0.387550925925926,0.387550925925926,0.387550925925926,1,1
"Insulin-like growth factor I receptor",0,0.271285648148148,1,0.191007242063492,0.199311904761905,0.91166741622575,0.647763690476191,0.188239021164021,0.188239021164021,0.40336933106576,1
"Epoxide hydrolase 1",0,1,0.489975099206349,0.0166093253968254,1,1,1,1,0.489975099206349,1,1
"Tyrosine-protein kinase receptor FLT3",0.751571974206349,0.298967857142857,1,0.298967857142857,0.804629541446208,0.751571974206349,0.751571974206349,0.298967857142857,0.751571974206349,1,0.751571974206349
"Vitamin D receptor",1,1,1,0.0664373015873016,1,1,1,1,1,1,1
"Cytochrome P450 19A1",1,1,1,1,1,1,1,1,1,1,1
"Insulin receptor",0.0332186507936508,1,1,1,1,1,1,1,1,0.747419642857143,1
"Serotonin 1d (5-HT1d) receptor",0.0664373015873016,0.712355511463845,0.712355511463845,0.0664373015873016,0.712355511463845,1,0.712355511463845,0.734132182539683,0.143947486772487,0.712355511463845,0.712355511463845
"Inhibitor of nuclear factor kappa B kinase beta subunit",1,1,1,1,1,1,1,1,1,1,1
"Prostanoid IP receptor",0.0885830687830688,0,0.379641723356009,1,0.293431415343915,0.141179265873016,0.0166093253968254,0.293431415343915,1,1,0.564717063492064
"Equilibrative nucleoside transporter 1",1,1,1,1,1,1,1,1,1,1,1
"Purinergic receptor P2Y12",0.878448765432099,0.282358531746032,0.315577182539683,0.287894973544974,0.282358531746032,0.908983080808081,0.346423072562358,0.597935714285714,0.346423072562358,0.908983080808081,0.346423072562358
"Retinoic acid receptor gamma",0.481670436507937,0.49274332010582,0.49274332010582,0.716573752834467,0.132874603174603,1,0.481670436507937,1,0.481670436507937,1,0.768181299603175
"Platelet-derived growth factor receptor alpha",0.39862380952381,0.91166741622575,0.91166741622575,0.420769576719577,0.420769576719577,0.91166741622575,0.91166741622575,0.790603888888889,0.996559523809524,0.639459027777778,1
"Retinoic acid receptor beta",1,0.481670436507937,1,0.704235396825397,0.132874603174603,1,1,0.254676322751323,1,0,1
"Nociceptin receptor",1,1,1,1,1,1,1,1,1,1,1
"Dihydrofolate reductase",0.586862830687831,1,1,0.0664373015873016,1,1,1,1,1,0.586862830687831,1
"Epidermal growth factor receptor erbB1",0.0332186507936508,1,1,1,1,1,1,1,0.465061111111111,1,1
"Muscarinic acetylcholine receptor M5",0,0.741883201058201,0.664373015873016,0,0.609008597883598,0.893581706349207,0.69343933531746,0.69343933531746,0.664373015873016,0.664373015873016,1
"Peptidyl-prolyl cis-trans isomerase FKBP5",0,0.95503621031746,0.0775101851851852,0.0166093253968254,0.95503621031746,1,0.332186507936508,0.95503621031746,1,0.95503621031746,1
"Retinoic acid receptor alpha",1,1,1,1,1,1,1,1,1,1,1
"Estrogen receptor alpha",0.239174285714286,0.291585934744268,0.291585934744268,0.199311904761905,0.0332186507936508,0.291585934744268,0.207616567460317,0.243603439153439,0.0332186507936508,0.480160497835498,0.480160497835498
"Beta-2 adrenergic receptor",1,0.642227248677249,0.642227248677249,1,0.43184246031746,1,1,0.642227248677249,0.642227248677249,1,0.43184246031746
"Cyclin T1",0.697591666666667,0.697591666666667,1,0.132874603174603,0.132874603174603,1,0.950053412698413,1,1,1,1
"Muscarinic acetylcholine receptor M2",1,0.622849702380952,0.719737433862434,0.0332186507936508,0.622849702380952,1,0.719737433862434,0.801399950396825,0.801399950396825,1,0.622849702380952
"Beta-1 adrenergic receptor",1,1,0.453988227513228,0.453988227513228,1,0.453988227513228,1,1,0.963340873015873,1,0.963340873015873
"Dopamine D2 receptor",1,1,1,0.575789947089947,0.575789947089947,1,1,0.575789947089947,0.531498412698413,0.575789947089947,0.575789947089947
"Beta-glucocerebrosidase",1,1,1,0.564717063492064,1,1,1,1,1,0.730810317460317,1
"Motilin receptor",0.730810317460317,1,1,0.243603439153439,0.548107738095238,1,1,0.243603439153439,0.730810317460317,1,0.243603439153439
"MAP kinase-activated protein kinase 2",0,0.938426884920635,0.636690806878307,0.636690806878307,1,0.938426884920635,0.575789947089947,0.636690806878307,0.970722795414462,0.0996559523809524,1
"Cyclooxygenase-1",0.149483928571429,0.558073333333333,0.92458578042328,1,1,1,0.558073333333333,0.520425529100529,0,1,1
"Norepinephrine transporter",0.365405158730159,1,1,1,0.365405158730159,1,0.758492526455027,1,0.365405158730159,0.564717063492064,0.758492526455027
"Anandamide amidohydrolase",0.930122222222222,1,1,1,1,1,0.880294246031746,1,0.39862380952381,1,1
"Serotonin 2c (5-HT2c) receptor",1,1,1,1,1,1,1,1,1,1,1
"Dipeptidyl peptidase I",0,1,1,0.0166093253968254,1,1,1,0.597935714285714,1,1,1
"Serotonin transporter",0.790603888888889,0.790603888888889,1,1,0.365405158730159,1,0.907976455026455,1,0.790603888888889,0.790603888888889,1
"Peroxisome proliferator-activated receptor alpha",1,0.838770932539683,1,1,1,1,0.838770932539683,0.838770932539683,0.838770932539683,1,1
"HERG",1,0.882667006802721,0.882667006802721,0.232530555555556,1,0.265749206349206,1,0.882667006802721,1,0.586862830687831,0.882667006802721
"Epoxide hydratase",1,0.609008597883598,0.867375881834215,0.609008597883598,0.298967857142857,0.867375881834215,1,0.481670436507937,0.609008597883598,0.816229705215419,0.609008597883598
"Phosphodiesterase 3A",1,1,1,1,0.919049338624339,1,0.919049338624339,1,0.919049338624339,1,1
"C-C chemokine receptor type 1",0.0166093253968254,0.468752072310406,0.43184246031746,0.0166093253968254,0.0221457671957672,0.39862380952381,1,0.0930122222222222,0.249139880952381,0.0332186507936508,0.757385238095238
"C-C chemokine receptor type 4",1,0.992868562610229,0.265749206349206,0.992868562610229,0.265749206349206,1,0.647763690476191,0.671016746031746,0.647763690476191,0.992868562610229,0.992868562610229
"Estrogen receptor beta",1,1,1,1,1,1,1,1,1,1,1
"Glyoxalase I",1,1,1,1,1,1,1,1,1,1,1
"Myosin light chain kinase, smooth muscle",0,0.141179265873016,0.253292212301587,0,0.727488452380952,0.253292212301587,0.179380714285714,0.132874603174603,0.253292212301587,0.254676322751323,0.857645165945166
"Serine/threonine-protein kinase AKT2",0.138411044973545,0.275240249433107,0.112943412698413,0.112943412698413,0,0.984480014430015,0.516734567901235,0.112943412698413,0.0664373015873016,0.581326388888889,0.315577182539683
"Interleukin-8 receptor B",0.686518783068783,1,1,0.481670436507937,1,1,1,0.481670436507937,1,1,1
"Myeloperoxidase",0.205955634920635,0.0996559523809524,1,1,0.205955634920635,1,1,0.0996559523809524,1,0.205955634920635,1
"Coagulation factor X",1,1,1,1,1,1,1,1,1,1,1
"Deoxycytidine kinase",1,1,0.199311904761905,1,0.0996559523809524,1,1,1,1,0.586862830687831,1
"Muscarinic acetylcholine receptor M3",0.697591666666667,1,1,1,1,1,1,1,1,1,1
"Beta-3 adrenergic receptor",1,0.586862830687831,1,0.0664373015873016,0.149483928571429,1,1,0.791711177248677,0.791711177248677,0.82097522675737,0.791711177248677
"Death-associated protein kinase 3",0.221457671957672,1,0.797247619047619,0.221457671957672,0.556412400793651,1,1,0.83521179138322,0.221457671957672,0.604579444444444,1
"Methionine aminopeptidase 1",1,1,1,0.631154365079365,0.631154365079365,1,1,1,1,0.631154365079365,1
"Leukocyte elastase",0.0664373015873016,0.873650515873016,1,0.0664373015873016,0.249139880952381,0.498279761904762,0.540989455782313,0.0996559523809524,0.602088045634921,0.498279761904762,0.716046472663139
"Beta amyloid A4 protein",0.963340873015873,1,1,1,1,1,1,1,1,1,1
"Neurokinin 1 receptor",1,1,0.680982341269841,1,1,1,1,1,0.680982341269841,1,1
"Neuronal acetylcholine receptor protein alpha-7 subunit",0.780638293650794,1,1,1,0.780638293650794,0.863684920634921,1,0.863684920634921,0.780638293650794,0.780638293650794,1
"Adenosine A2a receptor",0.822161607142857,0.822161607142857,0.802784060846561,0.963340873015873,0.265749206349206,0.802784060846561,0.802784060846561,1,0.797247619047619,1,0.797247619047619
"Endothelin receptor ET-A",0.0996559523809524,0.603472156084656,0.618697371031746,1,0.254676322751323,0.603472156084656,0.254676322751323,0.603472156084656,1,0.618697371031746,1
"Beta secretase 2",1,0.315577182539683,0.591291984126984,1,0.232530555555556,0.692055224867725,1,0.82572074829932,0.591291984126984,0.591291984126984,1
"Serine/threonine-protein kinase Chk2",1,0.573021726190476,0.573021726190476,0.573021726190476,0.573021726190476,1,1,1,1,1,1
"Cannabinoid CB2 receptor",0.0332186507936508,1,1,1,0.465061111111111,1,1,0.465061111111111,1,0.465061111111111,1
"3-phosphoinositide dependent protein kinase-1",1,1,0.770672698412698,0.770672698412698,0.770672698412698,1,1,0.770672698412698,1,0.770672698412698,1
"Phospholipase D1",0.901649092970522,0.442915343915344,0.901649092970522,0.901649092970522,0.0996559523809524,0.442915343915344,1,1,1,0.963340873015873,0.481670436507937
"Phosphodiesterase 4A",0.0664373015873016,0.448451785714286,1,0.448451785714286,1,1,1,0.199311904761905,0.744097777777778,1,1
"Adenosine A2b receptor",0.919049338624339,0.919049338624339,1,1,1,1,0.919049338624339,1,1,1,1
"Carboxypeptidase B",0.0332186507936508,1,1,0.487206878306878,1,0.883616111111111,0.487206878306878,1,1,1,0.883616111111111
"Adenosine A3 receptor",1,1,1,0.996559523809524,1,1,1,1,1,1,1
"Histone deacetylase 5",0.132874603174603,1,1,1,1,1,1,0.896903571428571,1,1,1
"Liver glycogen phosphorylase",1,1,1,0.298967857142857,1,1,1,1,0.946731547619048,1,1
"Tyrosine-protein kinase LCK",0.863684920634921,0.967493204365079,0.465061111111111,0.967493204365079,0.967493204365079,1,0.967493204365079,0.967493204365079,1,0.967493204365079,1
"Cathepsin D",0,0.697591666666667,0.697591666666667,0.083046626984127,0.465061111111111,1,0.581326388888889,0.697591666666667,0.697591666666667,0.697591666666667,1
"Melanocortin receptor 4",0.996559523809524,1,0.996559523809524,0.996559523809524,1,0.996559523809524,1,1,0.996559523809524,1,0.996559523809524
"Peptide N-myristoyltransferase 1",0.597935714285714,0.70866455026455,1,0.132874603174603,0.730810317460318,1,1,1,1,0.730810317460318,1
"Tyrosine-protein kinase SYK",1,1,1,1,1,1,1,1,1,1,1
"MAP kinase p38 alpha",1,0.946731547619048,1,1,1,1,1,1,0.946731547619048,1,1
"Carbonic anhydrase I",0.0664373015873016,1,1,0.265749206349206,1,1,1,1,0.265749206349206,1,1
"Furin",0.083046626984127,1,1,0.0664373015873016,0.107960615079365,0.604579444444444,1,0.107960615079365,1,1,1
"Tryptase beta-1",0.0332186507936508,1,0.801993140589569,0.149483928571429,0.409696693121693,0.87106684303351,0.409696693121693,0.315577182539683,0.910191031746032,0.87106684303351,0.315577182539683
"Glycogen synthase kinase-3 beta",0.282358531746032,0.856302998236332,1,0.856302998236332,0.282358531746032,0.856302998236332,1,0.705896329365079,0.856302998236332,0.531498412698413,0.856302998236332
"Dual specificity protein phosphatase 3",0.298967857142857,1,1,0.298967857142857,1,0.943409682539682,1,0.943409682539682,0.298967857142857,1,1
"c-Jun N-terminal kinase 3",0.254676322751323,0.254676322751323,0.254676322751323,1,0.30727251984127,1,0.780638293650794,1,0.631154365079365,1,1
"Histamine H3 receptor",0.132874603174603,0.631154365079365,0.974413756613757,0.974413756613757,0.631154365079365,0.974413756613757,1,0.315577182539683,1,0.974413756613757,0.974413756613757
"Phosphodiesterase 2A",0.941195105820106,0.971645535714286,1,1,0.941195105820106,1,1,1,1,0.941195105820106,1
"Adenosylhomocysteinase",0.882667006802721,0.697591666666667,1,0.882667006802721,0.882667006802721,1,0.786174735449735,0.697591666666667,1,0.882667006802721,1
"Tyrosine-protein kinase SRC",0.0498279761904762,0.701743998015873,0.174397916666667,0,0.166093253968254,0.860665043290043,0.860665043290043,0.701743998015873,0.701743998015873,0.860665043290043,0.372048888888889
"Cathepsin K",1,0.298967857142857,0.298967857142857,0.697591666666667,1,1,1,0.772333630952381,1,1,1
"Macrophage-stimulating protein receptor",1,0.834157231040564,0.747419642857143,0.747419642857143,0.764028968253968,0.747419642857143,0.768181299603175,0.747419642857143,0.199311904761905,1,0.747419642857143
"Cystinyl aminopeptidase",0.783960158730159,1,0.631154365079365,0.783960158730159,0.631154365079365,0.87106684303351,1,0.87106684303351,0.783960158730159,0.87106684303351,0.87106684303351
"Focal adhesion kinase 1",1,1,1,1,1,1,1,1,1,1,1
"Mitogen-activated protein kinase kinase kinase 11",0.0664373015873016,0.0664373015873016,0.351168594104308,0.343259391534392,0.645918209876543,0.343259391534392,1,0.597935714285714,0.0664373015873016,1,0.343259391534392
"Histone deacetylase 7",0.0332186507936508,0.869221362433862,1,0.819393386243386,0.869221362433862,1,0.869221362433862,1,1,0.819393386243386,1
"Phosphodiesterase 11A",0.930122222222222,0.0442915343915344,0.239174285714286,0.303713378684807,0.0332186507936508,0.315577182539683,0.0442915343915344,0.265749206349206,0.21592123015873,0.638536287477954,0.930122222222222
"Cytochrome P450 11B2",1,0.620081481481481,0.61454503968254,0.0166093253968254,0,1,0.620081481481481,0.166093253968254,1,1,1
"Protein-glutamine gamma-glutamyltransferase",1,1,1,1,1,1,1,1,1,1,1
"Phospholipase D2",0,0.126230873015873,0.83046626984127,0.0221457671957672,0.0581326388888889,1,0.83046626984127,0.33772294973545,0.0221457671957672,0.83046626984127,0.83046626984127
"Metabotropic glutamate receptor 4",0.642227248677249,1,0.376478042328042,1,0.43184246031746,0.930122222222222,1,0.376478042328042,0.642227248677249,0.376478042328042,0.678609580498866
"C-C chemokine receptor type 5",1,1,1,1,1,1,1,1,1,1,1
"Fibroblast growth factor receptor 3",0.690947936507937,0.842923263888889,0.801993140589569,0.0664373015873016,0.690947936507937,1,1,0.282358531746032,0.298967857142857,1,0.70866455026455
"Phosphodiesterase 4B",1,1,1,0.39862380952381,1,1,1,1,1,1,1
"Ileal bile acid transporter",0.880294246031746,0.880294246031746,0.083046626984127,1,0.30727251984127,0.083046626984127,1,0.880294246031746,0.880294246031746,0.232530555555556,1
"Integrin alpha-4",0.703128108465608,1,0.265749206349206,1,0.564717063492064,0.581326388888889,1,0.690947936507937,1,0.581326388888889,0.730810317460317
"Sodium/hydrogen exchanger 1",0.827144404761905,0.827144404761905,0.827144404761905,0.924082467532468,0.827144404761905,0.827144404761905,0.827144404761905,0.827144404761905,0.827144404761905,0.827144404761905,0.827144404761905
"Acyl coenzyme A:cholesterol acyltransferase 1",0.0664373015873016,1,0.963340873015873,0.730810317460317,1,1,0.963340873015873,1,0.199311904761905,1,1
"Estradiol 17-beta-dehydrogenase 2",0.249139880952381,1,0.445129920634921,1,0.249139880952381,1,0.249139880952381,1,0.808320502645503,0.249139880952381,1
"Vascular endothelial growth factor receptor 2",1,1,1,1,1,1,1,1,1,1,1
"Matrix metalloproteinase 13",1,1,1,1,1,1,1,1,1,1,1
"Tyrosine-protein kinase ZAP-70",1,1,1,0.465061111111111,1,1,1,1,1,1,1
"LXR-alpha",1,1,1,1,1,1,1,1,1,1,1
"Protein-glutamine gamma-glutamyltransferase K",0.174397916666667,0.325542777777778,0.116265277777778,0.0664373015873016,0.426306018518519,0.690209744268078,0.166093253968254,1,1,0.597935714285714,0.42709693877551
"Nerve growth factor receptor Trk-A",0.946731547619048,0.946731547619048,0.946731547619048,1,0.520425529100529,1,0.946731547619048,0.298967857142857,1,0.520425529100529,0.946731547619048
"Coagulation factor XI",0.465061111111111,1,0.232530555555556,0.0996559523809524,1,1,1,0.871989583333333,1,1,1
"Casein kinase I delta",0.564717063492064,1,1,0.564717063492064,0.564717063492064,1,1,1,0.564717063492064,0.564717063492064,0.907976455026455
"Matrix metalloproteinase 3",0.0498279761904762,0.838770932539683,0.373709821428571,0,0.711828231292517,0.458417380952381,1,0.711828231292517,0.343259391534392,1,1
"Tyrosine-protein kinase JAK1",1,1,1,0.531498412698413,1,1,1,1,1,1,1
"Dipeptidyl peptidase IV",0,1,0.177166137566138,0,1,1,0.284731292517007,0.668525347222222,0.252461746031746,0.240835218253968,0.284731292517007
"Serine/threonine-protein kinase mTOR",0,1,0.939613265306122,0.0166093253968254,0.525961970899471,1,1,0.182702579365079,1,0.0775101851851852,0.525961970899471
"Glycogen synthase kinase-3 alpha",0.298967857142857,1,1,0.556412400793651,1,1,0.556412400793651,1,0.556412400793651,0.744097777777778,1
"Renin",1,0.892158049886621,0.892158049886621,0.680982341269841,0.892158049886621,1,1,0.892158049886621,0.892158049886621,0.631154365079365,1
"Sigma opioid receptor",1,1,1,1,1,1,1,1,1,1,1
"Mitogen-activated protein kinase kinase kinase 9",1,1,1,1,1,1,1,1,1,1,1
"Phosphodiesterase 4D",0.589631051587302,0.83521179138322,1,0.589631051587302,0.348795833333333,0.684304206349206,1,0.0996559523809524,1,1,0.83521179138322
"Carbonic anhydrase III",1,1,1,0,1,1,1,0.930122222222222,1,1,1
"Hematopoietic cell protein-tyrosine phosphatase 70Z-PEP",0.0664373015873016,0.390319146825397,0.083046626984127,0.287894973544974,0.398623809523809,0.398623809523809,0.441333503401361,1,0.664373015873016,1,0.664373015873016
"Phosphodiesterase 3B",0.0166093253968254,0.539803075396825,0.341677551020408,0.285680396825397,0,0.285680396825397,0.341677551020408,0.716046472663139,0.285680396825397,1,1
"Arachidonate 15-lipoxygenase",0.192668174603175,0.192668174603175,0.74926512345679,0.622849702380952,1,0.192668174603175,0.0332186507936508,0.254676322751323,1,0.622849702380952,0.192668174603175
"Phosphodiesterase 4C",1,1,0.373709821428571,1,0.199311904761905,1,0.373709821428571,1,0.373709821428571,1,1
"Telomerase reverse transcriptase",0.143947486772487,0.0664373015873016,1,1,0.465061111111111,0.083046626984127,0.882667006802721,0.803891349206349,1,0.819393386243386,1
"Protein kinase C gamma",0.944358786848073,0.775101851851852,0.83046626984127,0.944358786848073,0.775101851851852,1,1,0.967493204365079,0.944358786848073,1,0.775101851851852
"Cathepsin S",0.847075595238095,0.847075595238095,0.867006785714286,0.0332186507936508,0.847075595238095,0.847075595238095,0.847075595238095,0.867006785714286,0.847075595238095,0.847075595238095,0.881804184704185
"Sphingosine 1-phosphate receptor Edg-5",0.668525347222222,0.668525347222222,0.668525347222222,0.0166093253968254,0.0166093253968254,0.668525347222222,0.941195105820106,0.0664373015873016,1,0.668525347222222,1
"Tyrosine-protein kinase ITK/TSK",0.602681235827664,0.83711,0.602681235827664,0.602681235827664,0.602681235827664,0.602681235827664,0.786174735449735,0.602681235827664,0.786174735449735,0.602681235827664,1
"Dual specificity mitogen-activated protein kinase kinase 2",0,1,1,0.083046626984127,1,1,1,1,1,1,1
"Tyrosine-protein kinase JAK2",1,1,1,0.0996559523809524,0.0332186507936508,1,1,0.083046626984127,1,0.730810317460317,1
"Rho-associated protein kinase 2",0.780638293650794,1,1,1,0.780638293650794,1,1,0.780638293650794,1,0.780638293650794,1
"Cholecystokinin B receptor",0.847075595238095,0.697591666666667,0.697591666666667,0.847075595238095,0.697591666666667,1,1,1,0.847075595238095,0.847075595238095,0.847075595238095
"Protein kinase C alpha",0.199311904761905,1,1,0.907976455026455,0.199311904761905,1,1,1,1,1,1
"Protein kinase C delta",0.983272063492064,1,1,0.983272063492064,0.983272063492064,1,1,0.983272063492064,0.498279761904762,1,1
"P2X purinoceptor 3",0.0498279761904762,1,0.714200992063492,0.305611587301587,0.0498279761904762,0.923478492063492,0.707082709750567,0.055364417989418,0.305611587301587,0.923478492063492,0.707082709750567
"Multidrug resistance-associated protein 1",0.083046626984127,0.588444671201814,0.575789947089947,0.27682208994709,0,1,0.620081481481482,0.282358531746032,0.620081481481482,0.524854682539683,1
"Receptor protein-tyrosine kinase erbB-4",1,0.957804431216931,1,0.957804431216931,0.957804431216931,0.957804431216931,1,0.957804431216931,1,0.957804431216931,1
"Cyclin-dependent kinase 2",0.159449523809524,1,0.636690806878307,0.107960615079365,0,1,1,0.107960615079365,1,0.107960615079365,1
"Phosphodiesterase 7A",1,1,1,1,1,1,1,1,1,1,1
"Matriptase",0.166093253968254,0.558073333333333,0.558073333333333,0.558073333333333,0.498279761904762,1,0.597935714285714,1,1,0.842923263888889,0.842923263888889
"Sphingosine kinase 2",1,1,1,1,1,1,1,1,0.730810317460317,1,1
"Serine/threonine-protein kinase PLK1",0,0.592399272486772,0.310040740740741,0.0332186507936508,0.942579216269841,0.942579216269841,1,0.544785873015873,1,1,0.544785873015873
"Carbonic anhydrase VI",0.39862380952381,1,0.382014484126984,0,0.0664373015873016,0.591291984126984,0.365405158730159,0.365405158730159,0.520425529100529,0.0775101851851852,0.520425529100529
"Protein kinase C beta",0.290663194444444,0.0996559523809524,0.0996559523809524,1,0.355914115646258,0.355914115646258,0.290663194444444,1,1,0.355914115646258,1
"Cyclin-dependent kinase 7",0.0664373015873016,1,0.609008597883598,1,0.624510634920635,0.61454503968254,1,0.498279761904762,1,1,1
"Glycine transporter 2",0.0664373015873016,0.465061111111111,0.977577437641723,1,0.465061111111111,0.0332186507936508,0.465061111111111,1,1,1,0.977577437641723
"Cyclin-dependent kinase 1",1,1,1,1,1,1,1,1,1,1,1
"Excitatory amino acid transporter 1",0.441333503401361,0.305611587301587,0.15502037037037,0.441333503401361,0.15502037037037,0.90936056547619,1,1,0.15502037037037,0.305611587301587,1
"Plasma retinol-binding protein",1,1,0.877921485260771,0.877921485260771,1,1,0.877921485260771,0.877921485260771,0.877921485260771,0.877921485260771,0.877921485260771
"Poly [ADP-ribose] polymerase-1",0.83046626984127,0.83046626984127,1,1,1,1,1,0.83046626984127,1,1,1
"Thymidine phosphorylase",0.0332186507936508,1,1,1,1,1,0.952267989417989,1,0.249139880952381,1,1
"Cyclin-dependent kinase 9",1,0.498279761904762,1,1,1,0.780638293650794,1,1,1,1,1
"PI3-kinase p110-delta subunit",0.581326388888889,0.819393386243386,0.581326388888889,0.656068353174603,0.656068353174603,1,0.819393386243386,1,1,1,1
"DNA-dependent protein kinase",1,0.950053412698413,1,0.950053412698413,0.950053412698413,1,0.950053412698413,1,0.950053412698413,1,1
"PI3-kinase p110-beta subunit",0,1,1,0.498279761904762,1,1,1,1,0.498279761904762,1,0.498279761904762
"Serotonin 7 (5-HT7) receptor",1,0.822161607142857,0.822161607142857,0.822161607142857,0.822161607142857,0.926431261022928,0.822161607142857,1,0.822161607142857,0.822161607142857,0.822161607142857
"Bradykinin B2 receptor",0.112943412698413,0.112943412698413,0.597935714285714,1,0.112943412698413,1,1,0.112943412698413,0.112943412698413,1,1
"Protein-tyrosine phosphatase 1C",0.531498412698413,0.942579216269841,0.365405158730159,0.626408843537415,0.0332186507936508,1,0.564717063492064,0.626408843537415,1,0.626408843537415,1
"Carboxylesterase 2",1,1,1,1,1,1,1,1,1,1,1
"Estradiol 17-beta-dehydrogenase 1",1,0.971645535714286,1,1,0.43184246031746,1,0.43184246031746,1,0.971645535714286,1,1
"Histone deacetylase 8",1,1,1,0.564717063492064,0.863684920634921,0.988254861111111,1,1,0.988254861111111,1,1
"Prolyl endopeptidase",1,1,1,1,1,0.896903571428571,1,1,0.896903571428571,1,1
"Matrix metalloproteinase 9",0.372048888888889,0.711828231292517,0.315577182539683,0.711828231292517,0.315577182539683,0.372048888888889,0.852612037037037,0.372048888888889,1,0.852612037037037,1
"CD22",1,0.83995731292517,0.448451785714286,1,0.0664373015873016,0.524854682539683,0.442915343915344,0.664373015873016,0.199311904761905,1,1
"Metabotropic glutamate receptor 5",0.543955406746032,0.232530555555556,0.232530555555556,0.232530555555556,0.232530555555556,0.876972380952381,0.481670436507936,1,0.543955406746032,0.605317636684303,0.478348571428571
"Sphingosine 1-phosphate receptor Edg-6",1,1,0.874757804232804,0.963340873015873,1,1,0.382014484126984,0.938426884920635,0.382014484126984,0.963340873015873,1
"Rho-associated protein kinase 1",0.132874603174603,0.963340873015873,0.963340873015873,0.498279761904762,0.963340873015873,1,0.963340873015873,0.963340873015873,0.963340873015873,0.298967857142857,0.963340873015873
"Tyrosine-protein kinase HCK",0,0.393087367724868,0.743267311507936,0.0498279761904762,0.0442915343915344,0.987499891774892,0.987499891774892,0.0996559523809524,0.0442915343915344,0.987499891774892,0.536243934240363
"Carbonic anhydrase XII",1,0.631154365079365,0.631154365079365,0.0996559523809524,0.631154365079365,0.631154365079365,1,0.631154365079365,0.631154365079365,0.87106684303351,0.631154365079365
"Histone deacetylase 1",1,0.950053412698413,1,0.991023082010582,0.950053412698413,1,1,0.950053412698413,0.950053412698413,0.950053412698413,1
"Lysophosphatidic acid receptor Edg-7",1,1,0.282358531746032,1,0,1,1,0.365405158730159,0.498279761904762,1,1
"PI3-kinase p110-gamma subunit",0.531498412698413,1,1,1,1,1,1,0.531498412698413,1,1,1
"PI4-kinase beta subunit",0.43184246031746,0.664373015873016,0.664373015873016,0.43184246031746,0.896903571428571,1,0.885830687830688,1,0.664373015873016,1,1
"Cathepsin L2",1,1,1,1,1,1,1,1,1,1,1
"Urokinase-type plasminogen activator",0.15502037037037,1,0.902440013227513,1,0,0.348795833333333,0.15502037037037,0.902440013227513,1,1,1
"Testis-specific androgen-binding protein",1,1,1,1,1,1,1,1,1,1,1
"Caspase-6",0.575789947089947,1,0.354332275132275,1,0,0.911140136054422,0.116265277777778,0.575789947089947,1,1,0.575789947089947
"Cyclin-dependent kinase 4",0.0166093253968254,1,1,0,1,1,1,0.354332275132275,1,1,1
"Histone deacetylase 11",0.996559523809524,0.996559523809524,0.996559523809524,0.996559523809524,1,1,1,1,0.996559523809524,1,1
"Sodium-dependent proline transporter",1,0.232530555555556,1,0.83995731292517,0.132874603174603,1,1,0.132874603174603,0.0996559523809524,0.83995731292517,0.174397916666667
"Matrix metalloproteinase-1",1,1,1,1,1,1,1,1,1,1,1
"Matrix metalloproteinase-2",0.824929828042328,1,0.867837251984127,0.824929828042328,0.61454503968254,0.824929828042328,0.824929828042328,0.531498412698413,1,0.867837251984127,1
"Protein-tyrosine phosphatase 1B",1,0.348795833333333,0.671016746031746,0.348795833333333,0.348795833333333,1,0.348795833333333,1,0.802784060846561,1,1
"Acetyl-CoA carboxylase 1",0.182702579365079,0.210384788359788,0.653300132275132,0.182702579365079,1,1,0.738192239858907,0.611223174603175,0.738192239858907,0.589631051587302,0.730810317460317
"Serotonin 6 (5-HT6) receptor",0.571360793650794,1,0.571360793650794,0.398623809523809,0.673864058956916,0.673864058956916,1,0.398623809523809,0.685134672619048,0.398623809523809,0.756647045855379
"MAP kinase ERK1",0.465061111111111,0.357100496031746,0.357100496031746,0.357100496031746,0.357100496031746,0.770672698412698,0.465061111111111,0.465061111111111,0.620081481481482,0.465061111111111,1
"Cytochrome P450 2C9",0.232530555555556,1,0.963340873015873,1,0.730810317460318,0.963340873015873,0.730810317460318,0.970722795414462,0.730810317460318,0.970722795414462,0.465061111111111
"Probable G-protein coupled receptor 88",1,1,1,1,0.697591666666667,1,1,1,1,1,1
"Cytochrome P450 3A4",1,0.963340873015873,1,1,1,1,1,1,1,1,1
"Pregnane X receptor",1,1,1,0.913512896825397,1,1,0.979950198412698,1,0.913512896825397,0.979950198412698,1
"Carboxypeptidase B2 isoform A",0.786174735449735,0.786174735449735,1,0,0.12180171957672,0.811484183673469,1,0.116265277777778,1,0.622849702380952,1
"Serotonin 5a (5-HT5a) receptor",1,0.55364417989418,1,1,0.73911498015873,0.55364417989418,1,0.365405158730159,1,1,1
"Estrogen-related receptor alpha",0,1,0.282358531746032,0,0.174397916666667,1,1,0.0885830687830688,0.212599365079365,1,1
"Amine oxidase, copper containing",0,1,0.110728835978836,0.0332186507936508,1,1,1,1,1,0.573021726190476,1
"Protein kinase C zeta",0,0.537034854497355,0.484992301587302,0.92181755952381,0.0664373015873016,1,0.484992301587302,1,1,0.484992301587302,0.92181755952381
"Melanin-concentrating hormone receptor 1",0.0885830687830688,0.387550925925926,0.581326388888889,0.0885830687830688,0.305611587301587,0.305611587301587,0.643233874458874,0.0885830687830688,0.643233874458874,0.460315589569161,0.643233874458874
"Caspase-7",0.764028968253968,1,1,0.780638293650794,1,1,1,1,1,1,1
"C-C chemokine receptor type 3",1,1,1,0.0996559523809524,1,0.571360793650794,1,0.571360793650794,0.39862380952381,1,0.571360793650794
"Phospholipase A2 group IIA",1,1,1,1,1,1,1,1,1,1,1
"Plasminogen activator inhibitor-1",1,1,1,0.996559523809524,1,1,1,1,1,1,1
"Inhibitor of nuclear factor kappa B kinase alpha subunit",0.863684920634921,1,1,0.232530555555556,1,1,1,1,0.863684920634921,1,1
"Proteasome Macropain subunit",1,1,1,1,1,1,1,1,1,1,1
"Carbonic anhydrase XIV",0.981795679012346,0.981795679012346,0.981795679012346,0.298967857142857,0.697591666666667,0.981795679012346,1,1,0.981795679012346,0.981795679012346,0.981795679012346
"LDL-associated phospholipase A2",0.265749206349206,0.564717063492064,0.453988227513228,0.873175963718821,1,1,1,0.609008597883598,0.591291984126984,0.298967857142857,1
"Cytochrome P450 17A1",1,1,0.423537797619048,0.423537797619048,0.423537797619048,1,1,1,0.423537797619048,1,1
"Histone deacetylase 4",1,1,1,1,1,1,1,1,0.298967857142857,1,1
"Inhibitor of nuclear factor kappa B kinase epsilon subunit",0.310040740740741,0.819393386243386,0.819393386243386,1,0.819393386243386,0.819393386243386,0.310040740740741,0.819393386243386,0.946731547619048,0.0332186507936508,0.819393386243386
"Phosphodiesterase 9A",0.365405158730159,1,1,1,1,1,1,1,1,0.481670436507937,1
"Tyrosine-protein kinase TYK2",1,1,1,1,1,1,1,1,1,0.764028968253968,1
"Steryl-sulfatase",0,1,0.725273875661376,0.724166587301587,0.21592123015873,1,0.754537925170068,1,0.653300132275132,0.697591666666667,1
"Nitric-oxide synthase, brain",0.0664373015873016,0.298967857142857,1,0,0.199311904761905,1,1,0.0775101851851852,0.245818015873016,1,1
"Cholesteryl ester transfer protein",0.963340873015873,0.943409682539682,0.963340873015873,1,0.714200992063492,0.963340873015873,1,1,0.943409682539682,0.943409682539682,0.714200992063492
"Protein kinase C epsilon",0.116265277777778,1,1,1,1,1,1,1,0.0664373015873016,1,1
"Dual specificity mitogen-activated protein kinase kinase 1",1,0.0996559523809524,0.223039512471655,0.172736984126984,0.460908779761905,0.586862830687831,0.172736984126984,1,0.172736984126984,0.172736984126984,0.223039512471655
"Adenosine kinase",0.116265277777778,1,0.21592123015873,0.116265277777778,1,0.12180171957672,1,1,1,0.451773650793651,1
"Hormone sensitive lipase",0.55364417989418,0.372048888888889,0.372048888888889,0.0885830687830688,0.0664373015873016,0.930122222222222,1,0.0885830687830688,0.569462585034014,1,0.992868562610229
"Carbonic anhydrase IX",0.631154365079365,0.631154365079365,0.083046626984127,0.772333630952381,0,1,0.631154365079365,0.631154365079365,0.688100623582766,1,1
"Protein kinase C eta",1,0.863684920634921,1,1,1,1,1,0.863684920634921,1,1,1
"Cytochrome P450 2C19",1,0.631154365079365,1,0.631154365079365,0.132874603174603,1,1,0.0664373015873016,0.631154365079365,1,1
"Quinone reductase 1)",0.0166093253968254,0.689287003968254,1,0.376478042328042,0.0166093253968254,0.689287003968254,1,0.451773650793651,0.476133994708995,0.451773650793651,1
"Casein kinase II alpha",0.509352645502645,1,1,0.365405158730159,0.509352645502645,1,0.669118537414966,0.509352645502645,0.509352645502645,0.979950198412698,0.509352645502645
"Opioid growth factor receptor-like protein 1",1,1,1,1,1,1,1,1,1,1,1
"Kininogen-1",0.597935714285714,1,1,1,1,1,1,1,1,1,1
"Acetyl-coenzyme A transporter 1",0.939613265306122,1,1,0.939613265306122,0.939613265306122,1,0.939613265306122,0.939613265306122,0.939613265306122,1,0.939613265306122
"Fibroblast growth factor receptor 1",0.0110728835978836,0.442915343915344,0.767719929453263,0.0110728835978836,0.442915343915344,1,0.767719929453263,0.298967857142857,0.0110728835978836,0.767719929453263,1
"PI4-kinase alpha subunit",0.491636031746032,0.491636031746032,1,1,0.132874603174603,0.491636031746032,1,0.491636031746032,1,1,1
"Arachidonate 12-lipoxygenase",0.805552281746032,0.249139880952381,1,1,0,1,1,0.775101851851852,1,1,1
"Autotaxin",0.950053412698413,0.797247619047619,1,1,0.797247619047619,0.797247619047619,1,1,1,0.797247619047619,1
"ADAM17",0.0664373015873016,0.83711,1,0.0332186507936508,1,1,1,0.755724305555556,0.27682208994709,1,1
"Prostanoid EP3 receptor",0.382014484126984,0.382014484126984,1,0.382014484126984,0.199311904761905,0.531498412698413,0.382014484126984,1,0.382014484126984,1,0.384387244897959
"Hepatocyte growth factor receptor",0,0.786174735449735,0.810535079365079,0.404160251322751,0.718353323412698,0.249139880952381,0.199311904761905,0.697591666666667,1,0.249139880952381,0.332186507936508
"Carbonic anhydrase IV",0.365405158730159,0.573021726190476,1,0,1,0.573021726190476,1,1,1,1,1
"11-beta-hydroxysteroid dehydrogenase 2",0,1,0.819393386243386,0.357100496031746,1,0.357100496031746,0.487206878306878,0.357100496031746,0.722505654761905,0.391980079365079,0.659627494331066
"Histamine H4 receptor",0.437378902116402,0.842923263888889,1,0.15502037037037,0.279036666666667,0.15502037037037,1,1,0.15502037037037,0.257444543650794,0.602681235827664
"Beta-glucosidase",1,1,1,1,0.943409682539682,0.943409682539682,1,1,0.0332186507936508,0.597935714285714,0.943409682539682
"Urotensin II receptor",0.83046626984127,0.808320502645503,1,1,1,1,1,1,0.808320502645503,0.808320502645503,1
"Metabotropic glutamate receptor 1",0.0166093253968254,1,1,0.15502037037037,0.481670436507937,1,1,1,0,1,1
"Dual specificity phosphatase Cdc25A",1,1,1,1,1,1,1,1,1,1,1
"Caspase-8",1,0.813856944444445,0.896903571428572,0.813856944444445,0.896903571428572,0.896903571428572,0.896903571428572,0.896903571428572,0.896903571428572,0.896903571428572,0.896903571428572
"Interleukin-1 receptor-associated kinase 4",0.697591666666667,1,1,0.697591666666667,1,1,1,0.697591666666667,1,1,1
"Histone acetyltransferase p300",0,1,0.387550925925926,0.0166093253968254,0.917665228174603,0.207616567460317,0.352117698412698,0.0885830687830688,1,0.588444671201814,1
"Hydroxycarboxylic acid receptor 2",1,0.852612037037037,0.852612037037037,1,0.852612037037037,0.852612037037037,1,1,0.852612037037037,1,0.852612037037037
"Serine/threonine-protein kinase PLK4",0.911140136054422,0.874757804232804,1,1,0.874757804232804,1,1,0.874757804232804,0.874757804232804,0.874757804232804,0.874757804232804
"Melanocortin receptor 1",1,1,1,1,1,1,1,1,1,1,1
"Calcitonin gene-related peptide type 1 receptor",0.298967857142857,0.507770804988662,0.507770804988662,1,0.298967857142857,1,0.507770804988662,0.91166741622575,0.813856944444445,0.507770804988662,0.507770804988662
"T-cell protein-tyrosine phosphatase",1,1,1,1,1,1,1,1,1,1,1
"Cytosolic phospholipase A2",1,0.465061111111111,0.651085555555556,0.651085555555556,0.736346759259259,0.959649911816579,0.950883878968254,0.465061111111111,0.740301360544218,0.465061111111111,1
"Hexokinase type IV",1,1,1,1,1,1,1,1,1,1,1
"Serine/threonine-protein kinase NEK2",0.287894973544974,0.249139880952381,0.934274553571429,0.98548664021164,0.934274553571429,1,0.772333630952381,1,0.232530555555556,0.934274553571429,0.883616111111111
"LIM domain kinase 1",0.797247619047619,1,1,1,1,1,1,1,1,1,1
"Cathepsin L",0.531498412698413,1,1,1,1,1,1,1,1,1,1
"Protein kinase C mu",0.0332186507936508,0.473365773809524,0.813856944444444,0.0332186507936508,0.922740299823633,0.376478042328042,0.922740299823633,0.987499891774892,0.887412528344671,0.813856944444444,0.987499891774892
"Protein-tyrosine phosphatase 2C",0.609008597883598,1,0.792502097505669,0.609008597883598,0.609008597883598,1,0.710879126984127,0.792502097505669,0.705896329365079,1,1
"Matrix metalloproteinase 14",1,1,1,1,1,1,1,1,1,1,1
"Heat shock protein HSP 90-alpha",0.473365773809524,1,1,0.473365773809524,1,1,1,0.473365773809524,0.677660476190476,0.473365773809524,1
"Sodium/glucose cotransporter 2",0.498279761904762,1,1,1,1,1,1,1,1,1,1
"Calpain 1",1,1,1,1,1,1,1,1,1,1,1
"Sphingosine 1-phosphate receptor Edg-3",0.880294246031746,1,1,1,1,0.880294246031746,1,1,1,1,1
"Bone morphogenetic protein 1",0.298967857142857,1,0.684304206349206,1,0.83046626984127,0.83046626984127,1,1,0.684304206349206,0.684304206349206,0.684304206349206
"Glutathione S-transferase Pi",0.0498279761904762,0.275240249433107,1,0.0332186507936508,0.132874603174603,1,0.52319375,0.132874603174603,0.210384788359788,0.0664373015873016,1
"Tyrosine-protein kinase Lyn",0.41191126984127,0.620081481481482,0.41191126984127,0.620081481481482,0.232530555555556,0.41191126984127,0.39862380952381,0.620081481481482,0.717522857142857,1,0.620081481481482
"Ribosomal protein S6 kinase alpha 2",1,1,1,1,1,1,1,1,1,1,1
"Carbonic anhydrase XIII",1,1,1,1,1,1,1,1,1,1,1
"Complement C1s",1,0.631154365079365,0.926800357142857,0.310040740740741,0.0996559523809524,0.415233134920635,0.415233134920635,0.415233134920635,0.0996559523809524,0.926800357142857,0.926800357142857
"Protein kinase C theta",1,1,1,0.664373015873016,0.498279761904762,1,1,1,0.896903571428571,1,1
"Heparanase",0.869221362433862,0.869221362433862,0.893883694083694,0.869221362433862,0.869221362433862,0.869221362433862,0.892158049886621,0.893883694083694,0.869221362433862,0.893883694083694,0.893883694083694
"Methionine aminopeptidase 2",1,0.609008597883598,1,0.609008597883598,0.631154365079365,1,0.991814002267574,0.609008597883598,1,0.941195105820106,0.664373015873016
"Serine/threonine-protein kinase Aurora-C",1,1,1,1,1,1,1,1,1,1,1
"Quinone reductase 2",1,1,1,0.808320502645503,0.808320502645503,1,1,1,1,0.697591666666667,1
"MAP kinase p38 beta",1,1,0.996559523809524,1,1,1,1,1,1,1,1
"Carbonic anhydrase VB",0.199311904761905,1,1,1,1,1,1,1,0.332186507936508,1,1
"GAR transformylase",1,0,0.621663321995465,0.0996559523809524,0.426306018518519,0.225886825396825,0.0332186507936508,1,0.764028968253968,0.0996559523809524,0.878448765432099
"Proteinase-activated receptor 1",0.470597552910053,1,1,0.470597552910053,0.470597552910053,0.878448765432099,0.878448765432099,0.470597552910053,0.470597552910053,0.470597552910053,0.878448765432099
"Fructose-1,6-bisphosphatase",1,1,1,1,1,1,1,1,1,1,1
"Dipeptidyl peptidase II",0.890259841269841,1,1,0.890259841269841,1,0.890259841269841,0.890259841269841,1,0.890259841269841,1,1
"Peroxisome proliferator-activated receptor delta",0.0664373015873016,0.199311904761905,0.110728835978836,0.0664373015873016,1,0.963340873015873,0.232530555555556,0.260212764550265,1,0.963340873015873,0.877921485260771
"Serine/threonine-protein kinase 10",0.514889087301587,0.747419642857143,1,0.0664373015873016,0.188239021164021,1,0.740301360544218,0.647763690476191,0.188239021164021,0.760338007054674,0.647763690476191
"Dual specificity protein kinase TTK",0.880294246031746,0.714200992063492,1,0.714200992063492,0.43184246031746,0.882667006802721,1,0.880294246031746,1,0.714200992063492,1
"Coagulation factor VII",0.39862380952381,0.925376700680272,1,0.631154365079365,1,0.631154365079365,0.631154365079365,1,1,0.631154365079365,0.631154365079365
"PI3-kinase p110-alpha subunit",0.575789947089947,1,0.991814002267574,0.575789947089947,0.991814002267574,0.991814002267574,1,0.61454503968254,0.575789947089947,1,1
"Tyrosine-protein kinase ABL2",0.365405158730159,1,1,1,1,1,0.797247619047619,1,1,1,1
"C-C chemokine receptor type 2",0.083046626984127,1,0.564717063492064,1,0.083046626984127,1,0.55364417989418,1,1,1,1
"Glutamate receptor ionotropic, AMPA 2",1,0.387550925925926,0.584648253968254,0.43184246031746,0,1,0.387550925925926,0.669118537414966,1,0.669118537414966,1
"Neuropeptide Y receptor type 2",1,1,0.797247619047619,1,1,0.43184246031746,1,1,0.797247619047619,0.797247619047619,1
"HMG-CoA reductase",1,1,1,1,1,1,1,1,1,1,1
"Signal transducer and activator of transcription 3",1,1,1,1,1,1,1,1,1,1,1
"Interleukin-8 receptor A",0.498279761904762,1,1,1,0.863684920634921,0.863684920634921,1,1,0.863684920634921,0.498279761904762,1
"Cyclin-dependent kinase 5",1,1,1,0.896903571428571,1,1,1,1,1,0.896903571428571,1
"MAP kinase ERK2",0.132874603174603,0.622849702380952,0.640645408163265,0.640645408163265,0.622849702380952,0.622849702380952,0.640645408163265,1,1,1,1
"Cystic fibrosis transmembrane conductance regulator",0.265749206349206,1,0.923478492063492,0.265749206349206,1,0.622849702380952,1,0.622849702380952,1,1,1
"Chymase",1,0.916834761904762,1,0.916834761904762,1,0.916834761904762,1,0.916834761904762,1,0.531498412698413,1
"Casein kinase II alpha (prime)",1,0.631154365079365,1,1,1,1,1,1,1,1,1
"Cathepsin B",0.81717880952381,1,0.81717880952381,0.81717880952381,1,0.847075595238095,0.847075595238095,0.847075595238095,1,0.81717880952381,0.81717880952381
"Matrix metalloproteinase 7",1,1,1,1,1,1,1,1,1,1,1
"Bombesin receptor subtype-3",1,1,1,1,0.265749206349206,1,1,0.43184246031746,1,1,1
"LXR-beta",1,1,1,0,1,1,1,1,1,1,1
"Neurotensin receptor 1",0,0.218293990929705,0.0332186507936508,0.21592123015873,0.107960615079365,0.768181299603175,0,0.186024444444444,1,1,1
"Tyrosine-protein kinase TIE-2",1,1,1,1,1,1,1,1,1,1,1
"Fibroblast growth factor receptor 2",1,0.597935714285714,0.597935714285714,0.597935714285714,0.597935714285714,1,0.597935714285714,0.963340873015873,0.597935714285714,1,1
"Histone deacetylase 9",0.166093253968254,0.465061111111111,0.465061111111111,0.0664373015873016,0.465061111111111,0.819393386243386,0.953375277777778,0.265749206349206,0.373709821428571,1,0.819393386243386
"Fatty acid synthase",0.520425529100529,0.12180171957672,1,0,1,0.520425529100529,1,0.12180171957672,0.224225892857143,1,1
"c-Jun N-terminal kinase 2",1,1,1,1,1,1,1,1,1,1,1
"Sodium channel protein type II alpha subunit",1,1,1,1,1,1,1,1,1,1,1
"Monoglyceride lipase",0.0664373015873016,0.852612037037037,1,0.0664373015873016,1,1,1,1,1,1,1
"Inhibitor of apoptosis protein 3",1,1,1,1,1,1,1,1,1,1,1
"Serine/threonine-protein kinase 2",0.704235396825397,0.704235396825397,1,0.611223174603175,0.704235396825397,0.704235396825397,0.704235396825397,0.298967857142857,0.298967857142857,0.611223174603175,0.611223174603175
"Dual specificity protein kinase CLK4",0.0332186507936508,1,0.896903571428571,0.116265277777778,1,1,1,1,1,1,1
"MAP kinase signal-integrating kinase 2",1,0.83046626984127,1,1,1,1,1,1,1,1,1
"Proteasome component C5",1,1,1,0.0332186507936508,1,1,1,1,1,1,1
"Tyrosine-protein kinase FRK",0.564717063492064,1,1,0.680982341269841,1,0.841539153439153,1,1,1,1,1
"Dual specificty protein kinase CLK1",0,0.0110728835978836,0,0.0664373015873016,0.269901537698413,0.338830238095238,0.0797247619047619,0.110728835978836,0.180329818594104,0.280513051146384,0.401643686868687
"Dual specificity protein kinase CLK2",1,1,1,1,1,1,1,1,1,1,1
"Lipoxin A4 receptor",1,1,1,1,1,1,1,1,0.43184246031746,1,1
"Estradiol 17-beta-dehydrogenase 3",0.498279761904762,1,1,1,1,0.498279761904762,1,1,1,1,1
"11-beta-hydroxysteroid dehydrogenase 1",0.91166741622575,0.166093253968254,1,0.70866455026455,0.365405158730159,0.91166741622575,1,0.91166741622575,0.876972380952381,0.876972380952381,0.91166741622575
"Ribosomal protein S6 kinase alpha 5",0.132874603174603,0.591291984126984,1,0.591291984126984,0.591291984126984,1,1,1,0.591291984126984,1,1
"ALK tyrosine kinase receptor",0.0996559523809524,0.199311904761905,0.583699149659864,0.373709821428571,1,1,0.583699149659864,1,0.365405158730159,0.583699149659864,1
"Hypoxia-inducible factor 1 alpha",1,1,0.813856944444445,0.813856944444445,0.813856944444445,1,1,0.813856944444445,1,0.890259841269841,1
"TGF-beta receptor type II",1,0.107960615079365,0.724166587301587,0.0332186507936508,0.107960615079365,0.442915343915344,0.107960615079365,0.450824546485261,0.724166587301587,0.724166587301587,0.42519873015873
"Serine/threonine-protein kinase AKT",0.930122222222222,0.690947936507937,0.990519769119769,0.990519769119769,0.448451785714286,0.690947936507937,0.990519769119769,0.690947936507937,0.990519769119769,0.448451785714286,0.990519769119769
"Sodium channel protein type IX alpha subunit",1,0.772333630952381,1,0.348795833333333,0.790603888888889,1,0.772333630952381,1,1,0.348795833333333,1
"P-glycoprotein 1",0.531498412698413,1,1,1,0.548107738095238,1,1,1,1,1,1
"Heat shock protein HSP 90-beta",1,1,1,1,1,1,1,1,1,1,1
"Calcium-activated potassium channel subunit alpha-1",0.149483928571429,1,0.878448765432099,0.780638293650794,0.780638293650794,0.265749206349206,0.631154365079365,0.878448765432099,0.149483928571429,0.878448765432099,1
"Intermediate conductance calcium-activated potassium channel protein 4",0.055364417989418,0.0166093253968254,0.0664373015873016,1,0,0.161940922619048,0.0996559523809524,0.161940922619048,0.138411044973545,1,0.428151499118166
"Voltage-gated potassium channel subunit Kv1.5",0.199311904761905,0.645918209876543,0.989915793650794,0.30727251984127,0.465061111111111,0.358761428571429,0.465061111111111,0.465061111111111,0.30727251984127,0.30727251984127,1
"Bradykinin B1 receptor",0.332186507936508,0.457679188712522,0.457679188712522,0.166093253968254,0,0.457679188712522,0.457679188712522,0.457679188712522,0.457679188712522,0.591291984126984,1
"Purinergic receptor P2Y1",0.741883201058201,0.743267311507936,0.741883201058201,0.741883201058201,1,1,0.743267311507936,0.741883201058201,0.937504144620811,0.741883201058201,0.741883201058201
"Sphingosine 1-phosphate receptor Edg-1",0.66022068452381,0.597935714285714,0.66022068452381,1,0.66022068452381,0.620081481481481,0.657729285714286,0.597935714285714,0.657729285714286,1,1
"Purine nucleoside phosphorylase",0.802784060846561,0.982322959183673,0.265749206349206,0.802784060846561,0.265749206349206,1,1,0.365405158730159,1,0.802784060846561,1
"Serine/threonine-protein kinase GAK",0,1,0.512516326530612,0,0.166093253968254,0.166093253968254,0.812011463844797,0.0221457671957672,0.166093253968254,0.780638293650794,1
"Induced myeloid leukemia cell differentiation protein Mcl-1",1,1,1,1,1,1,1,1,1,1,1
"Dual-specificity tyrosine-phosphorylation regulated kinase 2",0.996559523809524,1,1,1,1,1,1,1,1,1,1
"Gastric inhibitory polypeptide receptor",1,1,1,1,1,1,1,1,1,1,1
"Matrix metalloproteinase 12",0.672677678571429,0.257444543650794,1,0.265749206349206,0.0332186507936508,0.257444543650794,0.33772294973545,0.503025283446712,0.083046626984127,1,1
"Sphingosine kinase 1",0,0,0.0885830687830688,0.204848346560847,0.42235141723356,0.516734567901235,0.204848346560847,0.116265277777778,0.945221608946609,0.62118876984127,0.444299454365079
"Phosphodiesterase 8B",1,0.969984603174603,1,0.631154365079365,0.631154365079365,1,1,0.631154365079365,1,0.631154365079365,1
"Phosphodiesterase 10A",0,1,1,0.465061111111111,1,0.752956084656085,1,1,0.609008597883598,0.752956084656085,0.752956084656085
"Free fatty acid receptor 1",0,0.860363055555556,0.509352645502645,0.0885830687830688,0.83046626984127,0.509352645502645,0.860363055555556,0.509352645502645,0.860363055555556,0.0885830687830688,1
"Prostanoid DP receptor",0.453988227513228,1,0.915885657596372,1,0.453988227513228,0.880294246031746,0.453988227513228,1,0.672677678571429,0.880294246031746,1
"Neurokinin 3 receptor",1,1,0.182702579365079,1,0.0332186507936508,1,1,0.880294246031746,1,0.332186507936508,1
"TGF-beta receptor type I",1,0.511567222222222,0.511567222222222,0.511567222222222,0.511567222222222,1,0.511567222222222,1,1,0.6754458994709,1
"C-X-C chemokine receptor type 3",1,0.597935714285714,1,0.597935714285714,1,1,1,1,0.631154365079365,0.631154365079365,1
"Vitamin K-dependent protein C",0.788942956349206,0.85893939909297,0.788942956349206,0.788942956349206,0.857041190476191,1,0.788942956349206,1,1,0.85893939909297,1
"Tyrosine-protein kinase FGR",1,1,1,1,1,1,1,1,1,1,1
"NAD-dependent deacetylase sirtuin 3",1,1,1,1,1,1,1,1,1,1,1
"NAD-dependent deacetylase sirtuin 2",0.981795679012346,0.39862380952381,0.398623809523809,0.905208234126984,0.265749206349206,1,0.265749206349206,0.905208234126984,0.905208234126984,1,0.905208234126984
"Acyl coenzyme A:cholesterol acyltransferase 2",0,0.254676322751323,0.514889087301587,0.900594532627866,0.254676322751323,0.542571296296296,0.664373015873016,1,0.555226020408163,0.542571296296296,0.999881388888889
"Voltage-gated N-type calcium channel alpha-1B subunit",0,0.933813183421517,0.274053869047619,0,1,1,0.70866455026455,0.221457671957672,0.690947936507937,0.714200992063492,0.714200992063492
"Nitric oxide synthase, inducible",0.55364417989418,0.808320502645503,0.647763690476191,0.647763690476191,0.55364417989418,1,0.55364417989418,1,0.606240376984127,0.676830009920635,0.676830009920635
"Serine/threonine-protein kinase PAK 4",0.0332186507936508,0.257444543650794,0.593783382936508,0.382014484126984,1,0.593783382936508,0.257444543650794,0.382014484126984,1,1,0.257444543650794
"Ribosomal protein S6 kinase 1",1,1,1,1,1,1,1,1,1,1,1
"NAD-dependent deacetylase sirtuin 1",0.0996559523809524,1,1,1,0.110728835978836,0.406928472222222,0.110728835978836,1,1,1,1
"Glutaminyl-peptide cyclotransferase",1,0.896903571428571,0.989915793650794,1,0.989915793650794,1,1,0.989915793650794,0.989915793650794,1,1
"Serine/threonine-protein kinase PIM2",0.83046626984127,0.458417380952381,0.458417380952381,0.458417380952381,0.635306696428571,1,0.458417380952381,0.458417380952381,1,0.635306696428571,0.635306696428571
"TRAF2- and NCK-interacting kinase",0.0775101851851852,1,0.636690806878307,0.282358531746032,0,1,0.636690806878307,0.0664373015873016,1,0.959188541666667,0.959188541666667
"Coagulation factor XIII",0.252461746031746,0.252461746031746,0.925376700680272,1,0.252461746031746,0.979950198412698,1,0.252461746031746,0.252461746031746,1,0.786174735449735
"5-lipoxygenase activating protein",0.0166093253968254,0.773994563492064,0.21592123015873,0,0.704973589065256,0.96636075036075,0.42235141723356,0.143947486772487,0.315577182539683,0.315577182539683,0.440147123015873
"Neuropeptide Y receptor type 5",1,0.977577437641723,0.977577437641723,0.977577437641723,1,1,0.977577437641723,0.977577437641723,0.977577437641723,0.977577437641723,1
"Kinesin-like protein 1",0.810535079365079,1,1,0.810535079365079,0.810535079365079,0.863684920634921,0.810535079365079,0.810535079365079,1,1,0.968086394557823
"Matrix metalloproteinase 8",0.481670436507937,1,0.481670436507937,0.481670436507937,1,1,1,1,0.481670436507937,0.810535079365079,1
"C-C chemokine receptor type 8",1,1,1,1,1,1,1,1,1,1,1
"Tyrosine kinase non-receptor protein 2",1,1,1,1,1,1,1,1,0.0332186507936508,0.797247619047619,1
"Serine/threonine-protein kinase PAK 1",1,1,0.930122222222222,1,1,1,1,1,1,1,1
"Tyrosine-protein kinase BRK",0.157788591269841,0.730810317460317,0.841539153439153,0.157788591269841,0,1,1,0.509352645502645,0.730810317460317,0.132874603174603,0.298967857142857
"Melanocortin receptor 5",0.552260069444445,0.552260069444445,1,0.43184246031746,0.0332186507936508,1,1,0.149483928571429,0.552260069444445,0.552260069444445,0.354332275132275
"Ghrelin receptor",0.85893939909297,0.852612037037037,0.783960158730159,0.959188541666667,0.332186507936508,1,1,0.382014484126984,1,0.465061111111111,0.465061111111111
"Phenylethanolamine N-methyltransferase",0.348795833333333,0.298967857142857,0.59424475308642,0.59424475308642,0.59424475308642,0.913512896825397,0.59424475308642,0.59424475308642,0.59424475308642,0.59424475308642,0.987499891774892
"Leukotriene A4 hydrolase",0.0332186507936508,0.357100496031746,1,0.398623809523809,0.357100496031746,1,1,0.357100496031746,0.358761428571429,0.669118537414966,0.755724305555556
"Apoptosis regulator Bcl-X",0.6754458994709,1,0.365405158730159,0.901055902777778,1,1,0.901055902777778,0.901055902777778,0.6754458994709,0.722505654761905,0.901055902777778
"Serine/threonine-protein kinase Chk1",1,1,1,1,1,1,1,1,0.896903571428571,1,1
"Voltage-gated potassium channel subunit Kv1.3",0.481670436507937,0.484992301587302,0.52319375,0.0664373015873016,1,1,0.52319375,0.481670436507937,0.481670436507937,1,0.52319375
"Voltage-gated T-type calcium channel alpha-1G subunit",1,1,1,1,1,1,1,1,1,1,1
"Melanocortin receptor 3",0.916834761904762,0.916834761904762,0.182702579365079,0.207616567460317,0.132874603174603,1,0.916834761904762,0.916834761904762,0.916834761904762,0.207616567460317,0.916834761904762
"Dipeptidyl peptidase VIII",0.0332186507936508,0.357100496031746,0.450824546485261,0.332186507936508,0.265749206349206,0.409696693121693,0.409696693121693,1,1,1,0.979950198412698
"Lymphocyte differentiation antigen CD38",1,0.70866455026455,1,0.664373015873016,1,1,1,1,1,0.70866455026455,1
"Proteasome Macropain subunit MB1",1,1,1,1,1,1,1,1,1,1,1
"Apoptosis regulator Bcl-W",0.974413756613757,1,0.974413756613757,1,1,1,1,1,1,0.974413756613757,1
"Aldo-keto-reductase family 1 member C3",1,1,1,1,1,1,1,1,1,1,1
"Fibroblast activation protein alpha",0.936765952380952,1,0.999881388888889,0.936765952380952,0.936765952380952,0.936765952380952,0.936765952380952,0.999881388888889,0.999881388888889,0.999881388888889,0.999881388888889
"Indoleamine 2,3-dioxygenase",0,1,0.188239021164021,0.0166093253968254,0.930122222222222,1,1,1,0.52319375,0.92458578042328,0.644441825396825
"Malonyl-CoA decarboxylase",0.390319146825397,0.867006785714286,0.841539153439153,0.822161607142857,0.132874603174603,0.298967857142857,1,0.802784060846561,0.802784060846561,0.298967857142857,0.822161607142857
"Isoprenylcysteine carboxyl methyltransferase",1,1,0.581326388888889,1,0.581326388888889,0.581326388888889,1,0.581326388888889,0.581326388888889,0.581326388888889,1
"Serine/threonine-protein kinase Aurora-A",1,1,1,0.332186507936508,1,0.61454503968254,1,1,1,1,1
"C3a anaphylatoxin chemotactic receptor",1,0.287894973544974,0.249139880952381,1,0.249139880952381,1,0.315577182539683,1,1,0.591291984126984,1
"Vesicular acetylcholine transporter",0.690947936507937,0.690947936507937,0.852612037037037,0.690947936507937,0.690947936507937,1,0.690947936507937,0.946731547619048,1,0.930122222222222,1
"Geranylgeranyl pyrophosphate synthetase",1,0.871989583333333,0.149483928571429,0.149483928571429,1,1,1,1,1,1,0.597935714285714
"Neuropeptide Y receptor type 1",0.43184246031746,1,0.943409682539682,0.943409682539682,1,1,1,1,0.943409682539682,0.943409682539682,1
"Carbonic anhydrase VA",1,1,1,1,1,1,1,1,1,1,1
"Endothelin-converting enzyme 1",0,0.578953628117914,0.157788591269841,0.0498279761904762,0.871989583333333,0.578953628117914,1,0.157788591269841,0.578953628117914,1,1
"Orexin receptor 2",1,0.952267989417989,0.887412528344671,0.797247619047619,0.887412528344671,0.952267989417989,0.887412528344671,1,0.887412528344671,0.887412528344671,0.887412528344671
"Dipeptidyl peptidase IX",1,1,1,0.847075595238095,1,1,1,1,1,0.847075595238095,1
"Vanilloid receptor",1,1,1,1,1,1,1,1,1,1,1
"Caspase-1",1,1,0.39862380952381,1,1,0.581326388888889,1,1,1,1,1
"Nitric-oxide synthase, endothelial",1,0.166093253968254,1,1,0.996559523809524,1,0.780638293650794,1,1,1,1
"Dual specificity phosphatase Cdc25B",0.989915793650794,1,1,0.989915793650794,0.989915793650794,0.989915793650794,1,1,1,0.989915793650794,1
"P2X purinoceptor 7",0.873175963718821,1,0.465061111111111,0.465061111111111,0.531498412698413,0.873175963718821,1,0.465061111111111,0.888598908730159,0.710879126984127,0.959649911816579
"Serine/threonine-protein kinase AKT3",1,1,1,1,1,1,1,1,1,1,1
"Beta-secretase 1",0.867375881834215,0.981460137085137,0.0332186507936508,0.210384788359788,0.132874603174603,0.315577182539683,0.981460137085137,0.597935714285714,0.802784060846561,0.867375881834215,0.867375881834215
"Acetyl-CoA carboxylase 2",0.714200992063492,1,1,0.232530555555556,0.714200992063492,1,1,0.714200992063492,1,1,1
"L-lactate dehydrogenase A chain",1,0.481670436507937,0.39862380952381,1,1,1,1,1,1,0.83046626984127,1
"C-X3-C chemokine receptor 1",0.0664373015873016,1,1,0.697591666666667,1,0.420769576719577,1,0.916834761904762,0.420769576719577,1,1
"Eukaryotic translation initation factor",0.435533421516755,0.435533421516755,0.404160251322751,0.315577182539683,0.0664373015873016,0.404160251322751,0.435533421516755,0.149483928571429,0.232530555555556,0.451773650793651,0.634174242424242
"Apoptosis regulator Bcl-2",0.989915793650794,0.989915793650794,1,0.989915793650794,1,0.989915793650794,1,0.989915793650794,1,1,1
"Cytochrome P450 1B1",1,1,1,1,1,1,1,1,1,1,1
"Tyrosine-protein kinase receptor UFO",0.0332186507936508,0.132874603174603,1,0.773994563492064,0.0332186507936508,0.773994563492064,0.773994563492064,0.132874603174603,0.531498412698413,0.773994563492064,0.55364417989418
"Neurotrophic tyrosine kinase receptor type 2",1,1,1,1,1,1,1,1,1,1,1
"Mitogen-activated protein kinase kinase kinase 8",1,1,1,0,0.149483928571429,1,1,0.597935714285714,0.604579444444444,0.597935714285714,1
"Low molecular weight phosphotyrosine protein phosphatase",0.418555,0.418555,0.418555,0.418555,1,0.689287003968254,0.797247619047619,0.689287003968254,1,0.689287003968254,0.418555
"Casein kinase I epsilon",0.89136712962963,0.89136712962963,1,0.89136712962963,0.89136712962963,1,1,0.89136712962963,1,1,0.89136712962963
"L-lactate dehydrogenase B chain",1,0.55364417989418,0.780638293650794,0.55364417989418,0.298967857142857,1,1,1,1,1,1
"S-methyl-5-thioadenosine phosphorylase",0.514889087301587,0.321113624338624,0.321113624338624,1,0.321113624338624,1,0.750741507936508,1,0.791711177248677,1,1
"Proto-oncogene c-JUN",0.953849829931973,1,0.953849829931973,0.953849829931973,0.953849829931973,1,0.953849829931973,0.953849829931973,0.953849829931973,1,1
"Sodium/glucose cotransporter 1",1,1,0.974413756613757,0.498279761904762,0.974413756613757,1,1,1,1,1,1
"Transketolase",0,1,0.858148478835979,0,0.858148478835979,1,1,0.858148478835979,1,0.858148478835979,1
"Serine/threonine-protein kinase RIPK2",0.6754458994709,1,1,1,0.298967857142857,1,1,0.6754458994709,1,1,1
"p53-binding protein Mdm-2",0.471704841269841,0.759283446712018,0.884824062049062,0.182702579365079,0,0.884824062049062,0.884824062049062,0.471704841269841,0.884824062049062,0.232530555555556,0.631154365079365
"Serine-protein kinase ATR",0,0.542571296296296,0.542571296296296,0.166093253968254,0.542571296296296,1,0.542571296296296,1,1,1,0.83521179138322
"ADAM10",0.950053412698413,0.950053412698413,0.919049338624339,0.919049338624339,0.919049338624339,1,0.950053412698413,0.950053412698413,0.919049338624339,0.919049338624339,0.919049338624339
"Endoplasmic reticulum aminopeptidase 2",0.890863816738817,0.188239021164021,0.0332186507936508,0.254676322751323,0.0664373015873016,0.890259841269841,0.697591666666667,0.254676322751323,0.322695464852608,0.254676322751323,0.419385466269841
"G protein-coupled receptor 44",0.968877314814815,0.999579401154401,0.465061111111111,0.465061111111111,0.999579401154401,0.999579401154401,0.968877314814815,0.465061111111111,0.968877314814815,0.999579401154401,0.999579401154401
"Endothelial lipase",0.298967857142857,0.39862380952381,1,0.298967857142857,0.298967857142857,1,0.90936056547619,0.90936056547619,0.90936056547619,0.315577182539683,1
"Histone deacetylase 10",0,1,1,0,0.0221457671957672,1,1,0.406928472222222,0.869221362433862,0.511567222222222,1
"GABA receptor alpha-5 subunit",1,1,0.0664373015873016,1,0.315577182539683,1,1,1,1,1,1
"Orexin receptor 1",0.232530555555556,0.950053412698413,0.901649092970522,0.232530555555556,0.418555,1,0.950053412698413,0.232530555555556,0.232530555555556,0.950053412698413,0.764028968253968
"Discoidin domain-containing receptor 2",0.987068480725623,0,0.92458578042328,1,1,0.597935714285714,0.597935714285714,0.597935714285714,1,1,0.597935714285714
"Metabotropic glutamate receptor 2",0.481670436507937,0.545734977324263,0.343259391534392,0.49274332010582,0.343259391534392,1,0.49274332010582,0.343259391534392,1,1,1
"Cytochrome P450 26A1",0.448451785714286,0.465061111111111,0.685134672619048,1,0.465061111111111,0.448451785714286,0.685134672619048,0.793556657848325,0.465061111111111,0.465061111111111,1
"Serine/threonine-protein kinase B-raf",0.686518783068783,1,1,0.39862380952381,1,0.923478492063492,0.923478492063492,0.686518783068783,1,1,1
"Ephrin type-B receptor 4",0,0.745574162257496,0.132874603174603,0.886937976190476,0.0332186507936508,0.192668174603175,0.132874603174603,0.745574162257496,0.745574162257496,0.348795833333333,1
"Neuropilin-1",1,1,1,1,1,1,1,1,1,1,1
"dUTP pyrophosphatase",0.365405158730159,0.404160251322751,1,0.27682208994709,0.27682208994709,1,1,0.550480498866213,0.404160251322751,0.27682208994709,0.847075595238095
"Serine/threonine-protein kinase ILK-1",0,0.847075595238095,1,0.15502037037037,0.325542777777778,0.323881845238095,0.15502037037037,0.904285493827161,0.847075595238095,0.847075595238095,1
"Tyrosine-protein kinase BTK",0.816229705215419,1,0.692055224867725,0.692055224867725,0.498279761904762,0.692055224867725,1,0.531498412698413,0.955958950617284,0.90936056547619,0.692055224867725
"Serine/threonine-protein kinase TNNI3K",0.387550925925926,1,0.989915793650794,0.387550925925926,0.0332186507936508,0.387550925925926,0.387550925925926,0.387550925925926,0.650136451247166,0.989915793650794,0.651916021825397
"Cytochrome P450 2A6",1,1,1,0.930122222222222,1,1,1,1,1,1,1
"Mitogen-activated protein kinase kinase kinase 5",0.340491170634921,1,0.287894973544974,0.166093253968254,0.166093253968254,1,0.39862380952381,1,1,1,1
"Tyrosine-protein kinase receptor TYRO3",1,1,1,0.448451785714286,0.448451785714286,1,0.448451785714286,1,0.448451785714286,1,1
"Epithelial discoidin domain-containing receptor 1",0.686518783068783,0.686518783068783,0.686518783068783,0.686518783068783,0.83046626984127,0.83046626984127,1,0.686518783068783,0.83046626984127,0.686518783068783,0.979950198412698
"Proto-oncogene tyrosine-protein kinase MER",1,1,1,1,1,1,1,1,1,1,1
"Baculoviral IAP repeat-containing protein 3",1,0.963340873015873,1,0.116265277777778,0.116265277777778,1,0.963340873015873,0.963340873015873,0.440147123015873,0.310040740740741,1
"Poly [ADP-ribose] polymerase 2",0,1,1,1,0.398623809523809,0.531498412698413,1,1,1,0.182702579365079,1
"P-selectin",1,1,1,1,1,1,1,1,1,1,1
"ATP-binding cassette sub-family G member 2",0.901649092970522,0.639459027777778,0.639459027777778,1,0.639459027777778,0.639459027777778,1,1,1,0.791711177248677,0.791711177248677
"Pituitary adenylate cyclase-activating polypeptide type I receptor",0.887412528344671,0.0664373015873016,1,0.143947486772487,0.252461746031746,0.252461746031746,0.143947486772487,0.948577028218695,0.948577028218695,1,0.697591666666667
"Serine/threonine-protein kinase PIM3",0.27682208994709,0.272392936507937,0.272392936507937,0.0664373015873016,0.0664373015873016,1,0.460908779761905,0.460908779761905,0.272392936507937,1,1
"G-protein coupled bile acid receptor 1",0,0.564717063492063,0.725273875661376,0.725273875661376,0.759283446712018,0.773994563492064,0.448451785714286,0.773994563492064,0.772333630952381,0.725273875661376,0.902943326118326
"Metastin receptor",0.797247619047619,0.910191031746032,0.564717063492064,0.0498279761904762,0,0.910191031746032,0.365405158730159,0.310040740740741,0.910191031746032,0.797247619047619,1
"Cell division cycle 7-related protein kinase",0.591291984126984,0.232530555555556,0.896903571428572,0.290663194444444,0.0664373015873016,0.783011054421769,0.647763690476191,0.878448765432099,0.851227926587302,0.083046626984127,1
"Sodium channel protein type X alpha subunit",0.298967857142857,1,1,0.85893939909297,0.199311904761905,0.43184246031746,1,0.199311904761905,1,0.852612037037037,0.783960158730159
"Baculoviral IAP repeat-containing protein 2",0.764028968253968,1,1,0.365405158730159,1,1,1,1,1,1,1
"Receptor-interacting serine/threonine-protein kinase 1",0.673864058956916,1,0.149483928571429,0.673864058956916,0.0664373015873016,0.673864058956916,0.27682208994709,1,0.465061111111111,1,1
"Protein tyrosine kinase 2 beta",0.107960615079365,0.179380714285714,0.107960615079365,0.254676322751323,0.0664373015873016,0.882667006802721,0.107960615079365,1,1,1,1
"Perforin-1",0.315577182539683,1,0.963340873015873,0.315577182539683,1,1,1,1,0.83046626984127,0.905208234126984,1
"D-amino-acid oxidase",0.199311904761905,1,1,1,1,1,1,1,1,1,1
"Serine/threonine-protein kinase WEE1",0.132874603174603,0.43184246031746,0.83995731292517,0.0996559523809524,0.43184246031746,1,0.855380257936508,0.132874603174603,1,0.207616567460317,0.893212610229277
"Histone acetyltransferase PCAF",0,1,1,1,1,1,1,1,1,1,1
"Secreted frizzled-related protein 1",1,1,1,1,1,0.910191031746032,0.910191031746032,1,0.910191031746032,0.910191031746032,0.910191031746032
"Transient receptor potential cation channel subfamily V member 3",1,1,1,1,1,1,1,1,1,1,1
"Protein-arginine N-methyltransferase 1",0,0.984102529761905,0.423537797619048,0.0332186507936508,0.287894973544974,1,0.564717063492064,0.874757804232804,0.953849829931973,1,1
"Nuclear factor NF-kappa-B p65 subunit",1,0.717522857142857,1,0.717522857142857,0.697591666666667,0.717522857142857,1,0.717522857142857,1,1,1
"Dual specificity tyrosine-phosphorylation-regulated kinase 1B",0,0.973306468253968,0.852612037037037,0,0.83046626984127,1,0.973306468253968,0.714200992063492,0.354332275132275,0.85893939909297,0.973306468253968
"Acyl-CoA desaturase",1,0.343259391534392,1,0.305611587301587,0.305611587301587,0.305611587301587,0.305611587301587,0.640645408163265,0.305611587301587,0.755724305555556,1
"Proto-oncogene tyrosine-protein kinase ROS",0.575789947089947,1,0.651085555555556,0.265749206349206,0.913512896825397,1,0.913512896825397,0.913512896825397,0.651085555555556,0.265749206349206,1
"Lysyl-tRNA synthetase",0.509352645502645,1,0.707082709750567,1,0.669909457671958,0.669909457671958,0.509352645502645,0.938426884920635,0.509352645502645,0.581326388888889,1
"DNA-(apurinic or apyrimidinic site) lyase",1,1,1,1,1,1,1,1,1,1,1
"Glucose-dependent insulinotropic receptor",0.996559523809524,0.996559523809524,0.996559523809524,0.996559523809524,0.996559523809524,1,0.996559523809524,0.996559523809524,0.996559523809524,0.996559523809524,1
"Prostaglandin E synthase",0.511567222222222,0.0664373015873016,0.157788591269841,0.867375881834215,0.542571296296296,1,0.867375881834215,0.0498279761904762,0.0498279761904762,1,0.697591666666667
"G protein-coupled receptor kinase 5",0.0664373015873016,0.847075595238095,0.210384788359788,0.0664373015873016,0.290663194444444,0.592399272486772,0.318899047619048,0.847075595238095,0.847075595238095,0.847075595238095,0.999579401154401
"Egl nine homolog 1",0,1,0.758492526455027,0,0.758492526455027,1,1,1,0.586862830687831,0.672677678571429,1
"Elongation of very long chain fatty acids protein 6",1,1,1,1,1,1,1,1,1,1,1
"Glucagon",1,1,1,1,1,1,1,1,1,1,1
"CREB-binding protein",0.43184246031746,1,1,0.0332186507936508,1,0.85039746031746,1,0.55364417989418,0.631154365079365,1,1
"Mitogen-activated protein kinase kinase kinase 7",0,1,0.318899047619048,0.282358531746032,0.485822767857143,0.922740299823633,0.450824546485261,0.318899047619048,0.318899047619048,0.343259391534392,1
"Interferon-induced, double-stranded RNA-activated protein kinase",0.243603439153439,1,1,0,1,1,1,0.243603439153439,1,1,1
"Aldo-keto reductase family 1 member C2",1,1,1,1,0.43184246031746,1,1,1,1,1,1
"Trace amine-associated receptor 1",0.332186507936508,1,0.717522857142857,0.332186507936508,0.717522857142857,1,1,1,0.332186507936508,1,0.747419642857143
"Nuclear receptor ROR-alpha",0.332186507936508,0.863684920634921,0.863684920634921,1,0.863684920634921,1,0.863684920634921,0.863684920634921,0.863684920634921,1,1
"Heat shock factor protein 1",1,0.920631179138322,0.920631179138322,1,0.199311904761905,1,0.920631179138322,0.265749206349206,0.61454503968254,1,0.61454503968254
"Hematopoietic prostaglandin D synthase",0.0664373015873016,0.937504144620811,0.15502037037037,0.937504144620811,0.0664373015873016,0.783011054421769,0.279036666666667,1,0.257444543650794,0.548107738095238,1
"Aldo-keto reductase family 1 member C1",0.498279761904762,0.531498412698413,0.78986569664903,0.764028968253968,0.979950198412698,0.78986569664903,0.76956541005291,0.764028968253968,0.76956541005291,1,0.78986569664903
"Bifunctional protein NCOAT",1,1,0.0332186507936508,1,0,0.345473968253968,1,0.315577182539683,0.669909457671958,0.0332186507936508,1
"LIM domain kinase 2",0.310040740740741,0.243603439153439,0.370150680272109,0.166093253968254,0.310040740740741,0.243603439153439,0.542571296296296,0.649273629148629,0.310040740740741,0.551429603174603,0.406928472222222
"Serine/threonine-protein kinase PLK2",1,1,1,0.996559523809524,1,1,1,1,1,1,1
"Neuropeptide FF receptor 1",1,1,0.70866455026455,1,0.70866455026455,1,0.70866455026455,1,1,1,1
"Neuropeptide FF receptor 2",1,1,1,1,1,1,1,1,1,1,1
"IgG receptor FcRn large subunit p51",1,1,1,1,1,1,1,1,1,1,1
"Smoothened homolog",1,1,1,1,1,1,1,1,1,1,1
"Aldo-keto reductase family 1 member B10",1,1,1,0.788942956349206,1,0.788942956349206,1,0.697591666666667,1,0.697591666666667,1
"Serine/threonine-protein kinase 33",1,1,1,1,1,1,1,1,1,1,1
"Transient receptor potential cation channel subfamily A member 1",1,1,1,1,1,1,1,1,0.199311904761905,1,1
"Diacylglycerol O-acyltransferase 1",0.0221457671957672,0.700913531746032,0.039862380952381,0.105192394179894,0.0221457671957672,0.390319146825397,0.0221457671957672,1,0.0332186507936508,0.390319146825397,0.542571296296296
"Histone-lysine N-methyltransferase, H3 lysine-9 specific 3",1,1,1,1,0.132874603174603,1,1,1,1,1,1
"Lysine-specific histone demethylase 1",0.0664373015873016,1,1,1,1,1,1,1,1,1,1
"Alpha-synuclein",1,1,1,1,1,1,1,1,1,1,1
"Tankyrase-2",1,1,1,0.764028968253968,1,1,1,1,1,1,1
"Tankyrase-1",1,0.672677678571429,1,0.564717063492064,1,1,1,1,0.642227248677249,1,0.642227248677249
"Mitogen-activated protein kinase kinase kinase kinase 4",0.298967857142857,0.959649911816579,0.365405158730159,1,0.365405158730159,1,0.365405158730159,0.82097522675737,0.736346759259259,0.478348571428571,0.959649911816579
"Lysine-specific demethylase 4C",0.885830687830688,1,1,1,0.265749206349206,1,1,0.747419642857143,1,1,1
