"","EGFR","Hypoxia","JAK.STAT","MAPK","NFkB","PI3K","TGFb","TNFa","Trail","VEGF","p53"
"Arginase-1",0.221,0.361,0.354,0.43,0.003,0.478,0.084,0.047,0.007,0.031,0.137
"Leucine-rich repeat serine/threonine-protein kinase 2",0.005,0.426,0.356,0.04,0,0.212,0.547,0.016,0.039,0.37,0.132
"Tyrosyl-DNA phosphodiesterase 1",0.017,0.018,0.434,0.058,0.061,0.282,0.521,0.043,0.338,0.238,0.288
"Transitional endoplasmic reticulum ATPase",0.002,0.177,0.229,0.004,0.008,0.093,0.202,0.347,0.003,0.078,0.143
"Glucokinase regulatory protein",0.012,0.002,0.129,0.124,0.03,0.016,0,0.232,0.457,0.098,0.22
"Pyruvate kinase isozymes M1/M2",0.05,0.242,0.321,0.226,0.299,0.449,0.296,0.179,0.242,0.309,0.482
"Transient receptor potential cation channel subfamily M member 8",0.054,0.06,0.138,0.351,0.058,0.035,0.101,0.234,0.205,0.096,0.514
"G-protein coupled receptor 55",0.201,0.456,0.319,0.18,0.053,0.211,0.475,0.284,0.344,0.507,0.185
"Endoplasmin",0.311,0.168,0.365,0.337,0.08,0.386,0.37,0.056,0.353,0.403,0.163
"Serine/threonine-protein kinase/endoribonuclease IRE1",0.562,0.482,0.195,0.085,0.016,0.12,0.258,0.328,0.032,0.098,0.478
"NADPH oxidase 4",0.335,0.385,0.172,0.013,0.013,0.371,0.194,0.064,0.422,0.406,0.2
"Ketohexokinase",0.238,0.266,0.324,0.122,0.462,0.386,0.435,0.404,0.397,0.204,0.37
"Lethal(3)malignant brain tumor-like protein 1",0.251,0.115,0.26,0.293,0.426,0.02,0.07,0.294,0.038,0.339,0.344
"Microtubule-associated protein tau",0,0.307,0.163,0.003,0.195,0.364,0.238,0.084,0.379,0.241,0.098
"15-hydroxyprostaglandin dehydrogenase [NAD+]",0,0.127,0.088,0.243,0.047,0.099,0.089,0.466,0.015,0.402,0.029
"G-protein coupled receptor 35",0.001,0.375,0.15,0.003,0.081,0.103,0.207,0.326,0.025,0.495,0.383
"ATP-sensitive inward rectifier potassium channel 1",0.207,0.359,0.089,0.027,0,0.216,0.134,0.014,0.437,0.033,0.451
"Neuropeptides B/W receptor type 1",0.052,0.05,0.062,0.015,0.001,0.389,0.143,0.522,0.048,0.01,0.056
"Nuclear receptor ROR-gamma",0.143,0.248,0.392,0.341,0.085,0.355,0.251,0.01,0.431,0.182,0.417
"DNA topoisomerase I",0.024,0.525,0.076,0.083,0.558,0.391,0.139,0.103,0.433,0.072,0.256
"Farnesyl diphosphate synthase",0.021,0.074,0.518,0.002,0.371,0.171,0.399,0.434,0.503,0.231,0.368
"Glucagon-like peptide 1 receptor",0.354,0.107,0.29,0.001,0.01,0.343,0.311,0.171,0.04,0.224,0.131
"Endothelin receptor ET-B",0.156,0.547,0.138,0.007,0.195,0.521,0.289,0.176,0.004,0.439,0.388
"Steroid 5-alpha-reductase 1",0.217,0.24,0.473,0.267,0.292,0.326,0.476,0.481,0.058,0.144,0.563
"Vasopressin V2 receptor",0.299,0.029,0.222,0.205,0.19,0.081,0.394,0.369,0.213,0.105,0.395
"Somatostatin receptor 5",0.201,0.406,0.382,0.033,0.132,0.287,0.377,0.073,0.013,0.087,0.113
"Histone-lysine N-methyltransferase, H3 lysine-79 specific",0.413,0.348,0.024,0.271,0.015,0.165,0.305,0.501,0.151,0.548,0.308
"Bromodomain-containing protein 3",0.151,0.395,0.489,0.101,0.306,0.382,0.515,0.389,0.24,0.455,0.223
"Cysteinyl leukotriene receptor 1",0,0.475,0.089,0.006,0.011,0.312,0.358,0.021,0.166,0.333,0.443
"Plasminogen",0.281,0.336,0.097,0.386,0.494,0.083,0.291,0.246,0.037,0.103,0.505
"Leukocyte adhesion glycoprotein LFA-1 alpha",0.07,0.195,0.05,0.5,0.005,0.221,0.194,0.041,0.312,0.251,0.03
"Somatostatin receptor 2",0.284,0.474,0.266,0.298,0.073,0.195,0.114,0.032,0.473,0.107,0.271
"Muscarinic acetylcholine receptor M4",0.001,0.063,0.068,0,0.404,0.221,0.25,0.037,0.435,0.329,0.22
"Inosine-5'-monophosphate dehydrogenase 1",0.146,0.442,0.06,0.385,0.11,0.359,0.106,0.403,0.049,0.368,0.188
"Receptor protein-tyrosine kinase erbB-2",0.105,0.04,0.007,0.437,0.002,0.439,0.075,0.15,0.014,0.392,0.106
"TNF-alpha",0.003,0.208,0.098,0.002,0.002,0.404,0.455,0.01,0.283,0.068,0.225
"Phosphodiesterase 5A",0,0.066,0.112,0.001,0.281,0.46,0.064,0.007,0.257,0.143,0.221
"Serotonin 2b (5-HT2b) receptor",0.339,0.361,0.087,0.218,0.007,0.232,0.082,0.303,0.035,0.111,0.276
"Thromboxane-A synthase",0.009,0.097,0.007,0.004,0.061,0.242,0.019,0.312,0.273,0.203,0.367
"Prostanoid EP4 receptor",0.044,0.46,0.15,0.005,0.236,0.081,0.312,0.046,0.391,0.039,0.086
"Dopamine D5 receptor",0.466,0.265,0.027,0.002,0.146,0.026,0.426,0.306,0.314,0.411,0.086
"Somatostatin receptor 4",0,0.476,0.005,0.01,0.005,0.374,0.033,0.366,0.483,0.302,0.212
"Gonadotropin-releasing hormone receptor",0.462,0.17,0.104,0.431,0,0.182,0.078,0.022,0.394,0.097,0.425
"4-hydroxyphenylpyruvate dioxygenase",0.08,0.141,0.177,0.317,0.078,0.266,0.49,0.226,0.376,0.473,0.162
"Tyrosine-protein kinase ABL",0.033,0.199,0.32,0.545,0.013,0.098,0.066,0.463,0.272,0.319,0.363
"Vascular endothelial growth factor receptor 1",0.439,0.036,0.29,0.293,0.065,0.058,0.523,0.172,0.04,0.386,0.454
"Tissue-type plasminogen activator",0.456,0.166,0.367,0.129,0.001,0.12,0.144,0.01,0.482,0.045,0.454
"Calcium sensing receptor",0.006,0.06,0.358,0.053,0.111,0.367,0.31,0.311,0.226,0.421,0.118
"Neuronal acetylcholine receptor protein alpha-4 subunit",0.46,0.202,0.458,0.071,0.077,0.189,0.068,0.452,0.225,0.091,0.469
"Potassium channel, inwardly rectifying, subfamily J, member 11",0.269,0.217,0.368,0.194,0.354,0.443,0.174,0.13,0.333,0.268,0.458
"Vasopressin V1a receptor",0.227,0.064,0.373,0.078,0.262,0.057,0.437,0.391,0.444,0.391,0.328
"Glutamate carboxypeptidase II",0,0.274,0.101,0,0.089,0.312,0.39,0.003,0.016,0.198,0.462
"Serotonin 1b (5-HT1b) receptor",0.43,0.04,0.089,0.036,0.11,0.167,0.318,0.253,0.122,0.13,0.503
"Serotonin 3a (5-HT3a) receptor",0.017,0.288,0.333,0.002,0.07,0.365,0.197,0.356,0.402,0.468,0.434
"Aldose reductase",0.002,0.402,0.152,0.061,0.27,0.299,0.354,0.415,0.069,0.428,0.428
"Glutamate [NMDA] receptor subunit epsilon 2",0.031,0.354,0.136,0.086,0.284,0.232,0.15,0.047,0.476,0.286,0.212
"Serine/threonine-protein kinase RAF",0.015,0.16,0.237,0.062,0.478,0.24,0.192,0.339,0.299,0.338,0.308
"Aminopeptidase N",0,0.197,0.064,0.026,0.482,0.466,0.176,0.065,0.339,0.192,0.477
"Cytochrome P450 11B1",0.006,0.074,0.174,0,0.322,0.233,0.055,0.033,0.276,0.141,0.14
"Butyrylcholinesterase",0.069,0.031,0.465,0.034,0.036,0.132,0.385,0.087,0.355,0.226,0.192
"Alpha-2c adrenergic receptor",0.054,0.004,0.074,0,0.163,0.01,0.091,0.154,0.381,0.059,0.127
"Melatonin receptor 1A",0.011,0.249,0.434,0.007,0.359,0.209,0.54,0.102,0.262,0.317,0.232
"Melatonin receptor 1B",0.444,0.461,0.29,0.249,0.091,0.586,0.338,0.424,0.167,0.394,0.273
"Thyroid hormone receptor beta-1",0.018,0.531,0.503,0.162,0.006,0.39,0.386,0.055,0.01,0.258,0.393
"Cyclophilin A",0.045,0.372,0.208,0.061,0.456,0.389,0.384,0.111,0.403,0.189,0.391
"Thymidylate synthase",0.436,0.392,0.52,0.094,0.061,0.422,0.249,0.005,0.076,0.225,0.173
"Vascular endothelial growth factor receptor 3",0.003,0.008,0.037,0.161,0.095,0.145,0.066,0.047,0.07,0.337,0.474
"Insulin-like growth factor I receptor",0,0.049,0.349,0.023,0.03,0.247,0.156,0.017,0.012,0.085,0.387
"Epoxide hydrolase 1",0,0.236,0.056,0.001,0.337,0.335,0.187,0.272,0.059,0.414,0.197
"Tyrosine-protein kinase receptor FLT3",0.141,0.01,0.338,0.027,0.218,0.164,0.103,0.019,0.18,0.398,0.181
"Vitamin D receptor",0.375,0.381,0.23,0.002,0.248,0.352,0.075,0.144,0.29,0.254,0.327
"Cytochrome P450 19A1",0.143,0.312,0.069,0.045,0.205,0.16,0.448,0.503,0.103,0.374,0.238
"Insulin receptor",0.001,0.326,0.336,0.161,0.466,0.243,0.287,0.249,0.326,0.045,0.463
"Serotonin 1d (5-HT1d) receptor",0.004,0.193,0.134,0.002,0.18,0.339,0.155,0.221,0.013,0.188,0.144
"Inhibitor of nuclear factor kappa B kinase beta subunit",0.055,0.426,0.366,0.068,0.431,0.344,0.195,0.174,0.269,0.431,0.495
"Prostanoid IP receptor",0.008,0,0.08,0.431,0.047,0.017,0.001,0.053,0.321,0.288,0.136
"Equilibrative nucleoside transporter 1",0.08,0.374,0.085,0.242,0.231,0.241,0.335,0.214,0.221,0.358,0.386
"Purinergic receptor P2Y12",0.238,0.017,0.038,0.026,0.017,0.276,0.073,0.144,0.057,0.301,0.066
"Retinoic acid receptor gamma",0.043,0.078,0.089,0.151,0.004,0.302,0.058,0.411,0.048,0.302,0.185
"Platelet-derived growth factor receptor alpha",0.012,0.165,0.231,0.038,0.033,0.247,0.235,0.119,0.3,0.077,0.411
"Retinoic acid receptor beta",0.224,0.058,0.42,0.106,0.008,0.419,0.405,0.023,0.222,0,0.265
"Nociceptin receptor",0.291,0.342,0.148,0.268,0.535,0.446,0.202,0.361,0.381,0.123,0.131
"Dihydrofolate reductase",0.043,0.288,0.404,0.002,0.403,0.446,0.373,0.247,0.444,0.053,0.353
"Epidermal growth factor receptor erbB1",0.001,0.201,0.214,0.256,0.425,0.115,0.203,0.37,0.028,0.151,0.514
"Muscarinic acetylcholine receptor M5",0,0.201,0.082,0,0.055,0.269,0.15,0.167,0.11,0.12,0.557
"Peptidyl-prolyl cis-trans isomerase FKBP5",0,0.197,0.007,0.001,0.205,0.391,0.04,0.23,0.482,0.184,0.426
"Retinoic acid receptor alpha",0.175,0.154,0.205,0.248,0.266,0.328,0.309,0.216,0.446,0.259,0.41
"Estrogen receptor alpha",0.036,0.066,0.079,0.018,0.001,0.071,0.025,0.044,0.002,0.151,0.159
"Beta-2 adrenergic receptor",0.226,0.094,0.103,0.429,0.014,0.351,0.277,0.082,0.116,0.349,0.026
"Cyclin T1",0.084,0.079,0.188,0.005,0.008,0.426,0.143,0.249,0.445,0.3,0.393
"Muscarinic acetylcholine receptor M2",0.597,0.063,0.13,0.001,0.075,0.351,0.118,0.193,0.172,0.421,0.066
"Beta-1 adrenergic receptor",0.402,0.483,0.038,0.036,0.239,0.041,0.29,0.3,0.116,0.527,0.145
"Dopamine D2 receptor",0.414,0.267,0.446,0.042,0.104,0.281,0.381,0.074,0.016,0.059,0.1
"Beta-glucocerebrosidase",0.164,0.216,0.331,0.017,0.21,0.219,0.321,0.266,0.225,0.044,0.561
"Motilin receptor",0.123,0.435,0.271,0.019,0.066,0.303,0.382,0.01,0.132,0.304,0.022
"MAP kinase-activated protein kinase 2",0,0.198,0.114,0.082,0.492,0.226,0.052,0.115,0.263,0.006,0.371
"Cyclooxygenase-1",0.009,0.084,0.167,0.462,0.342,0.367,0.071,0.047,0,0.44,0.236
"Norepinephrine transporter",0.027,0.258,0.311,0.41,0.033,0.453,0.137,0.405,0.023,0.068,0.119
"Anandamide amidohydrolase",0.084,0.158,0.518,0.331,0.233,0.278,0.053,0.471,0.012,0.415,0.498
"Serotonin 2c (5-HT2c) receptor",0.434,0.384,0.402,0.242,0.271,0.386,0.351,0.347,0.325,0.427,0.513
"Dipeptidyl peptidase I",0,0.203,0.196,0.001,0.194,0.41,0.34,0.054,0.438,0.48,0.293
"Serotonin transporter",0.064,0.074,0.383,0.436,0.011,0.446,0.164,0.234,0.119,0.102,0.347
"Peroxisome proliferator-activated receptor alpha",0.373,0.078,0.377,0.259,0.524,0.464,0.101,0.036,0.071,0.192,0.47
"HERG",0.446,0.186,0.154,0.007,0.398,0.016,0.344,0.116,0.314,0.053,0.168
"Epoxide hydratase",0.354,0.102,0.212,0.085,0.009,0.235,0.333,0.029,0.11,0.172,0.083
"Phosphodiesterase 3A",0.148,0.225,0.388,0.338,0.065,0.453,0.083,0.502,0.074,0.336,0.179
"C-C chemokine receptor type 1",0.001,0.127,0.104,0.001,0.002,0.084,0.459,0.014,0.045,0.004,0.228
"C-C chemokine receptor type 4",0.489,0.254,0.009,0.263,0.016,0.492,0.07,0.101,0.078,0.269,0.208
"Estrogen receptor beta",0.133,0.35,0.134,0.314,0.103,0.193,0.19,0.512,0.044,0.466,0.406
"Glyoxalase I",0.492,0.32,0.525,0.055,0.063,0.357,0.224,0.286,0.306,0.53,0.363
"Myosin light chain kinase, smooth muscle",0,0.017,0.051,0,0.219,0.061,0.027,0.012,0.056,0.069,0.284
"Serine/threonine-protein kinase AKT2",0.025,0.058,0.014,0.016,0,0.326,0.14,0.017,0.004,0.175,0.076
"Interleukin-8 receptor B",0.062,0.152,0.506,0.029,0.55,0.396,0.569,0.015,0.181,0.142,0.262
"Myeloperoxidase",0.029,0.005,0.39,0.232,0.027,0.195,0.439,0.006,0.244,0.031,0.514
"Coagulation factor X",0.172,0.194,0.471,0.394,0.141,0.258,0.151,0.367,0.046,0.441,0.125
"Deoxycytidine kinase",0.444,0.184,0.012,0.4,0.003,0.425,0.318,0.522,0.254,0.053,0.315
"Muscarinic acetylcholine receptor M3",0.021,0.097,0.398,0.141,0.38,0.233,0.441,0.262,0.47,0.289,0.077
"Beta-3 adrenergic receptor",0.464,0.053,0.288,0.002,0.009,0.361,0.499,0.123,0.143,0.173,0.11
"Death-associated protein kinase 3",0.015,0.255,0.144,0.014,0.067,0.29,0.42,0.176,0.02,0.091,0.468
"Methionine aminopeptidase 1",0.473,0.227,0.252,0.057,0.049,0.433,0.197,0.321,0.496,0.045,0.183
"Leukocyte elastase",0.003,0.263,0.407,0.004,0.03,0.09,0.114,0.009,0.145,0.076,0.194
"Beta amyloid A4 protein",0.029,0.16,0.434,0.479,0.321,0.333,0.511,0.193,0.444,0.218,0.212
"Neurokinin 1 receptor",0.091,0.199,0.023,0.418,0.381,0.281,0.328,0.42,0.041,0.193,0.188
"Neuronal acetylcholine receptor protein alpha-7 subunit",0.059,0.422,0.308,0.223,0.094,0.132,0.36,0.156,0.076,0.049,0.465
"Adenosine A2a receptor",0.198,0.19,0.134,0.261,0.008,0.145,0.1,0.473,0.059,0.316,0.072
"Endothelin receptor ET-A",0.003,0.109,0.149,0.462,0.023,0.101,0.022,0.098,0.323,0.148,0.499
"Beta secretase 2",0.383,0.019,0.087,0.416,0.007,0.125,0.388,0.174,0.059,0.089,0.345
"Serine/threonine-protein kinase Chk2",0.344,0.049,0.069,0.055,0.019,0.437,0.167,0.399,0.427,0.397,0.363
"Cannabinoid CB2 receptor",0.001,0.521,0.316,0.424,0.048,0.333,0.453,0.038,0.249,0.056,0.386
"3-phosphoinositide dependent protein kinase-1",0.354,0.537,0.099,0.053,0.031,0.485,0.419,0.113,0.519,0.116,0.187
"Phospholipase D1",0.155,0.035,0.175,0.19,0.003,0.04,0.379,0.318,0.366,0.232,0.058
"Phosphodiesterase 4A",0.002,0.054,0.406,0.048,0.3,0.487,0.48,0.012,0.112,0.462,0.376
"Adenosine A2b receptor",0.065,0.071,0.552,0.451,0.454,0.277,0.083,0.481,0.281,0.205,0.154
"Carboxypeptidase B",0.001,0.4,0.301,0.034,0.408,0.111,0.044,0.311,0.288,0.206,0.133
"Adenosine A3 receptor",0.128,0.344,0.35,0.03,0.395,0.261,0.459,0.368,0.291,0.158,0.51
"Histone deacetylase 5",0.004,0.393,0.225,0.173,0.352,0.208,0.193,0.054,0.553,0.263,0.47
"Liver glycogen phosphorylase",0.371,0.215,0.212,0.009,0.151,0.497,0.4,0.188,0.057,0.36,0.444
"Tyrosine-protein kinase LCK",0.052,0.194,0.014,0.231,0.095,0.337,0.209,0.126,0.342,0.233,0.447
"Cathepsin D",0,0.189,0.152,0.005,0.042,0.428,0.07,0.124,0.17,0.143,0.47
"Melanocortin receptor 4",0.045,0.567,0.152,0.11,0.338,0.141,0.221,0.488,0.18,0.453,0.179
"Peptide N-myristoyltransferase 1",0.036,0.064,0.261,0.004,0.107,0.346,0.352,0.48,0.19,0.11,0.365
"Tyrosine-protein kinase SYK",0.152,0.411,0.161,0.215,0.38,0.522,0.331,0.5,0.373,0.24,0.23
"MAP kinase p38 alpha",0.16,0.05,0.191,0.229,0.447,0.398,0.395,0.146,0.057,0.337,0.211
"Carbonic anhydrase I",0.002,0.266,0.273,0.024,0.384,0.28,0.357,0.171,0.018,0.416,0.444
"Furin",0.005,0.354,0.404,0.002,0.013,0.091,0.537,0.012,0.248,0.266,0.477
"Tryptase beta-1",0.001,0.342,0.169,0.009,0.067,0.236,0.074,0.035,0.274,0.213,0.038
"Glycogen synthase kinase-3 beta",0.017,0.221,0.461,0.232,0.014,0.225,0.303,0.085,0.135,0.048,0.156
"Dual specificity protein phosphatase 3",0.025,0.55,0.395,0.027,0.415,0.142,0.356,0.122,0.027,0.234,0.265
"c-Jun N-terminal kinase 3",0.023,0.02,0.022,0.393,0.037,0.481,0.141,0.448,0.095,0.251,0.406
"Histamine H3 receptor",0.004,0.062,0.217,0.156,0.076,0.264,0.425,0.019,0.491,0.241,0.197
"Phosphodiesterase 2A",0.061,0.117,0.446,0.184,0.052,0.16,0.239,0.441,0.314,0.085,0.303
"Adenosylhomocysteinase",0.138,0.028,0.414,0.186,0.11,0.253,0.071,0.042,0.292,0.168,0.499
"Tyrosine-protein kinase SRC",0.003,0.129,0.021,0,0.015,0.285,0.247,0.153,0.169,0.277,0.056
"Cathepsin K",0.185,0.018,0.01,0.063,0.217,0.267,0.376,0.093,0.35,0.263,0.418
"Macrophage-stimulating protein receptor",0.49,0.226,0.122,0.102,0.161,0.135,0.185,0.049,0.006,0.39,0.135
"Cystinyl aminopeptidase",0.093,0.31,0.036,0.112,0.038,0.236,0.367,0.221,0.118,0.205,0.177
"Focal adhesion kinase 1",0.046,0.267,0.295,0.33,0.134,0.149,0.307,0.465,0.33,0.25,0.237
"Mitogen-activated protein kinase kinase kinase 11",0.004,0.006,0.074,0.053,0.175,0.044,0.489,0.144,0.005,0.423,0.062
"Histone deacetylase 7",0.001,0.106,0.255,0.061,0.157,0.455,0.135,0.347,0.227,0.074,0.414
"Phosphodiesterase 11A",0.308,0.004,0.036,0.064,0.001,0.076,0.003,0.048,0.026,0.173,0.288
"Cytochrome P450 11B2",0.467,0.112,0.074,0.001,0,0.477,0.097,0.015,0.324,0.344,0.286
"Protein-glutamine gamma-glutamyltransferase",0.036,0.417,0.246,0.406,0.081,0.124,0.334,0.25,0.114,0.422,0.176
"Phospholipase D2",0,0.019,0.23,0.002,0.007,0.445,0.198,0.061,0.002,0.25,0.217
"Metabotropic glutamate receptor 4",0.104,0.404,0.02,0.459,0.052,0.224,0.476,0.034,0.116,0.028,0.143
"C-C chemokine receptor type 5",0.092,0.338,0.348,0.146,0.207,0.32,0.397,0.458,0.07,0.611,0.102
"Fibroblast growth factor receptor 3",0.104,0.203,0.169,0.002,0.09,0.42,0.478,0.017,0.027,0.3,0.128
"Phosphodiesterase 4B",0.344,0.533,0.441,0.012,0.211,0.522,0.413,0.423,0.286,0.427,0.262
"Ileal bile acid transporter",0.159,0.212,0.005,0.407,0.037,0.005,0.528,0.212,0.178,0.021,0.283
"Integrin alpha-4",0.127,0.397,0.008,0.386,0.034,0.065,0.357,0.104,0.371,0.07,0.154
"Sodium/hydrogen exchanger 1",0.183,0.152,0.249,0.306,0.126,0.214,0.078,0.112,0.24,0.228,0.227
"Acyl coenzyme A:cholesterol acyltransferase 1",0.002,0.415,0.119,0.066,0.36,0.432,0.145,0.49,0.012,0.491,0.317
"Estradiol 17-beta-dehydrogenase 2",0.023,0.391,0.067,0.256,0.017,0.566,0.03,0.32,0.146,0.022,0.396
"Vascular endothelial growth factor receptor 2",0.185,0.372,0.283,0.108,0.553,0.333,0.353,0.194,0.13,0.359,0.341
"Matrix metalloproteinase 13",0.241,0.469,0.227,0.383,0.296,0.252,0.31,0.157,0.235,0.475,0.229
"Tyrosine-protein kinase ZAP-70",0.481,0.267,0.324,0.014,0.225,0.166,0.423,0.395,0.35,0.149,0.229
"LXR-alpha",0.45,0.291,0.236,0.231,0.265,0.032,0.162,0.348,0.101,0.345,0.227
"Protein-glutamine gamma-glutamyltransferase K",0.021,0.049,0.007,0.002,0.077,0.187,0.015,0.502,0.429,0.144,0.09
"Nerve growth factor receptor Trk-A",0.228,0.116,0.213,0.458,0.047,0.338,0.192,0.009,0.472,0.035,0.188
"Coagulation factor XI",0.042,0.252,0.014,0.003,0.465,0.234,0.476,0.105,0.357,0.393,0.325
"Casein kinase I delta",0.037,0.344,0.3,0.081,0.02,0.286,0.279,0.331,0.085,0.063,0.164
"Matrix metalloproteinase 3",0.003,0.202,0.045,0,0.15,0.069,0.572,0.139,0.031,0.535,0.36
"Tyrosine-protein kinase JAK1",0.207,0.129,0.287,0.016,0.39,0.233,0.117,0.253,0.269,0.25,0.344
"Dipeptidyl peptidase IV",0,0.355,0.016,0,0.367,0.476,0.055,0.161,0.038,0.029,0.06
"Serine/threonine-protein kinase mTOR",0,0.447,0.198,0.001,0.095,0.302,0.25,0.022,0.283,0.007,0.088
"Glycogen synthase kinase-3 alpha",0.009,0.378,0.362,0.067,0.233,0.244,0.048,0.353,0.063,0.112,0.442
"Renin",0.299,0.184,0.188,0.041,0.101,0.291,0.322,0.169,0.123,0.019,0.371
"Sigma opioid receptor",0.381,0.154,0.495,0.222,0.175,0.186,0.156,0.289,0.09,0.417,0.391
"Mitogen-activated protein kinase kinase kinase 9",0.267,0.427,0.259,0.168,0.477,0.209,0.439,0.205,0.311,0.359,0.177
"Phosphodiesterase 4D",0.071,0.176,0.451,0.067,0.021,0.103,0.554,0.003,0.415,0.307,0.154
"Carbonic anhydrase III",0.505,0.322,0.463,0,0.469,0.235,0.442,0.056,0.13,0.095,0.373
"Hematopoietic cell protein-tyrosine phosphatase 70Z-PEP",0.002,0.047,0.005,0.026,0.07,0.072,0.093,0.423,0.174,0.361,0.18
"Phosphodiesterase 3B",0.001,0.13,0.066,0.035,0,0.043,0.072,0.194,0.043,0.442,0.41
"Arachidonate 15-lipoxygenase",0.029,0.028,0.203,0.141,0.379,0.012,0.001,0.046,0.374,0.15,0.021
"Phosphodiesterase 4C",0.284,0.422,0.045,0.363,0.006,0.483,0.034,0.206,0.024,0.221,0.372
"Telomerase reverse transcriptase",0.013,0.002,0.393,0.352,0.056,0.005,0.186,0.121,0.266,0.148,0.526
"Protein kinase C gamma",0.195,0.07,0.1,0.199,0.026,0.271,0.505,0.233,0.158,0.383,0.067
"Cathepsin S",0.154,0.185,0.26,0.001,0.162,0.204,0.183,0.261,0.055,0.152,0.292
"Sphingosine 1-phosphate receptor Edg-5",0.145,0.099,0.117,0.001,0.001,0.161,0.255,0.006,0.318,0.132,0.395
"Tyrosine-protein kinase ITK/TSK",0.127,0.252,0.043,0.12,0.085,0.084,0.198,0.123,0.213,0.12,0.367
"Dual specificity mitogen-activated protein kinase kinase 2",0,0.401,0.301,0.005,0.395,0.218,0.336,0.438,0.441,0.152,0.476
"Tyrosine-protein kinase JAK2",0.308,0.375,0.326,0.009,0.001,0.367,0.31,0.005,0.415,0.088,0.446
"Rho-associated protein kinase 2",0.067,0.418,0.263,0.228,0.026,0.363,0.382,0.094,0.226,0.072,0.287
"Cholecystokinin B receptor",0.17,0.034,0.062,0.192,0.063,0.403,0.331,0.33,0.184,0.204,0.122
"Protein kinase C alpha",0.009,0.255,0.419,0.082,0.012,0.295,0.174,0.321,0.263,0.389,0.234
"Protein kinase C delta",0.092,0.337,0.341,0.128,0.073,0.466,0.218,0.148,0.015,0.311,0.346
"P2X purinoceptor 3",0.002,0.418,0.172,0.046,0.003,0.259,0.134,0.005,0.037,0.278,0.149
"Multidrug resistance-associated protein 1",0.005,0.124,0.104,0.025,0,0.567,0.166,0.034,0.168,0.079,0.35
"Receptor protein-tyrosine kinase erbB-4",0.307,0.116,0.285,0.073,0.134,0.133,0.532,0.152,0.516,0.173,0.25
"Cyclin-dependent kinase 2",0.024,0.249,0.115,0.01,0,0.421,0.458,0.007,0.425,0.013,0.448
"Phosphodiesterase 7A",0.404,0.228,0.495,0.152,0.433,0.204,0.131,0.496,0.097,0.059,0.139
"Matriptase",0.005,0.084,0.074,0.079,0.03,0.491,0.108,0.304,0.314,0.203,0.184
"Sphingosine kinase 2",0.461,0.143,0.404,0.137,0.131,0.408,0.299,0.437,0.022,0.33,0.242
"Serine/threonine-protein kinase PLK1",0,0.107,0.028,0.002,0.214,0.227,0.412,0.066,0.486,0.427,0.082
"Carbonic anhydrase VI",0.084,0.513,0.069,0,0.004,0.178,0.055,0.054,0.141,0.007,0.139
"Protein kinase C beta",0.031,0.006,0.005,0.257,0.062,0.075,0.035,0.389,0.335,0.065,0.353
"Cyclin-dependent kinase 7",0.002,0.449,0.055,0.33,0.094,0.074,0.278,0.03,0.248,0.378,0.33
"Glycine transporter 2",0.004,0.045,0.206,0.393,0.07,0.001,0.061,0.323,0.406,0.359,0.198
"Cyclin-dependent kinase 1",0.331,0.245,0.349,0.463,0.385,0.527,0.37,0.241,0.133,0.068,0.216
"Excitatory amino acid transporter 1",0.087,0.046,0.014,0.093,0.005,0.219,0.38,0.292,0.012,0.041,0.438
"Plasma retinol-binding protein",0.459,0.411,0.046,0.098,0.328,0.411,0.185,0.09,0.181,0.16,0.152
"Poly [ADP-ribose] polymerase-1",0.053,0.04,0.239,0.275,0.366,0.162,0.316,0.075,0.486,0.301,0.315
"Thymidine phosphorylase",0.001,0.435,0.242,0.25,0.311,0.168,0.086,0.301,0.015,0.139,0.207
"Cyclin-dependent kinase 9",0.489,0.015,0.135,0.235,0.469,0.047,0.531,0.368,0.151,0.428,0.421
"PI3-kinase p110-delta subunit",0.035,0.142,0.023,0.079,0.076,0.52,0.148,0.226,0.281,0.346,0.425
"DNA-dependent protein kinase",0.441,0.053,0.285,0.141,0.126,0.25,0.143,0.468,0.143,0.454,0.361
"PI3-kinase p110-beta subunit",0,0.214,0.355,0.05,0.24,0.474,0.318,0.175,0.06,0.456,0.039
"Serotonin 7 (5-HT7) receptor",0.435,0.163,0.149,0.126,0.126,0.251,0.198,0.354,0.092,0.186,0.063
"Bradykinin B2 receptor",0.015,0.017,0.108,0.264,0.013,0.355,0.418,0.005,0.016,0.535,0.367
"Protein-tyrosine phosphatase 1C",0.048,0.227,0.022,0.124,0.001,0.323,0.068,0.132,0.29,0.1,0.56
"Carboxylesterase 2",0.295,0.343,0.438,0.061,0.122,0.134,0.26,0.098,0.276,0.328,0.334
"Estradiol 17-beta-dehydrogenase 1",0.364,0.117,0.263,0.238,0.026,0.205,0.018,0.473,0.097,0.415,0.472
"Histone deacetylase 8",0.493,0.395,0.411,0.017,0.052,0.119,0.393,0.272,0.093,0.449,0.309
"Prolyl endopeptidase",0.486,0.182,0.391,0.253,0.17,0.054,0.093,0.366,0.037,0.189,0.487
"Matrix metalloproteinase 9",0.055,0.15,0.019,0.135,0.018,0.056,0.226,0.04,0.343,0.231,0.354
"CD22",0.273,0.177,0.054,0.373,0.002,0.079,0.04,0.12,0.012,0.338,0.429
"Metabotropic glutamate receptor 5",0.125,0.028,0.017,0.018,0.025,0.264,0.087,0.434,0.131,0.164,0.072
"Sphingosine 1-phosphate receptor Edg-6",0.406,0.56,0.079,0.148,0.214,0.41,0.023,0.113,0.013,0.174,0.429
"Rho-associated protein kinase 1",0.004,0.234,0.142,0.045,0.241,0.38,0.192,0.29,0.24,0.018,0.267
"Tyrosine-protein kinase HCK",0,0.071,0.179,0.006,0.004,0.293,0.325,0.015,0.003,0.327,0.113
"Carbonic anhydrase XII",0.305,0.118,0.142,0.003,0.144,0.144,0.443,0.063,0.152,0.236,0.127
"Histone deacetylase 1",0.267,0.102,0.479,0.179,0.035,0.354,0.367,0.143,0.133,0.123,0.528
"Lysophosphatidic acid receptor Edg-7",0.38,0.185,0.017,0.153,0,0.381,0.237,0.033,0.06,0.337,0.463
"PI3-kinase p110-gamma subunit",0.02,0.148,0.178,0.223,0.177,0.384,0.352,0.032,0.259,0.211,0.338
"PI4-kinase beta subunit",0.024,0.1,0.08,0.026,0.189,0.405,0.16,0.336,0.068,0.311,0.416
"Cathepsin L2",0.269,0.09,0.493,0.204,0.201,0.4,0.219,0.312,0.049,0.221,0.425
"Urokinase-type plasminogen activator",0.013,0.349,0.157,0.388,0,0.042,0.014,0.163,0.306,0.229,0.295
"Testis-specific androgen-binding protein",0.432,0.255,0.372,0.428,0.375,0.313,0.384,0.142,0.069,0.297,0.263
"Caspase-6",0.104,0.491,0.032,0.283,0,0.192,0.007,0.071,0.345,0.333,0.091
"Cyclin-dependent kinase 4",0.001,0.152,0.358,0,0.286,0.155,0.276,0.032,0.533,0.253,0.246
"Histone deacetylase 11",0.085,0.15,0.149,0.096,0.185,0.3,0.23,0.264,0.044,0.317,0.376
"Sodium-dependent proline transporter",0.311,0.035,0.275,0.177,0.01,0.352,0.565,0.012,0.003,0.172,0.021
"Matrix metalloproteinase-1",0.523,0.42,0.263,0.239,0.438,0.57,0.332,0.332,0.161,0.462,0.19
"Matrix metalloproteinase-2",0.116,0.381,0.209,0.149,0.037,0.135,0.091,0.016,0.473,0.205,0.4
"Protein-tyrosine phosphatase 1B",0.271,0.014,0.101,0.042,0.029,0.288,0.04,0.287,0.145,0.338,0.309
"Acetyl-CoA carboxylase 1",0.011,0.019,0.118,0.009,0.347,0.546,0.192,0.092,0.2,0.071,0.154
"Serotonin 6 (5-HT6) receptor",0.071,0.424,0.086,0.017,0.142,0.131,0.539,0.029,0.165,0.036,0.205
"MAP kinase ERK1",0.083,0.022,0.043,0.038,0.038,0.232,0.098,0.112,0.168,0.092,0.455
"Cytochrome P450 2C9",0.007,0.404,0.198,0.535,0.096,0.203,0.068,0.243,0.11,0.263,0.028
"Probable G-protein coupled receptor 88",0.4,0.278,0.249,0.533,0.021,0.395,0.092,0.176,0.256,0.522,0.066
"Cytochrome P450 3A4",0.247,0.029,0.099,0.396,0.134,0.458,0.15,0.367,0.178,0.253,0.221
"Pregnane X receptor",0.508,0.424,0.229,0.055,0.155,0.606,0.118,0.267,0.039,0.098,0.562
"Carboxypeptidase B2 isoform A",0.133,0.142,0.347,0,0.011,0.171,0.493,0.007,0.353,0.075,0.398
"Serotonin 5a (5-HT5a) receptor",0.436,0.05,0.453,0.214,0.089,0.034,0.268,0.011,0.379,0.205,0.217
"Estrogen-related receptor alpha",0,0.217,0.051,0,0.021,0.317,0.377,0.008,0.032,0.358,0.37
"Amine oxidase, copper containing",0,0.365,0.01,0.002,0.188,0.297,0.279,0.153,0.452,0.069,0.282
"Protein kinase C zeta",0,0.097,0.068,0.222,0.004,0.408,0.073,0.505,0.447,0.063,0.195
"Melanin-concentrating hormone receptor 1",0.008,0.07,0.14,0.008,0.039,0.046,0.213,0.004,0.198,0.097,0.179
"Caspase-7",0.023,0.17,0.32,0.047,0.497,0.268,0.28,0.243,0.254,0.285,0.166
"C-C chemokine receptor type 3",0.522,0.4,0.215,0.003,0.381,0.086,0.546,0.076,0.024,0.43,0.069
"Phospholipase A2 group IIA",0.411,0.573,0.065,0.229,0.308,0.088,0.423,0.438,0.438,0.147,0.137
"Plasminogen activator inhibitor-1",0.23,0.322,0.259,0.03,0.474,0.076,0.476,0.33,0.423,0.443,0.232
"Inhibitor of nuclear factor kappa B kinase alpha subunit",0.078,0.442,0.351,0.007,0.293,0.249,0.45,0.509,0.063,0.423,0.299
"Proteasome Macropain subunit",0.496,0.529,0.467,0.078,0.378,0.316,0.17,0.191,0.496,0.093,0.371
"Carbonic anhydrase XIV",0.161,0.266,0.144,0.009,0.042,0.258,0.389,0.405,0.248,0.217,0.225
"LDL-associated phospholipase A2",0.008,0.068,0.041,0.184,0.296,0.452,0.414,0.11,0.089,0.018,0.518
"Cytochrome P450 17A1",0.187,0.392,0.035,0.044,0.046,0.343,0.308,0.153,0.051,0.416,0.321
"Histone deacetylase 4",0.35,0.545,0.194,0.392,0.116,0.198,0.32,0.086,0.009,0.411,0.311
"Inhibitor of nuclear factor kappa B kinase epsilon subunit",0.022,0.191,0.198,0.393,0.186,0.208,0.028,0.153,0.285,0.001,0.222
"Phosphodiesterase 9A",0.011,0.481,0.356,0.382,0.374,0.312,0.199,0.103,0.429,0.029,0.419
"Tyrosine-protein kinase TYK2",0.405,0.411,0.304,0.285,0.425,0.303,0.357,0.487,0.164,0.023,0.198
"Steryl-sulfatase",0,0.318,0.131,0.109,0.013,0.343,0.159,0.311,0.059,0.084,0.432
"Nitric-oxide synthase, brain",0.004,0.054,0.224,0,0.024,0.306,0.48,0.007,0.037,0.368,0.326
"Cholesteryl ester transfer protein",0.204,0.142,0.215,0.333,0.025,0.232,0.403,0.336,0.129,0.115,0.043
"Protein kinase C epsilon",0.007,0.234,0.456,0.419,0.14,0.44,0.39,0.343,0.002,0.5,0.318
"Dual specificity mitogen-activated protein kinase kinase 1",0.309,0.003,0.047,0.026,0.111,0.159,0.017,0.375,0.012,0.025,0.041
"Adenosine kinase",0.006,0.286,0.026,0.007,0.431,0.011,0.347,0.234,0.242,0.068,0.212
"Hormone sensitive lipase",0.1,0.046,0.056,0.008,0.002,0.224,0.326,0.008,0.12,0.352,0.269
"Carbonic anhydrase IX",0.093,0.114,0.005,0.186,0,0.348,0.092,0.106,0.145,0.47,0.441
"Protein kinase C eta",0.19,0.052,0.252,0.115,0.137,0.277,0.253,0.04,0.155,0.482,0.448
"Cytochrome P450 2C19",0.246,0.084,0.315,0.085,0.008,0.382,0.263,0.002,0.095,0.472,0.191
"Quinone reductase 1)",0.001,0.166,0.343,0.034,0.001,0.163,0.535,0.065,0.086,0.068,0.349
"Casein kinase II alpha",0.079,0.37,0.439,0.011,0.058,0.425,0.141,0.039,0.085,0.236,0.092
"Opioid growth factor receptor-like protein 1",0.099,0.442,0.32,0.564,0.201,0.12,0.274,0.211,0.266,0.301,0.12
"Kininogen-1",0.018,0.151,0.276,0.111,0.082,0.346,0.186,0.557,0.209,0.363,0.342
"Acetyl-coenzyme A transporter 1",0.198,0.436,0.369,0.179,0.115,0.312,0.079,0.169,0.082,0.386,0.111
"Fibroblast growth factor receptor 1",0.001,0.076,0.208,0.001,0.08,0.394,0.195,0.036,0.001,0.174,0.345
"PI4-kinase alpha subunit",0.036,0.047,0.295,0.274,0.004,0.074,0.499,0.062,0.312,0.536,0.427
"Arachidonate 12-lipoxygenase",0.097,0.015,0.167,0.523,0,0.192,0.505,0.07,0.409,0.317,0.303
"Autotaxin",0.143,0.095,0.263,0.196,0.024,0.087,0.397,0.362,0.359,0.096,0.415
"ADAM17",0.004,0.126,0.426,0.001,0.226,0.302,0.491,0.091,0.025,0.383,0.302
"Prostanoid EP3 receptor",0.061,0.046,0.376,0.061,0.006,0.128,0.041,0.35,0.069,0.363,0.081
"Hepatocyte growth factor receptor",0,0.213,0.244,0.073,0.173,0.03,0.012,0.147,0.381,0.024,0.05
"Carbonic anhydrase IV",0.022,0.069,0.352,0,0.36,0.057,0.284,0.186,0.323,0.482,0.258
"11-beta-hydroxysteroid dehydrogenase 2",0,0.565,0.222,0.036,0.488,0.043,0.088,0.035,0.174,0.059,0.139
"Histamine H4 receptor",0.079,0.203,0.346,0.005,0.042,0.01,0.395,0.47,0.014,0.031,0.127
"Beta-glucosidase",0.228,0.325,0.403,0.19,0.107,0.142,0.28,0.417,0.001,0.036,0.128
"Urotensin II receptor",0.1,0.049,0.443,0.495,0.423,0.386,0.407,0.472,0.058,0.073,0.215
"Metabotropic glutamate receptor 1",0.001,0.28,0.374,0.014,0.058,0.393,0.192,0.229,0,0.309,0.311
"Dual specificity phosphatase Cdc25A",0.124,0.181,0.292,0.166,0.291,0.315,0.26,0.505,0.541,0.389,0.167
"Caspase-8",0.357,0.028,0.254,0.049,0.14,0.229,0.135,0.26,0.145,0.168,0.27
"Interleukin-1 receptor-associated kinase 4",0.063,0.215,0.297,0.024,0.157,0.328,0.304,0.046,0.424,0.556,0.323
"Histone acetyltransferase p300",0,0.43,0.07,0.001,0.221,0.025,0.053,0.008,0.532,0.124,0.422
"Hydroxycarboxylic acid receptor 2",0.378,0.112,0.085,0.429,0.142,0.154,0.329,0.353,0.038,0.415,0.088
"Serine/threonine-protein kinase PLK4",0.192,0.158,0.404,0.467,0.104,0.294,0.463,0.034,0.104,0.133,0.147
"Melanocortin receptor 1",0.031,0.198,0.437,0.201,0.061,0.394,0.106,0.157,0.492,0.244,0.345
"Calcitonin gene-related peptide type 1 receptor",0.014,0.094,0.091,0.384,0.018,0.443,0.107,0.247,0.196,0.049,0.099
"T-cell protein-tyrosine phosphatase",0.197,0.354,0.42,0.423,0.503,0.333,0.346,0.492,0.314,0.444,0.208
"Cytosolic phospholipase A2",0.484,0.042,0.098,0.097,0.133,0.26,0.229,0.032,0.156,0.026,0.336
"Hexokinase type IV",0.439,0.366,0.101,0.394,0.243,0.257,0.163,0.088,0.201,0.247,0.225
"Serine/threonine-protein kinase NEK2",0.026,0.015,0.216,0.267,0.181,0.358,0.093,0.477,0.007,0.225,0.133
"LIM domain kinase 1",0.024,0.327,0.267,0.278,0.098,0.219,0.394,0.215,0.089,0.22,0.597
"Cathepsin L",0.016,0.295,0.15,0.32,0.156,0.24,0.321,0.285,0.205,0.538,0.365
"Protein kinase C mu",0.002,0.057,0.147,0.002,0.233,0.034,0.25,0.314,0.187,0.142,0.327
"Protein-tyrosine phosphatase 2C",0.053,0.467,0.154,0.055,0.03,0.318,0.107,0.167,0.085,0.256,0.421
"Matrix metalloproteinase 14",0.16,0.494,0.488,0.426,0.471,0.41,0.523,0.298,0.172,0.389,0.176
"Heat shock protein HSP 90-alpha",0.039,0.212,0.361,0.016,0.182,0.415,0.365,0.052,0.102,0.057,0.447
"Sodium/glucose cotransporter 2",0.015,0.229,0.454,0.433,0.278,0.476,0.33,0.451,0.179,0.146,0.229
"Calpain 1",0.1,0.285,0.427,0.355,0.55,0.111,0.421,0.324,0.354,0.391,0.337
"Sphingosine 1-phosphate receptor Edg-3",0.053,0.181,0.169,0.287,0.215,0.051,0.17,0.315,0.091,0.436,0.342
"Bone morphogenetic protein 1",0.009,0.451,0.103,0.384,0.166,0.175,0.257,0.434,0.078,0.083,0.057
"Glutathione S-transferase Pi",0.003,0.058,0.512,0.001,0.019,0.342,0.126,0.02,0.038,0.006,0.399
"Tyrosine-protein kinase Lyn",0.058,0.126,0.045,0.152,0.007,0.062,0.024,0.168,0.216,0.427,0.132
"Ribosomal protein S6 kinase alpha 2",0.418,0.382,0.199,0.112,0.072,0.591,0.148,0.417,0.051,0.288,0.35
"Carbonic anhydrase XIII",0.152,0.066,0.321,0.219,0.31,0.249,0.416,0.498,0.276,0.478,0.39
"Complement C1s",0.435,0.133,0.224,0.028,0.004,0.07,0.071,0.075,0.006,0.263,0.279
"Protein kinase C theta",0.145,0.467,0.334,0.04,0.015,0.24,0.25,0.475,0.081,0.254,0.49
"Heparanase",0.157,0.094,0.226,0.095,0.074,0.154,0.188,0.289,0.112,0.27,0.296
"Methionine aminopeptidase 2",0.523,0.055,0.434,0.042,0.076,0.27,0.209,0.05,0.28,0.17,0.1
"Serine/threonine-protein kinase Aurora-C",0.039,0.319,0.205,0.122,0.466,0.218,0.421,0.238,0.416,0.546,0.324
"Quinone reductase 2",0.46,0.356,0.276,0.067,0.073,0.566,0.221,0.337,0.22,0.021,0.532
"MAP kinase p38 beta",0.371,0.398,0.03,0.182,0.33,0.261,0.459,0.207,0.172,0.329,0.072
"Carbonic anhydrase VB",0.006,0.161,0.357,0.258,0.264,0.174,0.489,0.277,0.02,0.265,0.114
"GAR transformylase",0.396,0,0.131,0.012,0.077,0.034,0.002,0.439,0.184,0.011,0.238
"Proteinase-activated receptor 1",0.075,0.504,0.356,0.062,0.046,0.234,0.227,0.024,0.053,0.085,0.238
"Fructose-1,6-bisphosphatase",0.12,0.504,0.244,0.314,0.29,0.152,0.442,0.473,0.075,0.342,0.242
"Dipeptidyl peptidase II",0.096,0.33,0.192,0.078,0.435,0.043,0.11,0.327,0.134,0.32,0.478
"Peroxisome proliferator-activated receptor delta",0.004,0.024,0.01,0.004,0.496,0.253,0.035,0.047,0.49,0.261,0.185
"Serine/threonine-protein kinase 10",0.062,0.18,0.534,0.002,0.015,0.498,0.156,0.117,0.017,0.206,0.102
"Dual specificity protein kinase TTK",0.139,0.059,0.35,0.082,0.013,0.186,0.314,0.159,0.39,0.086,0.42
"Coagulation factor VII",0.012,0.195,0.321,0.083,0.465,0.114,0.111,0.318,0.467,0.066,0.069
"PI3-kinase p110-alpha subunit",0.052,0.354,0.2,0.019,0.209,0.208,0.474,0.074,0.043,0.308,0.32
"Tyrosine-protein kinase ABL2",0.011,0.167,0.474,0.201,0.232,0.091,0.048,0.239,0.492,0.376,0.563
"C-C chemokine receptor type 2",0.004,0.209,0.068,0.252,0.005,0.386,0.05,0.269,0.279,0.334,0.228
"Glutamate receptor ionotropic, AMPA 2",0.486,0.03,0.088,0.052,0,0.289,0.035,0.141,0.276,0.138,0.323
"Neuropeptide Y receptor type 2",0.333,0.441,0.065,0.332,0.396,0.013,0.245,0.375,0.096,0.096,0.401
"HMG-CoA reductase",0.143,0.429,0.471,0.525,0.462,0.3,0.428,0.467,0.241,0.235,0.144
"Signal transducer and activator of transcription 3",0.091,0.406,0.329,0.149,0.303,0.202,0.429,0.276,0.505,0.363,0.282
"Interleukin-8 receptor A",0.03,0.215,0.198,0.399,0.117,0.13,0.339,0.278,0.098,0.015,0.416
"Cyclin-dependent kinase 5",0.311,0.315,0.487,0.054,0.444,0.248,0.246,0.195,0.403,0.047,0.354
"MAP kinase ERK2",0.004,0.075,0.135,0.121,0.057,0.048,0.104,0.416,0.359,0.397,0.247
"Cystic fibrosis transmembrane conductance regulator",0.016,0.261,0.139,0.012,0.341,0.062,0.474,0.075,0.506,0.47,0.244
"Chymase",0.187,0.085,0.411,0.126,0.449,0.138,0.354,0.123,0.434,0.016,0.231
"Casein kinase II alpha (prime)",0.36,0.019,0.2,0.514,0.419,0.081,0.173,0.225,0.1,0.422,0.246
"Cathepsin B",0.118,0.409,0.064,0.079,0.373,0.156,0.204,0.186,0.382,0.107,0.123
"Matrix metalloproteinase 7",0.313,0.192,0.231,0.115,0.135,0.245,0.175,0.375,0.311,0.203,0.451
"Bombesin receptor subtype-3",0.156,0.242,0.251,0.119,0.008,0.585,0.546,0.026,0.429,0.202,0.262
"LXR-beta",0.315,0.347,0.158,0,0.302,0.39,0.354,0.221,0.066,0.36,0.313
"Neurotensin receptor 1",0,0.046,0.003,0.039,0.013,0.185,0,0.028,0.445,0.373,0.357
"Tyrosine-protein kinase TIE-2",0.065,0.112,0.192,0.371,0.424,0.484,0.381,0.268,0.187,0.444,0.368
"Fibroblast growth factor receptor 2",0.512,0.084,0.107,0.07,0.037,0.462,0.088,0.203,0.108,0.287,0.263
"Histone deacetylase 9",0.01,0.083,0.098,0.002,0.085,0.211,0.287,0.024,0.045,0.39,0.222
"Fatty acid synthase",0.084,0.011,0.359,0,0.216,0.094,0.416,0.009,0.027,0.458,0.44
"c-Jun N-terminal kinase 2",0.086,0.42,0.331,0.414,0.102,0.201,0.258,0.483,0.236,0.367,0.442
"Sodium channel protein type II alpha subunit",0.378,0.261,0.239,0.284,0.212,0.19,0.492,0.259,0.366,0.04,0.167
"Monoglyceride lipase",0.002,0.077,0.213,0.004,0.49,0.356,0.395,0.228,0.354,0.323,0.42
"Inhibitor of apoptosis protein 3",0.354,0.413,0.091,0.326,0.358,0.451,0.372,0.353,0.175,0.156,0.281
"Serine/threonine-protein kinase 2",0.166,0.212,0.489,0.092,0.184,0.2,0.169,0.014,0.018,0.085,0.084
"Dual specificity protein kinase CLK4",0.001,0.155,0.081,0.007,0.33,0.427,0.343,0.297,0.142,0.45,0.25
"MAP kinase signal-integrating kinase 2",0.09,0.025,0.533,0.469,0.354,0.25,0.118,0.368,0.196,0.551,0.299
"Proteasome component C5",0.215,0.174,0.488,0.001,0.179,0.136,0.357,0.372,0.207,0.11,0.432
"Tyrosine-protein kinase FRK",0.017,0.485,0.472,0.041,0.44,0.076,0.276,0.447,0.154,0.364,0.36
"Dual specificty protein kinase CLK1",0,0.001,0,0.008,0.065,0.102,0.012,0.02,0.038,0.076,0.133
"Dual specificity protein kinase CLK2",0.065,0.484,0.172,0.338,0.191,0.238,0.072,0.445,0.169,0.245,0.179
"Lipoxin A4 receptor",0.468,0.258,0.159,0.293,0.117,0.391,0.186,0.189,0.013,0.34,0.375
"Estradiol 17-beta-dehydrogenase 3",0.025,0.295,0.465,0.225,0.392,0.03,0.374,0.43,0.394,0.119,0.301
"11-beta-hydroxysteroid dehydrogenase 1",0.169,0.005,0.521,0.064,0.022,0.232,0.439,0.243,0.132,0.107,0.247
"Ribosomal protein S6 kinase alpha 5",0.004,0.089,0.182,0.062,0.085,0.301,0.36,0.331,0.063,0.288,0.462
"ALK tyrosine kinase receptor",0.003,0.012,0.116,0.045,0.427,0.281,0.123,0.464,0.033,0.097,0.441
"Hypoxia-inducible factor 1 alpha",0.292,0.483,0.098,0.097,0.074,0.214,0.243,0.064,0.454,0.134,0.218
"TGF-beta receptor type II",0.373,0.013,0.218,0.001,0.008,0.08,0.01,0.095,0.183,0.206,0.064
"Serine/threonine-protein kinase AKT",0.168,0.104,0.328,0.285,0.027,0.067,0.296,0.101,0.305,0.025,0.284
"Sodium channel protein type IX alpha subunit",0.22,0.093,0.255,0.021,0.119,0.514,0.079,0.49,0.216,0.012,0.509
"P-glycoprotein 1",0.016,0.094,0.403,0.391,0.033,0.221,0.516,0.441,0.269,0.163,0.314
"Heat shock protein HSP 90-beta",0.391,0.214,0.371,0.568,0.091,0.325,0.496,0.524,0.135,0.205,0.295
"Calcium-activated potassium channel subunit alpha-1",0.009,0.478,0.238,0.139,0.141,0.024,0.076,0.199,0.007,0.221,0.409
"Intermediate conductance calcium-activated potassium channel protein 4",0.005,0.001,0.008,0.497,0,0.036,0.015,0.039,0.025,0.312,0.116
"Voltage-gated potassium channel subunit Kv1.5",0.006,0.175,0.298,0.037,0.103,0.054,0.112,0.084,0.033,0.023,0.47
"Bradykinin B1 receptor",0.03,0.123,0.061,0.01,0,0.108,0.124,0.121,0.071,0.178,0.408
"Purinergic receptor P2Y1",0.042,0.17,0.057,0.115,0.47,0.422,0.179,0.124,0.254,0.134,0.092
"Sphingosine 1-phosphate receptor Edg-1",0.154,0.033,0.134,0.524,0.159,0.056,0.099,0.036,0.095,0.271,0.34
"Purine nucleoside phosphorylase",0.137,0.207,0.016,0.145,0.014,0.49,0.266,0.033,0.531,0.143,0.43
"Serine/threonine-protein kinase GAK",0,0.436,0.108,0,0.03,0.02,0.22,0.002,0.027,0.188,0.318
"Induced myeloid leukemia cell differentiation protein Mcl-1",0.206,0.434,0.347,0.484,0.11,0.149,0.479,0.18,0.499,0.326,0.471
"Dual-specificity tyrosine-phosphorylation regulated kinase 2",0.03,0.12,0.304,0.294,0.457,0.182,0.216,0.182,0.253,0.318,0.439
"Gastric inhibitory polypeptide receptor",0.203,0.316,0.498,0.174,0.245,0.109,0.442,0.189,0.19,0.45,0.47
"Matrix metalloproteinase 12",0.162,0.03,0.485,0.04,0.001,0.031,0.061,0.106,0.005,0.42,0.382
"Sphingosine kinase 1",0,0,0.008,0.032,0.089,0.14,0.037,0.014,0.313,0.187,0.107
"Phosphodiesterase 8B",0.397,0.146,0.35,0.07,0.02,0.405,0.266,0.076,0.333,0.076,0.376
"Phosphodiesterase 10A",0,0.303,0.213,0.028,0.365,0.136,0.306,0.31,0.055,0.091,0.128
"Free fatty acid receptor 1",0,0.24,0.086,0.008,0.175,0.07,0.233,0.092,0.259,0.007,0.352
"Prostanoid DP receptor",0.04,0.281,0.193,0.294,0.041,0.157,0.034,0.353,0.081,0.159,0.548
"Neurokinin 3 receptor",0.466,0.502,0.011,0.469,0.001,0.377,0.162,0.106,0.492,0.03,0.496
"TGF-beta receptor type I",0.217,0.031,0.018,0.074,0.077,0.311,0.06,0.343,0.407,0.122,0.292
"C-X-C chemokine receptor type 3",0.385,0.032,0.454,0.036,0.369,0.318,0.329,0.483,0.076,0.066,0.175
"Vitamin K-dependent protein C",0.095,0.181,0.094,0.091,0.129,0.281,0.044,0.293,0.328,0.166,0.407
"Tyrosine-protein kinase FGR",0.264,0.418,0.391,0.27,0.081,0.16,0.207,0.231,0.409,0.281,0.47
"NAD-dependent deacetylase sirtuin 3",0.35,0.428,0.108,0.201,0.482,0.371,0.388,0.385,0.063,0.205,0.219
"NAD-dependent deacetylase sirtuin 2",0.266,0.048,0.036,0.218,0.012,0.529,0.016,0.162,0.174,0.407,0.195
"Acyl coenzyme A:cholesterol acyltransferase 2",0,0.018,0.062,0.244,0.023,0.089,0.16,0.341,0.117,0.098,0.301
"Voltage-gated N-type calcium channel alpha-1B subunit",0,0.253,0.033,0,0.481,0.455,0.128,0.02,0.104,0.172,0.164
"Nitric oxide synthase, inducible",0.038,0.219,0.117,0.105,0.017,0.39,0.05,0.345,0.073,0.145,0.163
"Serine/threonine-protein kinase PAK 4",0.001,0.031,0.138,0.063,0.286,0.143,0.025,0.069,0.504,0.309,0.024
"Ribosomal protein S6 kinase 1",0.082,0.102,0.272,0.037,0.36,0.206,0.381,0.437,0.309,0.37,0.4
"NAD-dependent deacetylase sirtuin 1",0.003,0.154,0.183,0.336,0.008,0.049,0.01,0.338,0.241,0.458,0.453
"Glutaminyl-peptide cyclotransferase",0.452,0.027,0.149,0.355,0.097,0.363,0.404,0.123,0.118,0.432,0.512
"Serine/threonine-protein kinase PIM2",0.225,0.051,0.067,0.057,0.143,0.368,0.069,0.02,0.377,0.148,0.153
"TRAF2- and NCK-interacting kinase",0.007,0.474,0.11,0.034,0,0.311,0.115,0.004,0.316,0.218,0.231
"Coagulation factor XIII",0.02,0.038,0.195,0.311,0.035,0.236,0.46,0.011,0.023,0.348,0.142
"5-lipoxygenase activating protein",0.001,0.233,0.026,0,0.191,0.32,0.089,0.013,0.057,0.055,0.106
"Neuropeptide Y receptor type 5",0.331,0.114,0.093,0.124,0.468,0.426,0.152,0.206,0.082,0.196,0.25
"Kinesin-like protein 1",0.025,0.277,0.503,0.05,0.122,0.156,0.11,0.085,0.328,0.293,0.204
"Matrix metalloproteinase 8",0.057,0.368,0.043,0.017,0.479,0.187,0.457,0.358,0.058,0.122,0.44
"C-C chemokine receptor type 8",0.42,0.341,0.081,0.117,0.37,0.176,0.2,0.539,0.413,0.278,0.238
"Tyrosine kinase non-receptor protein 2",0.418,0.347,0.204,0.449,0.191,0.372,0.149,0.297,0.001,0.048,0.315
"Serine/threonine-protein kinase PAK 1",0.355,0.2,0.028,0.241,0.097,0.193,0.067,0.239,0.363,0.448,0.252
"Tyrosine-protein kinase BRK",0.018,0.157,0.228,0.019,0,0.347,0.367,0.092,0.176,0.008,0.045
"Melanocortin receptor 5",0.131,0.113,0.277,0.052,0.001,0.302,0.46,0.009,0.133,0.118,0.032
"Ghrelin receptor",0.181,0.154,0.118,0.231,0.01,0.467,0.281,0.023,0.433,0.054,0.056
"Phenylethanolamine N-methyltransferase",0.021,0.009,0.07,0.132,0.158,0.275,0.079,0.113,0.109,0.161,0.327
"Leukotriene A4 hydrolase",0.001,0.034,0.366,0.072,0.035,0.271,0.447,0.043,0.054,0.141,0.182
"Apoptosis regulator Bcl-X",0.061,0.549,0.011,0.165,0.512,0.37,0.187,0.21,0.051,0.087,0.217
"Serine/threonine-protein kinase Chk1",0.283,0.117,0.405,0.411,0.121,0.283,0.267,0.429,0.027,0.493,0.234
"Voltage-gated potassium channel subunit Kv1.3",0.035,0.073,0.126,0.002,0.295,0.344,0.106,0.051,0.058,0.33,0.117
"Voltage-gated T-type calcium channel alpha-1G subunit",0.35,0.082,0.192,0.033,0.264,0.241,0.173,0.324,0.11,0.224,0.373
"Melanocortin receptor 3",0.27,0.276,0.011,0.025,0.004,0.418,0.243,0.184,0.264,0.019,0.27
"Dipeptidyl peptidase VIII",0.001,0.043,0.095,0.03,0.016,0.068,0.074,0.337,0.453,0.361,0.236
"Lymphocyte differentiation antigen CD38",0.399,0.057,0.446,0.02,0.46,0.27,0.484,0.34,0.157,0.064,0.171
"Proteasome Macropain subunit MB1",0.052,0.417,0.276,0.218,0.412,0.333,0.281,0.375,0.246,0.385,0.323
"Apoptosis regulator Bcl-W",0.061,0.456,0.088,0.37,0.474,0.388,0.155,0.429,0.29,0.064,0.139
"Aldo-keto-reductase family 1 member C3",0.432,0.125,0.213,0.461,0.451,0.487,0.138,0.393,0.188,0.193,0.536
"Fibroblast activation protein alpha",0.098,0.342,0.301,0.141,0.085,0.132,0.064,0.239,0.278,0.191,0.261
"Indoleamine 2,3-dioxygenase",0,0.428,0.017,0.001,0.196,0.253,0.426,0.271,0.063,0.167,0.097
"Malonyl-CoA decarboxylase",0.047,0.261,0.228,0.198,0.004,0.027,0.495,0.143,0.145,0.022,0.189
"Isoprenylcysteine carboxyl methyltransferase",0.243,0.281,0.096,0.365,0.025,0.097,0.257,0.105,0.09,0.072,0.345
"Serine/threonine-protein kinase Aurora-A",0.315,0.138,0.24,0.01,0.519,0.037,0.428,0.16,0.528,0.266,0.336
"C3a anaphylatoxin chemotactic receptor",0.389,0.026,0.015,0.386,0.011,0.549,0.038,0.285,0.496,0.089,0.531
"Vesicular acetylcholine transporter",0.045,0.101,0.154,0.103,0.073,0.285,0.104,0.228,0.46,0.196,0.429
"Geranylgeranyl pyrophosphate synthetase",0.542,0.105,0.009,0.007,0.464,0.307,0.227,0.247,0.443,0.275,0.054
"Neuropeptide Y receptor type 1",0.013,0.272,0.094,0.078,0.425,0.487,0.342,0.409,0.142,0.127,0.286
"Carbonic anhydrase VA",0.393,0.468,0.157,0.339,0.305,0.11,0.375,0.329,0.232,0.41,0.223
"Endothelin-converting enzyme 1",0,0.122,0.019,0.003,0.21,0.106,0.348,0.015,0.108,0.394,0.493
"Orexin receptor 2",0.359,0.258,0.187,0.024,0.18,0.244,0.149,0.366,0.163,0.175,0.113
"Dipeptidyl peptidase IX",0.169,0.231,0.434,0.034,0.455,0.201,0.507,0.198,0.122,0.051,0.38
"Vanilloid receptor",0.066,0.31,0.074,0.372,0.416,0.197,0.361,0.256,0.441,0.246,0.289
"Caspase-1",0.43,0.411,0.012,0.38,0.152,0.035,0.557,0.195,0.125,0.127,0.403
"Nitric-oxide synthase, endothelial",0.365,0.005,0.337,0.462,0.09,0.318,0.047,0.251,0.447,0.143,0.287
"Dual specificity phosphatase Cdc25B",0.143,0.222,0.187,0.1,0.149,0.12,0.422,0.463,0.473,0.044,0.325
"P2X purinoceptor 7",0.162,0.496,0.042,0.018,0.064,0.184,0.362,0.031,0.214,0.107,0.26
"Serine/threonine-protein kinase AKT3",0.21,0.417,0.386,0.397,0.101,0.157,0.283,0.189,0.115,0.126,0.294
"Beta-secretase 1",0.232,0.325,0.001,0.019,0.008,0.038,0.308,0.09,0.145,0.235,0.235
"Acetyl-CoA carboxylase 2",0.086,0.291,0.462,0.007,0.068,0.224,0.39,0.082,0.27,0.52,0.214
"L-lactate dehydrogenase A chain",0.227,0.029,0.012,0.519,0.155,0.149,0.396,0.333,0.292,0.075,0.398
"C-X3-C chemokine receptor 1",0.002,0.292,0.25,0.084,0.319,0.029,0.411,0.138,0.038,0.427,0.284
"Eukaryotic translation initation factor",0.095,0.109,0.073,0.038,0.002,0.069,0.118,0.009,0.021,0.136,0.21
"Apoptosis regulator Bcl-2",0.08,0.056,0.316,0.149,0.207,0.126,0.438,0.139,0.301,0.314,0.242
"Cytochrome P450 1B1",0.047,0.129,0.385,0.19,0.305,0.104,0.208,0.265,0.569,0.071,0.28
"Tyrosine-protein kinase receptor UFO",0.002,0.016,0.484,0.188,0.002,0.233,0.233,0.015,0.08,0.176,0.1
"Neurotrophic tyrosine kinase receptor type 2",0.204,0.097,0.193,0.184,0.296,0.325,0.431,0.353,0.116,0.471,0.408
"Mitogen-activated protein kinase kinase kinase 8",0.408,0.377,0.233,0,0.009,0.232,0.434,0.06,0.091,0.072,0.421
"Low molecular weight phosphotyrosine protein phosphatase",0.052,0.063,0.026,0.037,0.471,0.126,0.216,0.166,0.317,0.165,0.044
"Casein kinase I epsilon",0.155,0.076,0.312,0.161,0.076,0.382,0.492,0.091,0.279,0.426,0.156
"L-lactate dehydrogenase B chain",0.282,0.04,0.094,0.05,0.009,0.381,0.246,0.157,0.342,0.301,0.345
"S-methyl-5-thioadenosine phosphorylase",0.062,0.026,0.029,0.234,0.011,0.259,0.113,0.313,0.143,0.28,0.446
"Proto-oncogene c-JUN",0.201,0.447,0.17,0.103,0.078,0.331,0.148,0.045,0.2,0.529,0.456
"Sodium/glucose cotransporter 1",0.352,0.332,0.076,0.015,0.088,0.455,0.181,0.169,0.302,0.506,0.362
"Transketolase",0,0.47,0.122,0,0.155,0.332,0.4,0.103,0.275,0.153,0.447
"Serine/threonine-protein kinase RIPK2",0.046,0.379,0.126,0.422,0.009,0.296,0.208,0.061,0.21,0.215,0.422
"p53-binding protein Mdm-2",0.071,0.16,0.293,0.011,0,0.292,0.281,0.057,0.258,0.021,0.114
"Serine-protein kinase ATR",0,0.077,0.094,0.01,0.098,0.329,0.069,0.482,0.366,0.395,0.176
"ADAM10",0.271,0.286,0.093,0.166,0.158,0.386,0.237,0.219,0.032,0.119,0.101
"Endoplasmic reticulum aminopeptidase 2",0.295,0.017,0.001,0.035,0.004,0.268,0.189,0.046,0.068,0.044,0.101
"G protein-coupled receptor 44",0.157,0.331,0.024,0.031,0.267,0.217,0.175,0.042,0.166,0.328,0.302
"Endothelial lipase",0.025,0.06,0.543,0.027,0.019,0.364,0.167,0.219,0.209,0.038,0.474
"Histone deacetylase 10",0,0.298,0.308,0,0.002,0.282,0.396,0.049,0.157,0.077,0.432
"GABA receptor alpha-5 subunit",0.368,0.366,0.002,0.286,0.019,0.392,0.098,0.128,0.367,0.329,0.466
"Orexin receptor 1",0.026,0.25,0.19,0.01,0.063,0.334,0.286,0.028,0.025,0.258,0.138
"Discoidin domain-containing receptor 2",0.208,0,0.167,0.347,0.253,0.037,0.07,0.089,0.274,0.369,0.09
"Metabotropic glutamate receptor 2",0.058,0.115,0.026,0.085,0.013,0.356,0.089,0.031,0.312,0.267,0.373
"Cytochrome P450 26A1",0.014,0.049,0.164,0.443,0.084,0.027,0.165,0.215,0.062,0.082,0.327
"Serine/threonine-protein kinase B-raf",0.054,0.353,0.484,0.012,0.414,0.134,0.139,0.062,0.245,0.279,0.456
"Ephrin type-B receptor 4",0,0.202,0.013,0.267,0.002,0.029,0.016,0.158,0.186,0.063,0.342
"Neuropilin-1",0.349,0.554,0.202,0.497,0.094,0.526,0.563,0.368,0.256,0.086,0.57
"dUTP pyrophosphatase",0.044,0.069,0.415,0.017,0.021,0.411,0.28,0.116,0.073,0.025,0.204
"Serine/threonine-protein kinase ILK-1",0,0.202,0.313,0.011,0.049,0.039,0.014,0.245,0.178,0.204,0.467
"Tyrosine-protein kinase BTK",0.172,0.523,0.079,0.119,0.015,0.125,0.44,0.032,0.259,0.219,0.107
"Serine/threonine-protein kinase TNNI3K",0.061,0.409,0.29,0.07,0.001,0.05,0.038,0.032,0.137,0.298,0.157
"Cytochrome P450 2A6",0.074,0.205,0.513,0.028,0.331,0.137,0.297,0.258,0.521,0.482,0.36
"Mitogen-activated protein kinase kinase kinase 5",0.041,0.425,0.026,0.005,0.01,0.459,0.06,0.334,0.375,0.532,0.188
"Tyrosine-protein kinase receptor TYRO3",0.495,0.3,0.225,0.037,0.017,0.363,0.054,0.349,0.045,0.364,0.3
"Epithelial discoidin domain-containing receptor 1",0.123,0.046,0.091,0.124,0.222,0.193,0.365,0.057,0.225,0.117,0.295
"Proto-oncogene tyrosine-protein kinase MER",0.192,0.069,0.486,0.191,0.275,0.156,0.409,0.399,0.422,0.381,0.39
"Baculoviral IAP repeat-containing protein 3",0.353,0.185,0.343,0.007,0.005,0.368,0.203,0.151,0.053,0.028,0.339
"Poly [ADP-ribose] polymerase 2",0,0.328,0.389,0.27,0.036,0.064,0.363,0.478,0.448,0.011,0.269
"P-selectin",0.418,0.442,0.076,0.123,0.145,0.452,0.431,0.285,0.364,0.198,0.427
"ATP-binding cassette sub-family G member 2",0.19,0.077,0.041,0.442,0.064,0.033,0.423,0.499,0.525,0.143,0.123
"Pituitary adenylate cyclase-activating polypeptide type I receptor",0.187,0.002,0.351,0.011,0.038,0.031,0.013,0.236,0.257,0.386,0.126
"Serine/threonine-protein kinase PIM3",0.05,0.036,0.041,0.004,0.003,0.523,0.104,0.111,0.029,0.43,0.488
"G-protein coupled bile acid receptor 1",0,0.051,0.131,0.112,0.16,0.233,0.027,0.225,0.186,0.098,0.299
"Metastin receptor",0.168,0.257,0.085,0.003,0,0.274,0.044,0.028,0.259,0.161,0.529
"Cell division cycle 7-related protein kinase",0.089,0.021,0.27,0.035,0.002,0.165,0.117,0.238,0.205,0.005,0.505
"Sodium channel protein type X alpha subunit",0.027,0.333,0.383,0.181,0.006,0.052,0.481,0.012,0.377,0.154,0.118
"Baculoviral IAP repeat-containing protein 2",0.046,0.554,0.448,0.011,0.324,0.337,0.289,0.404,0.209,0.195,0.569
"Receptor-interacting serine/threonine-protein kinase 1",0.142,0.245,0.009,0.125,0.002,0.113,0.025,0.37,0.056,0.472,0.439
"Protein tyrosine kinase 2 beta",0.007,0.027,0.011,0.046,0.002,0.186,0.013,0.434,0.42,0.379,0.278
"Perforin-1",0.019,0.508,0.145,0.011,0.183,0.449,0.421,0.245,0.075,0.109,0.224
"D-amino-acid oxidase",0.006,0.5,0.1,0.069,0.2,0.353,0.137,0.605,0.575,0.602,0.386
"Serine/threonine-protein kinase WEE1",0.011,0.066,0.177,0.003,0.078,0.498,0.206,0.012,0.381,0.025,0.242
"Histone acetyltransferase PCAF",0,0.106,0.156,0.247,0.284,0.491,0.443,0.476,0.199,0.222,0.231
"Secreted frizzled-related protein 1",0.41,0.277,0.359,0.41,0.27,0.048,0.137,0.27,0.09,0.056,0.113
"Transient receptor potential cation channel subfamily V member 3",0.246,0.275,0.217,0.487,0.087,0.377,0.227,0.109,0.503,0.109,0.488
"Protein-arginine N-methyltransferase 1",0,0.237,0.051,0.002,0.026,0.541,0.085,0.158,0.201,0.364,0.361
"Nuclear factor NF-kappa-B p65 subunit",0.271,0.071,0.342,0.097,0.021,0.088,0.191,0.108,0.37,0.324,0.327
"Dual specificity tyrosine-phosphorylation-regulated kinase 1B",0,0.293,0.154,0,0.125,0.341,0.246,0.086,0.032,0.181,0.273
"Acyl-CoA desaturase",0.384,0.062,0.481,0.02,0.036,0.029,0.046,0.135,0.045,0.182,0.454
"Proto-oncogene tyrosine-protein kinase ROS",0.052,0.38,0.098,0.009,0.209,0.47,0.193,0.22,0.098,0.016,0.271
"Lysyl-tRNA synthetase",0.024,0.347,0.149,0.414,0.118,0.121,0.046,0.226,0.034,0.07,0.291
"DNA-(apurinic or apyrimidinic site) lyase",0.402,0.369,0.524,0.134,0.513,0.311,0.41,0.069,0.245,0.034,0.155
"Glucose-dependent insulinotropic receptor",0.118,0.145,0.16,0.239,0.037,0.378,0.27,0.259,0.181,0.245,0.345
"Prostaglandin E synthase",0.077,0.006,0.019,0.209,0.098,0.372,0.235,0.003,0.003,0.444,0.147
"G protein-coupled receptor kinase 5",0.003,0.255,0.019,0.004,0.035,0.107,0.048,0.228,0.25,0.224,0.331
"Egl nine homolog 1",0,0.387,0.129,0,0.137,0.392,0.229,0.267,0.053,0.081,0.352
"Elongation of very long chain fatty acids protein 6",0.526,0.174,0.362,0.135,0.04,0.409,0.093,0.384,0.486,0.316,0.214
"Glucagon",0.406,0.134,0.287,0.116,0.221,0.463,0.201,0.154,0.179,0.108,0.475
"CREB-binding protein",0.026,0.309,0.408,0.001,0.434,0.128,0.382,0.05,0.076,0.206,0.477
"Mitogen-activated protein kinase kinase kinase 7",0,0.427,0.048,0.017,0.117,0.25,0.095,0.031,0.041,0.062,0.379
"Interferon-induced, double-stranded RNA-activated protein kinase",0.02,0.369,0.173,0,0.137,0.281,0.222,0.022,0.189,0.313,0.417
"Aldo-keto reductase family 1 member C2",0.355,0.094,0.252,0.29,0.013,0.429,0.306,0.146,0.16,0.098,0.347
"Trace amine-associated receptor 1",0.013,0.218,0.087,0.022,0.108,0.437,0.564,0.305,0.03,0.348,0.135
"Nuclear receptor ROR-alpha",0.01,0.139,0.11,0.428,0.1,0.421,0.102,0.157,0.182,0.406,0.316
"Heat shock factor protein 1",0.399,0.193,0.194,0.27,0.006,0.519,0.152,0.016,0.057,0.418,0.074
"Hematopoietic prostaglandin D synthase",0.003,0.254,0.014,0.249,0.004,0.165,0.042,0.39,0.031,0.099,0.399
"Aldo-keto reductase family 1 member C1",0.015,0.032,0.206,0.076,0.295,0.169,0.119,0.092,0.139,0.487,0.214
"Bifunctional protein NCOAT",0.332,0.332,0.003,0.48,0,0.052,0.258,0.038,0.121,0.002,0.213
"LIM domain kinase 2",0.056,0.022,0.078,0.005,0.054,0.02,0.147,0.215,0.05,0.166,0.098
"Serine/threonine-protein kinase PLK2",0.121,0.093,0.377,0.03,0.305,0.228,0.293,0.402,0.11,0.38,0.249
"Neuropeptide FF receptor 1",0.545,0.206,0.06,0.16,0.049,0.365,0.064,0.139,0.365,0.441,0.57
"Neuropeptide FF receptor 2",0.212,0.498,0.579,0.507,0.178,0.238,0.256,0.118,0.035,0.155,0.212
"IgG receptor FcRn large subunit p51",0.11,0.411,0.473,0.436,0.482,0.488,0.411,0.234,0.29,0.487,0.213
"Smoothened homolog",0.493,0.358,0.223,0.082,0.222,0.375,0.161,0.278,0.128,0.208,0.408
"Aldo-keto reductase family 1 member B10",0.198,0.403,0.462,0.073,0.266,0.095,0.308,0.029,0.356,0.042,0.476
"Serine/threonine-protein kinase 33",0.396,0.23,0.349,0.456,0.057,0.378,0.138,0.299,0.27,0.158,0.403
"Transient receptor potential cation channel subfamily A member 1",0.422,0.338,0.228,0.208,0.091,0.156,0.215,0.425,0.006,0.22,0.404
"Diacylglycerol O-acyltransferase 1",0.001,0.211,0.006,0.019,0.002,0.094,0.002,0.334,0.004,0.087,0.147
"Histone-lysine N-methyltransferase, H3 lysine-9 specific 3",0.379,0.181,0.199,0.269,0.004,0.492,0.394,0.108,0.373,0.256,0.172
"Lysine-specific histone demethylase 1",0.002,0.47,0.098,0.287,0.491,0.456,0.269,0.413,0.332,0.469,0.325
"Alpha-synuclein",0.105,0.133,0.511,0.395,0.224,0.169,0.235,0.524,0.081,0.337,0.562
"Tankyrase-2",0.215,0.42,0.378,0.023,0.467,0.217,0.407,0.471,0.377,0.368,0.13
"Tankyrase-1",0.329,0.081,0.329,0.017,0.399,0.419,0.353,0.197,0.048,0.221,0.058
"Mitogen-activated protein kinase kinase kinase kinase 4",0.009,0.253,0.042,0.44,0.025,0.413,0.044,0.173,0.133,0.072,0.26
"Lysine-specific demethylase 4C",0.08,0.222,0.33,0.484,0.008,0.307,0.157,0.045,0.144,0.335,0.459
