"","EGFR","Hypoxia","JAK.STAT","MAPK","NFkB","PI3K","TGFb","TNFa","Trail","VEGF","p53"
"Arginase-1",0.064,0.522,0.061,0.333,0.014,0.12,0.13,0.025,0.102,0.162,0.192
"Leucine-rich repeat serine/threonine-protein kinase 2",0.337,0.429,0.22,0.022,0.028,0.003,0.397,0.082,0.007,0.063,0.023
"Tyrosyl-DNA phosphodiesterase 1",0.045,0.408,0.036,0.298,0.065,0.095,0.106,0.123,0.262,0.057,0.016
"Transitional endoplasmic reticulum ATPase",0.41,0.338,0.207,0.264,0.261,0.127,0.136,0.227,0,0.106,0.154
"Glucokinase regulatory protein",0.053,0.115,0.246,0.132,0.465,0.003,0.314,0.167,0.526,0.095,0.175
"Pyruvate kinase isozymes M1/M2",0.079,0.389,0.061,0.122,0.133,0.032,0.113,0.078,0.02,0.278,0.236
"Transient receptor potential cation channel subfamily M member 8",0.093,0.393,0.524,0.359,0.025,0.568,0.259,0.29,0.153,0.296,0.381
"G-protein coupled receptor 55",0.005,0.266,0.027,0.151,0.143,0.396,0.449,0.253,0.136,0.258,0.121
"Endoplasmin",0.127,0.136,0.076,0.183,0.232,0.094,0.097,0.058,0.094,0.464,0.245
"Serine/threonine-protein kinase/endoribonuclease IRE1",0.115,0.125,0.335,0.222,0.444,0.07,0.262,0.144,0.003,0.007,0.301
"NADPH oxidase 4",0.193,0.512,0.013,0.497,0.003,0.084,0.322,0.101,0.017,0.325,0.153
"Ketohexokinase",0.2,0.154,0.203,0.25,0.251,0.004,0.301,0.538,0.037,0.353,0.189
"Lethal(3)malignant brain tumor-like protein 1",0.214,0.271,0.326,0.13,0.118,0.034,0.221,0.252,0,0.16,0.032
"Microtubule-associated protein tau",0.144,0.136,0.114,0.108,0.367,0.373,0.453,0.243,0.187,0.403,0.303
"15-hydroxyprostaglandin dehydrogenase [NAD+]",0.066,0.229,0.035,0.056,0.09,0.303,0.157,0.022,0.01,0.486,0.388
"G-protein coupled receptor 35",0.203,0.095,0.395,0.164,0.199,0.577,0.449,0.362,0.219,0.379,0.514
"ATP-sensitive inward rectifier potassium channel 1",0.404,0.328,0.3,0.008,0.103,0.004,0.424,0.272,0,0.202,0.47
"Neuropeptides B/W receptor type 1",0.17,0.189,0.03,0.037,0,0.044,0.294,0.054,0,0.359,0.114
"Nuclear receptor ROR-gamma",0.417,0.22,0.334,0.474,0.001,0.049,0.359,0.169,0.264,0.208,0.239
"DNA topoisomerase I",0.047,0.371,0.107,0.148,0.151,0.006,0.428,0.209,0.113,0.067,0.042
"Farnesyl diphosphate synthase",0.355,0.472,0.427,0.294,0.149,0.292,0.309,0.237,0.27,0.372,0.247
"Glucagon-like peptide 1 receptor",0.107,0.474,0.322,0.395,0.517,0.196,0.294,0.405,0.055,0.395,0.388
"Endothelin receptor ET-B",0.411,0.516,0.079,0.387,0.522,0.216,0.464,0.505,0.288,0.214,0.2
"Steroid 5-alpha-reductase 1",0.213,0.608,0.338,0.348,0.173,0.481,0.323,0.229,0.271,0.24,0.186
"Vasopressin V2 receptor",0.432,0.383,0.167,0.417,0.297,0.037,0.205,0.233,0.046,0.202,0.095
"Somatostatin receptor 5",0.024,0.536,0.491,0.59,0.159,0.304,0.218,0.169,0.142,0.223,0.079
"Histone-lysine N-methyltransferase, H3 lysine-79 specific",0.357,0.464,0.517,0.42,0.453,0.198,0.107,0.228,0.327,0.285,0.239
"Bromodomain-containing protein 3",0.221,0.438,0.444,0.072,0.406,0.34,0.359,0.398,0.064,0.028,0.063
"Cysteinyl leukotriene receptor 1",0.179,0.453,0.382,0.259,0.138,0.224,0.232,0.32,0.085,0.14,0.178
"Plasminogen",0,0.388,0.217,0.381,0.039,0,0.155,0.022,0,0.474,0.192
"Leukocyte adhesion glycoprotein LFA-1 alpha",0.304,0.314,0.21,0.437,0.025,0.231,0.57,0.04,0.516,0.477,0.276
"Somatostatin receptor 2",0.227,0.344,0.296,0.079,0.26,0.004,0.432,0.441,0.083,0.327,0.084
"Muscarinic acetylcholine receptor M4",0.023,0.371,0.314,0.151,0.474,0.177,0.278,0.116,0.451,0.516,0.207
"Inosine-5'-monophosphate dehydrogenase 1",0.175,0.328,0.359,0.172,0.526,0.192,0.463,0.212,0.181,0.38,0.239
"Receptor protein-tyrosine kinase erbB-2",0.416,0.268,0.32,0.202,0.11,0.182,0.336,0.082,0.163,0.006,0.129
"TNF-alpha",0.042,0.317,0.118,0.088,0.373,0.115,0.071,0.246,0.528,0.441,0.359
"Phosphodiesterase 5A",0.19,0.156,0.035,0.091,0.237,0.333,0.168,0.131,0.036,0.343,0.125
"Serotonin 2b (5-HT2b) receptor",0.122,0.158,0.205,0.512,0.018,0.542,0.157,0.197,0.354,0.145,0.206
"Thromboxane-A synthase",0.013,0.44,0.031,0.261,0.072,0.036,0.147,0.035,0.003,0.371,0.066
"Prostanoid EP4 receptor",0.115,0.309,0.401,0.151,0.379,0.164,0.099,0.051,0.354,0.022,0.005
"Dopamine D5 receptor",0.012,0.217,0.22,0.141,0.087,0.294,0.346,0.559,0.033,0.515,0.157
"Somatostatin receptor 4",0.044,0.32,0.428,0.501,0.214,0.089,0.478,0.317,0.247,0.075,0.107
"Gonadotropin-releasing hormone receptor",0.045,0.348,0.209,0.215,0.008,0.473,0.197,0.362,0.331,0.198,0.197
"4-hydroxyphenylpyruvate dioxygenase",0.224,0.111,0.014,0.383,0.34,0.448,0.206,0.033,0.254,0.32,0.463
"Tyrosine-protein kinase ABL",0.42,0.333,0.061,0.044,0.004,0.038,0.521,0.076,0.158,0.266,0.242
"Vascular endothelial growth factor receptor 1",0.208,0.391,0.371,0.322,0.038,0.26,0.436,0.046,0.025,0.374,0.261
"Tissue-type plasminogen activator",0.272,0.415,0.274,0.064,0.11,0.003,0.042,0.108,0.009,0.465,0.035
"Calcium sensing receptor",0.277,0.085,0.02,0.135,0.133,0.379,0.458,0.044,0.009,0.48,0.16
"Neuronal acetylcholine receptor protein alpha-4 subunit",0.279,0.431,0.195,0.329,0.067,0.03,0.549,0.383,0.512,0.39,0.192
"Potassium channel, inwardly rectifying, subfamily J, member 11",0.004,0.149,0.339,0.242,0.31,0.531,0.059,0.106,0.389,0.246,0.395
"Vasopressin V1a receptor",0.317,0.46,0.425,0.271,0.172,0.279,0.506,0.4,0.05,0.205,0.022
"Glutamate carboxypeptidase II",0.167,0.096,0.323,0.387,0.434,0.165,0.297,0.409,0.418,0.54,0.315
"Serotonin 1b (5-HT1b) receptor",0.04,0.238,0.361,0.054,0.05,0.004,0.016,0.028,0.004,0.161,0.539
"Serotonin 3a (5-HT3a) receptor",0.428,0.336,0.279,0.221,0.027,0.294,0.198,0.003,0.07,0.093,0.13
"Aldose reductase",0.173,0.306,0.141,0.527,0.057,0.291,0.145,0.05,0.17,0.064,0.196
"Glutamate [NMDA] receptor subunit epsilon 2",0.003,0.436,0.123,0.045,0.014,0.159,0.419,0.267,0.04,0.424,0.292
"Serine/threonine-protein kinase RAF",0.151,0.3,0.074,0.092,0.002,0.361,0.219,0.065,0.007,0.154,0.393
"Aminopeptidase N",0.065,0.51,0.262,0.024,0.191,0.353,0.104,0.227,0.244,0.273,0.034
"Cytochrome P450 11B1",0.17,0.413,0.088,0.006,0.269,0.075,0.273,0.373,0.168,0.34,0.037
"Butyrylcholinesterase",0.191,0.205,0.059,0.006,0.075,0.062,0.489,0.328,0,0.02,0.328
"Alpha-2c adrenergic receptor",0.13,0.404,0.023,0.137,0.33,0.071,0.345,0.096,0.091,0.11,0.025
"Melatonin receptor 1A",0.039,0.325,0.024,0.295,0.005,0.036,0.292,0.007,0,0.351,0.016
"Melatonin receptor 1B",0.047,0.32,0.259,0.3,0.484,0.199,0.529,0.314,0.225,0.385,0.291
"Thyroid hormone receptor beta-1",0.365,0.07,0.416,0.053,0.511,0.031,0.117,0.23,0.461,0.488,0.542
"Cyclophilin A",0.013,0.302,0.167,0.434,0.317,0.032,0.104,0.246,0.55,0.487,0.568
"Thymidylate synthase",0.36,0.164,0.236,0.274,0.192,0.187,0.049,0.112,0.163,0.499,0.226
"Vascular endothelial growth factor receptor 3",0.278,0.408,0.348,0.237,0.117,0.137,0.284,0.189,0.188,0.368,0.447
"Insulin-like growth factor I receptor",0.489,0.4,0.021,0.369,0.066,0.371,0.366,0.073,0.561,0.384,0.369
"Epoxide hydrolase 1",0.096,0.123,0.03,0.146,0.171,0.293,0.144,0.14,0.347,0.182,0.267
"Tyrosine-protein kinase receptor FLT3",0.064,0.42,0.18,0.373,0.019,0.269,0.067,0.077,0.396,0.311,0.408
"Vitamin D receptor",0.297,0.189,0.465,0.117,0.37,0.083,0.41,0.415,0.101,0.202,0.121
"Cytochrome P450 19A1",0.073,0.416,0.084,0.359,0.025,0.377,0.071,0.043,0.249,0.076,0.02
"Insulin receptor",0.024,0.524,0.33,0.152,0.039,0.005,0.081,0,0.016,0.185,0.01
"Serotonin 1d (5-HT1d) receptor",0.279,0.28,0.376,0.016,0.374,0.018,0.42,0.404,0.003,0.115,0.136
"Inhibitor of nuclear factor kappa B kinase beta subunit",0.009,0.039,0.232,0.475,0.164,0.064,0.079,0.081,0.086,0.066,0.307
"Prostanoid IP receptor",0.252,0.458,0.344,0.431,0.059,0.288,0.24,0.114,0.382,0.487,0.239
"Equilibrative nucleoside transporter 1",0.443,0.502,0.441,0.443,0.171,0.226,0.127,0.381,0.283,0.352,0.234
"Purinergic receptor P2Y12",0.156,0.539,0.139,0.402,0.309,0.372,0.327,0.604,0.322,0.371,0.224
"Retinoic acid receptor gamma",0.02,0.038,0.286,0.134,0.029,0.075,0.326,0.242,0.129,0.466,0.133
"Platelet-derived growth factor receptor alpha",0.074,0.55,0.282,0.013,0.535,0.035,0.074,0.213,0,0.006,0.075
"Retinoic acid receptor beta",0.063,0.057,0.054,0.148,0.042,0.504,0.439,0.059,0.381,0.147,0.428
"Nociceptin receptor",0.114,0.037,0.3,0.332,0.061,0.021,0.443,0.319,0.413,0.201,0.256
"Dihydrofolate reductase",0.463,0.208,0.234,0.11,0.061,0.069,0.348,0.288,0.421,0.397,0.372
"Epidermal growth factor receptor erbB1",0.057,0.158,0.217,0.07,0.224,0.292,0.169,0.019,0.202,0.366,0.031
"Muscarinic acetylcholine receptor M5",0.417,0.391,0.572,0.164,0.327,0.557,0.396,0.066,0.257,0.216,0.38
"Peptidyl-prolyl cis-trans isomerase FKBP5",0.033,0.099,0.085,0.23,0,0.064,0.075,0.01,0.021,0.42,0.015
"Retinoic acid receptor alpha",0.615,0.066,0.001,0.128,0.055,0.333,0.201,0.18,0.034,0.462,0.336
"Estrogen receptor alpha",0.007,0.372,0.516,0.249,0,0.377,0.097,0.067,0.164,0.411,0.06
"Beta-2 adrenergic receptor",0.027,0.455,0.17,0.293,0.071,0.006,0.462,0.078,0.007,0.092,0.301
"Cyclin T1",0.01,0.43,0.145,0.114,0.497,0.006,0.42,0.427,0.09,0.135,0.173
"Muscarinic acetylcholine receptor M2",0.185,0.366,0.123,0.531,0.203,0.089,0.031,0.371,0.28,0.144,0.502
"Beta-1 adrenergic receptor",0.283,0.095,0.298,0.484,0.191,0.376,0.265,0.135,0.338,0.423,0.278
"Dopamine D2 receptor",0.107,0.182,0.107,0.489,0.082,0.221,0.123,0.024,0.142,0.159,0.415
"Beta-glucocerebrosidase",0.468,0.363,0.519,0.309,0.574,0.013,0.447,0.579,0.208,0.266,0.182
"Motilin receptor",0.009,0.124,0.003,0.47,0.17,0.438,0.494,0.006,0.411,0.359,0.082
"MAP kinase-activated protein kinase 2",0.528,0.327,0.507,0.182,0.167,0.248,0.295,0.393,0.288,0.378,0.414
"Cyclooxygenase-1",0.304,0.137,0.27,0.33,0.186,0.233,0.177,0.393,0.12,0.034,0.042
"Norepinephrine transporter",0.175,0.27,0.09,0.531,0.249,0.437,0.641,0.305,0.203,0.364,0.209
"Anandamide amidohydrolase",0.394,0.517,0.051,0.445,0.02,0.382,0.334,0.012,0.046,0.234,0.133
"Serotonin 2c (5-HT2c) receptor",0.43,0.411,0.112,0.271,0.043,0.339,0.441,0.087,0.233,0.292,0.285
"Dipeptidyl peptidase I",0.048,0.403,0.003,0.323,0.424,0.315,0.104,0.083,0.001,0.01,0.282
"Serotonin transporter",0.002,0.257,0.004,0.115,0.477,0.381,0.466,0.276,0.295,0.469,0.125
"Peroxisome proliferator-activated receptor alpha",0.431,0.137,0.159,0.087,0.027,0.481,0.236,0.034,0.488,0.529,0.292
"HERG",0.216,0.269,0.583,0.052,0.042,0.525,0.346,0.207,0.055,0.091,0.302
"Epoxide hydratase",0.02,0.049,0.482,0.406,0.203,0,0.421,0.351,0.004,0.312,0.124
"Phosphodiesterase 3A",0.008,0.146,0.054,0.286,0.467,0.223,0.133,0.05,0.421,0.223,0.094
"C-C chemokine receptor type 1",0.064,0.119,0.289,0.534,0.049,0.347,0.111,0.541,0.194,0.107,0.111
"C-C chemokine receptor type 4",0.393,0.29,0.24,0.247,0.397,0.184,0.445,0.423,0.007,0.31,0.228
"Estrogen receptor beta",0.48,0.298,0.481,0.32,0.275,0.171,0.198,0.308,0.286,0.156,0.366
"Glyoxalase I",0.027,0.281,0.319,0.208,0.435,0.124,0.133,0.109,0.002,0.368,0.328
"Myosin light chain kinase, smooth muscle",0.001,0.137,0.195,0.004,0.356,0.163,0.43,0.128,0.48,0.089,0.438
"Serine/threonine-protein kinase AKT2",0.337,0.172,0.263,0.138,0.301,0.107,0.191,0.385,0.001,0.011,0.301
"Interleukin-8 receptor B",0.322,0.038,0.267,0.105,0.002,0.004,0.068,0.177,0.04,0.302,0.117
"Myeloperoxidase",0.053,0.461,0.443,0.045,0.03,0.002,0.383,0.301,0.02,0.456,0.287
"Coagulation factor X",0.39,0.167,0.009,0.019,0.467,0.055,0.014,0.156,0.008,0.109,0.219
"Deoxycytidine kinase",0.146,0.48,0.099,0.417,0.229,0.086,0.37,0.16,0.333,0.051,0.053
"Muscarinic acetylcholine receptor M3",0.07,0.102,0.443,0.176,0.501,0.583,0.122,0.325,0.243,0.053,0.061
"Beta-3 adrenergic receptor",0.024,0.087,0.178,0.221,0.009,0.089,0.311,0.199,0.298,0.007,0.258
"Death-associated protein kinase 3",0.333,0.328,0.139,0.242,0.003,0.003,0.327,0.05,0.316,0.15,0.256
"Methionine aminopeptidase 1",0.062,0.34,0.111,0.389,0.44,0.021,0.381,0.09,0.493,0.012,0.03
"Leukocyte elastase",0,0.036,0.25,0.064,0,0.008,0.249,0.021,0.004,0.205,0.148
"Beta amyloid A4 protein",0.051,0.382,0.195,0.171,0.072,0.258,0.387,0.07,0.51,0.031,0.111
"Neurokinin 1 receptor",0.031,0.13,0.085,0.214,0.093,0.144,0.274,0.036,0.009,0.12,0.021
"Neuronal acetylcholine receptor protein alpha-7 subunit",0.045,0.333,0.066,0.521,0.111,0.04,0.28,0.361,0.15,0.181,0.39
"Adenosine A2a receptor",0.021,0.046,0.005,0.144,0.475,0.187,0.169,0.091,0.324,0.355,0.457
"Endothelin receptor ET-A",0.074,0.422,0.369,0.022,0.002,0.028,0.136,0.02,0.009,0.133,0.143
"Beta secretase 2",0.37,0.214,0.062,0.129,0.045,0.082,0.506,0.132,0.352,0.169,0.166
"Serine/threonine-protein kinase Chk2",0.402,0.29,0.039,0.279,0.09,0.339,0.114,0.087,0.382,0.198,0.162
"Cannabinoid CB2 receptor",0.097,0.298,0.273,0,0.267,0.013,0.143,0.106,0.49,0.061,0.089
"3-phosphoinositide dependent protein kinase-1",0.177,0.476,0.317,0.409,0.005,0.019,0.187,0.014,0.038,0.015,0.175
"Phospholipase D1",0.11,0.159,0.24,0.045,0.078,0.451,0.09,0.013,0.412,0.256,0.118
"Phosphodiesterase 4A",0.253,0.105,0.062,0.114,0.29,0.238,0.341,0.006,0.308,0.418,0.432
"Adenosine A2b receptor",0.056,0.25,0.006,0.341,0.052,0.301,0.073,0.16,0.276,0.114,0.388
"Carboxypeptidase B",0.162,0.236,0.538,0.083,0.261,0.434,0.371,0.302,0.325,0.347,0.315
"Adenosine A3 receptor",0.053,0.352,0.432,0.323,0.137,0.21,0.328,0.072,0.272,0.294,0.309
"Histone deacetylase 5",0.018,0.159,0.049,0.332,0.155,0.437,0.356,0.452,0.083,0.222,0.269
"Liver glycogen phosphorylase",0.135,0.339,0.052,0.294,0.052,0.083,0.04,0.139,0.038,0.483,0.539
"Tyrosine-protein kinase LCK",0.311,0.223,0.117,0.046,0.169,0.062,0.323,0.356,0.161,0.085,0.298
"Cathepsin D",0.037,0.193,0.264,0.012,0.065,0.383,0.169,0.04,0.36,0.404,0.029
"Melanocortin receptor 4",0.24,0.392,0.146,0.203,0.001,0.006,0.526,0.024,0.008,0.049,0.058
"Peptide N-myristoyltransferase 1",0.07,0.176,0.442,0.253,0.299,0.172,0.289,0.09,0.257,0.261,0.118
"Tyrosine-protein kinase SYK",0.204,0.36,0.408,0.271,0.306,0.367,0.194,0.43,0.175,0.268,0.354
"MAP kinase p38 alpha",0.364,0.062,0.193,0.171,0.086,0.191,0.177,0.172,0.233,0.585,0.486
"Carbonic anhydrase I",0.534,0.125,0.266,0.127,0.437,0.003,0.32,0.376,0.176,0.382,0.14
"Furin",0.198,0.167,0.559,0.387,0.039,0.014,0.158,0.12,0.199,0.218,0.458
"Tryptase beta-1",0.502,0.113,0.029,0.105,0.021,0.03,0.345,0.089,0.003,0.103,0.286
"Glycogen synthase kinase-3 beta",0.257,0.3,0.019,0.243,0.078,0.416,0.393,0.027,0.024,0.221,0.241
"Dual specificity protein phosphatase 3",0.236,0.478,0.209,0.376,0.188,0.234,0.243,0.413,0.392,0.315,0.449
"c-Jun N-terminal kinase 3",0.486,0.324,0.194,0.285,0.287,0.285,0.167,0.148,0.387,0.269,0.214
"Histamine H3 receptor",0.31,0.387,0.278,0.188,0.104,0.332,0.294,0.06,0.298,0.184,0.402
"Phosphodiesterase 2A",0.22,0.136,0.287,0.246,0.274,0.041,0.334,0.306,0.035,0.477,0.163
"Adenosylhomocysteinase",0.019,0.263,0.427,0.43,0.003,0.032,0.275,0.024,0.333,0.005,0.272
"Tyrosine-protein kinase SRC",0.099,0.213,0.261,0.127,0.041,0.207,0.272,0,0.309,0.052,0.251
"Cathepsin K",0.403,0.232,0.193,0.225,0.065,0.02,0.417,0.387,0.283,0.182,0.027
"Macrophage-stimulating protein receptor",0.395,0.39,0.046,0.26,0.001,0.112,0.073,0.001,0.121,0.111,0.084
"Cystinyl aminopeptidase",0.213,0.62,0.162,0.007,0.238,0.617,0.256,0.179,0.012,0.472,0.528
"Focal adhesion kinase 1",0.065,0.125,0.302,0.363,0.177,0.021,0.186,0.322,0.118,0.326,0.201
"Mitogen-activated protein kinase kinase kinase 11",0.005,0.497,0.438,0.271,0.041,0.037,0.335,0.07,0.226,0.312,0.377
"Histone deacetylase 7",0.376,0.265,0.38,0.068,0.057,0.203,0.143,0.062,0.02,0.183,0.286
"Phosphodiesterase 11A",0.157,0.435,0.335,0.364,0.112,0.396,0.11,0.18,0.017,0.333,0.293
"Cytochrome P450 11B2",0.313,0.341,0.284,0.223,0.258,0.208,0.421,0.337,0.199,0.157,0.075
"Protein-glutamine gamma-glutamyltransferase",0.021,0.216,0.07,0.036,0.278,0.16,0.344,0.241,0.372,0.071,0.378
"Phospholipase D2",0.002,0.063,0.266,0.011,0,0.172,0.182,0.002,0.023,0.308,0.017
"Metabotropic glutamate receptor 4",0.456,0.168,0.128,0.137,0.027,0.038,0.325,0.15,0.074,0.351,0.095
"C-C chemokine receptor type 5",0.123,0.065,0.301,0.116,0.024,0.054,0.215,0.162,0.091,0.106,0.029
"Fibroblast growth factor receptor 3",0.138,0.254,0.092,0.497,0.006,0.293,0.596,0.018,0.281,0.16,0.066
"Phosphodiesterase 4B",0.342,0.151,0.403,0.091,0.176,0.144,0.192,0.057,0.315,0.052,0.115
"Ileal bile acid transporter",0.1,0.319,0.189,0.159,0.355,0.009,0.362,0.097,0.037,0.297,0.34
"Integrin alpha-4",0.516,0.052,0.176,0.191,0.018,0.105,0.068,0.008,0.03,0.276,0.173
"Sodium/hydrogen exchanger 1",0.045,0.292,0.395,0.039,0.017,0.237,0.57,0.065,0.012,0.165,0.566
"Acyl coenzyme A:cholesterol acyltransferase 1",0.073,0.238,0.284,0.028,0.177,0.036,0.517,0.291,0.073,0.455,0.419
"Estradiol 17-beta-dehydrogenase 2",0.404,0.301,0.386,0.281,0.008,0.02,0.438,0.212,0.308,0.143,0.006
"Vascular endothelial growth factor receptor 2",0.134,0.222,0.221,0.07,0.005,0.55,0.437,0.166,0.112,0.054,0.251
"Matrix metalloproteinase 13",0,0.273,0.356,0.483,0.476,0.001,0.138,0.066,0,0.02,0.062
"Tyrosine-protein kinase ZAP-70",0.12,0.245,0.451,0.164,0.128,0.112,0.401,0.063,0.326,0.397,0.284
"LXR-alpha",0.167,0.466,0.107,0.151,0.59,0.193,0.519,0.111,0.049,0.037,0.287
"Protein-glutamine gamma-glutamyltransferase K",0.381,0.21,0.037,0.076,0.007,0.145,0.307,0.005,0.338,0.309,0.038
"Nerve growth factor receptor Trk-A",0.27,0.046,0.068,0.383,0.06,0.355,0.105,0,0.119,0.365,0.115
"Coagulation factor XI",0.019,0.216,0.26,0.089,0.074,0.334,0.221,0.396,0.1,0.027,0.391
"Casein kinase I delta",0.251,0.432,0.1,0.138,0.052,0.05,0.225,0.046,0.301,0.365,0.207
"Matrix metalloproteinase 3",0.245,0.508,0.424,0.269,0.462,0.114,0.258,0.28,0.381,0.112,0.351
"Tyrosine-protein kinase JAK1",0.013,0.308,0.165,0.125,0.01,0.417,0.432,0.434,0.154,0.199,0.101
"Dipeptidyl peptidase IV",0.277,0.391,0.56,0.103,0.037,0.012,0.051,0.376,0,0.011,0.033
"Serine/threonine-protein kinase mTOR",0.099,0.377,0.464,0.181,0.445,0.368,0.236,0.582,0.121,0.552,0.367
"Glycogen synthase kinase-3 alpha",0.163,0.315,0.37,0.155,0.047,0.255,0.233,0.158,0.081,0.04,0.251
"Renin",0.15,0.45,0.227,0.604,0.012,0.027,0.354,0.005,0.091,0.089,0.205
"Sigma opioid receptor",0.005,0.121,0.375,0.135,0.035,0.542,0.268,0.108,0.08,0.091,0.061
"Mitogen-activated protein kinase kinase kinase 9",0.459,0.09,0.291,0.459,0.039,0,0.496,0.349,0.002,0.225,0.041
"Phosphodiesterase 4D",0.139,0.071,0.214,0.312,0.135,0.01,0.394,0.06,0.01,0.225,0.177
"Carbonic anhydrase III",0.03,0.108,0.237,0.314,0,0.355,0.149,0.002,0.071,0.405,0.022
"Hematopoietic cell protein-tyrosine phosphatase 70Z-PEP",0.432,0.383,0.483,0.318,0.352,0.057,0.447,0.137,0.3,0.346,0.315
"Phosphodiesterase 3B",0.475,0.42,0.193,0.114,0.187,0.48,0.231,0.022,0.346,0.299,0.382
"Arachidonate 15-lipoxygenase",0.116,0.386,0.188,0.234,0.324,0.028,0.005,0.198,0.256,0.026,0.081
"Phosphodiesterase 4C",0.182,0.377,0.329,0.314,0.293,0.316,0.18,0.376,0.09,0.346,0.369
"Telomerase reverse transcriptase",0.013,0.059,0.151,0.352,0.019,0.004,0.164,0.075,0.002,0.105,0.264
"Protein kinase C gamma",0.008,0.457,0.329,0.437,0.388,0.014,0.462,0.315,0.392,0.325,0.297
"Cathepsin S",0.173,0.558,0.452,0.252,0.14,0.357,0.574,0.014,0.254,0.308,0.42
"Sphingosine 1-phosphate receptor Edg-5",0.006,0.175,0.079,0.095,0.299,0,0.082,0.26,0,0.092,0.155
"Tyrosine-protein kinase ITK/TSK",0.003,0.186,0.406,0.096,0.303,0.209,0.305,0.24,0.016,0.203,0.456
"Dual specificity mitogen-activated protein kinase kinase 2",0.123,0.232,0.428,0.056,0.009,0.375,0.212,0.308,0.086,0.388,0.251
"Tyrosine-protein kinase JAK2",0.196,0.388,0.247,0.121,0.519,0.114,0.318,0.506,0.352,0.373,0.226
"Rho-associated protein kinase 2",0.141,0.324,0.179,0.146,0.463,0.254,0.419,0.257,0.515,0.308,0.4
"Cholecystokinin B receptor",0.066,0.435,0.084,0.236,0.037,0.034,0.164,0.043,0.031,0.469,0.133
"Protein kinase C alpha",0.072,0.406,0.048,0.305,0.406,0.209,0.333,0.056,0.09,0.494,0.133
"Protein kinase C delta",0.364,0.316,0.364,0.348,0.001,0.219,0.057,0.036,0.198,0.002,0.058
"P2X purinoceptor 3",0.488,0.545,0.091,0.276,0.242,0.266,0.044,0.079,0.172,0.04,0.071
"Multidrug resistance-associated protein 1",0.132,0.071,0.302,0.355,0.019,0.161,0.049,0.232,0.176,0.082,0.398
"Receptor protein-tyrosine kinase erbB-4",0.367,0.041,0.434,0.25,0.022,0.31,0.303,0.126,0.132,0.374,0.167
"Cyclin-dependent kinase 2",0.263,0.352,0.338,0.055,0.131,0.006,0.316,0.155,0.001,0.003,0.383
"Phosphodiesterase 7A",0,0.066,0.029,0.103,0.385,0.025,0.024,0.057,0.44,0.006,0.262
"Matriptase",0.081,0.462,0.444,0.01,0.095,0.136,0.396,0.362,0.083,0.104,0.477
"Sphingosine kinase 2",0.13,0.475,0.264,0.333,0.143,0.002,0.082,0.025,0.008,0.421,0.113
"Serine/threonine-protein kinase PLK1",0.126,0.127,0.167,0.282,0.214,0.13,0.306,0.088,0.337,0.072,0.371
"Carbonic anhydrase VI",0.222,0.35,0.18,0.2,0.116,0.043,0.195,0.163,0.124,0.314,0.434
"Protein kinase C beta",0.412,0.206,0.373,0.1,0.015,0.021,0.009,0.122,0.034,0.059,0.091
"Cyclin-dependent kinase 7",0.236,0.383,0.044,0.275,0.335,0.16,0.447,0.087,0.39,0.314,0.336
"Glycine transporter 2",0.184,0.63,0.178,0.404,0.213,0.1,0.603,0.195,0.382,0.563,0.186
"Cyclin-dependent kinase 1",0.361,0.155,0.049,0.157,0.089,0.01,0.121,0.192,0.003,0.314,0.224
"Excitatory amino acid transporter 1",0.161,0.501,0.535,0.516,0.394,0.507,0.242,0.179,0.347,0.079,0.443
"Plasma retinol-binding protein",0.036,0.448,0.592,0.003,0.117,0.609,0.056,0.618,0.178,0.592,0.537
"Poly [ADP-ribose] polymerase-1",0.147,0.514,0.405,0.522,0.001,0.235,0.033,0.033,0.297,0.051,0.292
"Thymidine phosphorylase",0.018,0.461,0.016,0.18,0.297,0.299,0.189,0.04,0.32,0.432,0.356
"Cyclin-dependent kinase 9",0.085,0.058,0.532,0.372,0,0.038,0.402,0.002,0.016,0.247,0.117
"PI3-kinase p110-delta subunit",0.243,0.381,0.107,0.275,0.211,0.208,0.354,0.284,0.248,0.355,0.613
"DNA-dependent protein kinase",0.412,0.243,0.046,0.153,0.461,0.286,0.191,0.483,0.136,0.021,0.181
"PI3-kinase p110-beta subunit",0.289,0.396,0.241,0.436,0.023,0.015,0.255,0.14,0.013,0.264,0.357
"Serotonin 7 (5-HT7) receptor",0.379,0.298,0.161,0.53,0.461,0.14,0.378,0.26,0.048,0.021,0.089
"Bradykinin B2 receptor",0.216,0.231,0.408,0.419,0.266,0.335,0.391,0.025,0.342,0.525,0.292
"Protein-tyrosine phosphatase 1C",0.095,0.075,0.201,0.412,0.053,0.028,0.175,0.376,0.3,0.187,0.443
"Carboxylesterase 2",0.288,0.096,0.092,0.617,0.595,0.327,0.051,0.541,0.21,0.483,0.014
"Estradiol 17-beta-dehydrogenase 1",0.428,0.323,0.527,0.27,0.365,0.118,0.359,0.187,0.133,0.012,0.228
"Histone deacetylase 8",0.135,0.275,0.069,0.176,0.388,0.437,0.263,0.397,0.032,0.372,0.284
"Prolyl endopeptidase",0.123,0.326,0.508,0.166,0.131,0.002,0.151,0.255,0.029,0.333,0.02
"Matrix metalloproteinase 9",0.093,0.266,0.397,0.46,0.005,0.275,0.225,0.028,0.383,0.092,0.199
"CD22",0.307,0.454,0.157,0.433,0.01,0.002,0.235,0.352,0.339,0.012,0.01
"Metabotropic glutamate receptor 5",0.206,0.246,0.088,0.247,0.22,0.003,0.022,0.294,0.051,0.392,0.375
"Sphingosine 1-phosphate receptor Edg-6",0.007,0.382,0.355,0.485,0.008,0.201,0.211,0.038,0.284,0.007,0.173
"Rho-associated protein kinase 1",0.385,0.049,0.457,0.519,0.014,0.352,0.151,0.056,0.291,0.49,0.297
"Tyrosine-protein kinase HCK",0.042,0.038,0.106,0.218,0.276,0.017,0.201,0.102,0.15,0.042,0.061
"Carbonic anhydrase XII",0.091,0.441,0.055,0.282,0,0.325,0.331,0.01,0.011,0.059,0.055
"Histone deacetylase 1",0.426,0.151,0.05,0.247,0.001,0.312,0.242,0.006,0.001,0.034,0.372
"Lysophosphatidic acid receptor Edg-7",0.134,0.211,0.135,0.293,0.084,0.005,0.016,0.374,0.132,0.064,0.026
"PI3-kinase p110-gamma subunit",0.013,0.157,0.595,0.189,0.229,0.008,0.267,0.25,0.145,0.575,0.584
"PI4-kinase beta subunit",0.4,0.325,0.508,0.063,0.603,0.074,0.245,0.348,0.239,0.298,0.38
"Cathepsin L2",0.466,0.008,0.389,0.503,0.072,0.131,0.011,0.073,0.343,0.303,0.155
"Urokinase-type plasminogen activator",0.442,0.341,0.08,0.342,0.177,0.246,0.398,0.313,0.288,0.322,0.027
"Testis-specific androgen-binding protein",0.468,0.311,0.299,0.285,0.067,0.01,0.441,0.386,0.324,0.014,0.013
"Caspase-6",0.019,0.086,0.141,0.016,0.01,0.342,0.304,0.028,0.28,0.255,0.173
"Cyclin-dependent kinase 4",0.308,0.475,0.204,0.081,0.045,0,0.309,0.109,0.03,0.324,0.065
"Histone deacetylase 11",0.219,0.333,0.533,0.315,0.001,0.426,0.376,0.002,0.289,0.471,0.007
"Sodium-dependent proline transporter",0.082,0.367,0.138,0.354,0.017,0.039,0.158,0.3,0.013,0.246,0.17
"Matrix metalloproteinase-1",0.403,0.159,0.462,0.412,0.219,0.312,0.152,0.419,0.224,0.307,0.306
"Matrix metalloproteinase-2",0.345,0.354,0.348,0.18,0.181,0.208,0.19,0.164,0.301,0.065,0.314
"Protein-tyrosine phosphatase 1B",0.267,0.191,0.231,0.312,0.356,0.106,0.013,0.329,0.499,0.541,0.093
"Acetyl-CoA carboxylase 1",0.558,0.174,0.172,0.042,0.208,0.382,0.22,0.137,0.157,0.13,0.069
"Serotonin 6 (5-HT6) receptor",0.109,0.124,0.161,0.091,0.145,0.002,0.423,0.277,0.298,0.019,0.21
"MAP kinase ERK1",0.05,0.451,0.322,0.38,0.025,0.377,0.345,0.072,0.109,0.25,0.232
"Cytochrome P450 2C9",0.451,0.214,0.489,0.02,0.018,0.061,0.223,0.002,0.048,0.001,0.296
"Probable G-protein coupled receptor 88",0.025,0.02,0.343,0.001,0.4,0.219,0.179,0.364,0.067,0.328,0.039
"Cytochrome P450 3A4",0.294,0.38,0.08,0.017,0.234,0.02,0.53,0.198,0.007,0.308,0.441
"Pregnane X receptor",0.012,0.029,0.303,0.102,0.194,0.063,0.34,0.575,0.289,0.231,0.125
"Carboxypeptidase B2 isoform A",0.459,0.253,0.224,0.285,0.061,0.336,0.21,0.114,0.098,0.456,0.405
"Serotonin 5a (5-HT5a) receptor",0,0.427,0.089,0.077,0,0.145,0.065,0.053,0.077,0.004,0.258
"Estrogen-related receptor alpha",0.136,0.303,0.03,0.108,0.388,0.178,0.322,0.185,0.003,0.507,0.269
"Amine oxidase, copper containing",0.115,0.158,0.366,0.445,0.427,0.24,0.342,0.071,0.055,0.304,0.431
"Protein kinase C zeta",0.001,0.207,0.435,0.053,0.011,0.378,0.5,0.285,0.233,0.076,0.357
"Melanin-concentrating hormone receptor 1",0.298,0.544,0.477,0.185,0.001,0.343,0.02,0.058,0.391,0.009,0.03
"Caspase-7",0.005,0.18,0.487,0.072,0.121,0.063,0.126,0.387,0.015,0.527,0.127
"C-C chemokine receptor type 3",0.019,0.284,0.503,0.003,0.226,0.056,0.228,0.345,0,0.311,0.125
"Phospholipase A2 group IIA",0.186,0.294,0.031,0.125,0.571,0.101,0.293,0.109,0.281,0.048,0.065
"Plasminogen activator inhibitor-1",0.138,0.477,0.38,0.296,0.242,0.424,0.064,0.073,0.442,0.029,0.084
"Inhibitor of nuclear factor kappa B kinase alpha subunit",0.131,0.339,0.448,0.106,0.29,0.022,0.217,0.076,0.181,0.375,0.094
"Proteasome Macropain subunit",0,0.126,0.323,0.277,0.007,0.544,0.107,0.072,0.266,0.229,0.069
"Carbonic anhydrase XIV",0.351,0.372,0.18,0.301,0.479,0.104,0.288,0.196,0.08,0.137,0.436
"LDL-associated phospholipase A2",0.106,0.097,0.141,0.198,0.176,0,0.055,0.142,0.136,0.081,0.089
"Cytochrome P450 17A1",0.238,0.412,0.061,0.206,0.143,0.353,0.45,0.194,0.019,0.184,0.033
"Histone deacetylase 4",0.365,0.498,0.141,0.488,0.382,0.068,0.527,0.265,0.237,0.045,0.022
"Inhibitor of nuclear factor kappa B kinase epsilon subunit",0.392,0.206,0.346,0.157,0.368,0.036,0.072,0.515,0.083,0.184,0.374
"Phosphodiesterase 9A",0.001,0.541,0.415,0.318,0.114,0.091,0.363,0.067,0.201,0.519,0.211
"Tyrosine-protein kinase TYK2",0.173,0.203,0.141,0.3,0,0,0.432,0.009,0.076,0.351,0.024
"Steryl-sulfatase",0.082,0.469,0.19,0.092,0.028,0.018,0.255,0.106,0.012,0.013,0.015
"Nitric-oxide synthase, brain",0.486,0.03,0.22,0.067,0.014,0.07,0.351,0.089,0,0.024,0.607
"Cholesteryl ester transfer protein",0.576,0.385,0.44,0.547,0,0.112,0.18,0.001,0.001,0.001,0.091
"Protein kinase C epsilon",0.022,0.44,0.194,0.327,0.092,0.421,0.07,0.285,0.055,0.422,0.098
"Dual specificity mitogen-activated protein kinase kinase 1",0.095,0.363,0.312,0.581,0.276,0.372,0.318,0.465,0.028,0,0.018
"Adenosine kinase",0.023,0.064,0.092,0.238,0.411,0.022,0.091,0.173,0.122,0.171,0.056
"Hormone sensitive lipase",0.1,0.252,0.475,0.334,0.125,0.122,0.159,0.129,0.14,0.26,0.044
"Carbonic anhydrase IX",0.119,0.362,0.447,0.375,0.305,0.418,0.314,0.124,0.15,0.005,0.085
"Protein kinase C eta",0.256,0.327,0.289,0.238,0.003,0.169,0.34,0.014,0.47,0.02,0.237
"Cytochrome P450 2C19",0.485,0.109,0.353,0.224,0.173,0.139,0.262,0.453,0.141,0.321,0.038
"Quinone reductase 1)",0.065,0.125,0.156,0.004,0.501,0.395,0.176,0.148,0.068,0.161,0.288
"Casein kinase II alpha",0.026,0.071,0.064,0.078,0.164,0.179,0.097,0.162,0.175,0.336,0.289
"Opioid growth factor receptor-like protein 1",0.383,0.159,0.522,0.177,0.006,0.003,0.107,0.063,0.04,0.407,0.187
"Kininogen-1",0.293,0.115,0.301,0.125,0.026,0.064,0.123,0.129,0.05,0.201,0.224
"Acetyl-coenzyme A transporter 1",0.056,0.459,0.051,0.079,0.024,0.016,0.46,0.084,0.381,0.036,0.365
"Fibroblast growth factor receptor 1",0.051,0.337,0.033,0.42,0.048,0.059,0.431,0.087,0.006,0.359,0.426
"PI4-kinase alpha subunit",0.046,0.453,0.376,0.019,0.008,0.332,0.299,0.021,0.369,0.076,0.444
"Arachidonate 12-lipoxygenase",0.378,0.431,0.323,0.135,0.066,0.007,0.024,0.051,0.26,0.226,0.132
"Autotaxin",0.021,0.107,0.168,0.093,0.021,0.228,0.303,0.428,0.037,0.014,0.306
"ADAM17",0.236,0.247,0.017,0.235,0.121,0.123,0.088,0.454,0.559,0.38,0.065
"Prostanoid EP3 receptor",0.023,0.322,0.313,0.274,0.129,0.199,0.231,0.212,0.508,0.565,0.022
"Hepatocyte growth factor receptor",0.236,0.114,0.23,0.221,0.262,0.456,0.273,0.086,0.35,0.146,0.125
"Carbonic anhydrase IV",0.073,0.397,0.322,0.255,0.022,0.18,0.46,0.228,0.39,0.347,0.369
"11-beta-hydroxysteroid dehydrogenase 2",0.069,0.47,0.115,0.05,0.004,0.508,0.096,0,0.257,0.075,0.356
"Histamine H4 receptor",0.228,0.109,0.336,0.057,0.005,0.02,0.233,0.134,0.329,0.141,0.1
"Beta-glucosidase",0.048,0.074,0.264,0.082,0,0.188,0.334,0.017,0.19,0.281,0.014
"Urotensin II receptor",0.214,0.344,0.345,0.293,0.002,0.145,0.439,0.056,0.277,0.293,0.345
"Metabotropic glutamate receptor 1",0.427,0.27,0.416,0.275,0.275,0.008,0.392,0.297,0.284,0.347,0.238
"Dual specificity phosphatase Cdc25A",0.63,0.584,0.068,0.132,0.166,0.04,0.156,0.36,0.01,0.38,0.089
"Caspase-8",0.002,0.278,0.288,0.064,0.003,0.072,0.349,0.184,0.054,0.523,0.131
"Interleukin-1 receptor-associated kinase 4",0.01,0.351,0.513,0.354,0.023,0.014,0.453,0.157,0.443,0.303,0.117
"Histone acetyltransferase p300",0.045,0.331,0.13,0.43,0.164,0.256,0.061,0.353,0.214,0.185,0.03
"Hydroxycarboxylic acid receptor 2",0.04,0.056,0.378,0.357,0.227,0.043,0.381,0.528,0.119,0.075,0.131
"Serine/threonine-protein kinase PLK4",0.179,0.225,0.3,0.218,0.081,0.094,0.154,0.023,0.155,0.476,0.009
"Melanocortin receptor 1",0,0.253,0.037,0.318,0.303,0.091,0.345,0.013,0.114,0.017,0.162
"Calcitonin gene-related peptide type 1 receptor",0.043,0.088,0.02,0.05,0.059,0.549,0.294,0.42,0.002,0.506,0.067
"T-cell protein-tyrosine phosphatase",0.434,0.201,0.222,0.149,0.306,0.212,0.31,0.501,0.021,0.125,0.322
"Cytosolic phospholipase A2",0.258,0.263,0.043,0.14,0.234,0.101,0.08,0.45,0.294,0.244,0.434
"Hexokinase type IV",0.007,0.31,0.229,0.344,0.434,0.237,0.015,0.201,0.111,0.017,0.011
"Serine/threonine-protein kinase NEK2",0.355,0.448,0.046,0.046,0.025,0.04,0.084,0.123,0.285,0.297,0.299
"LIM domain kinase 1",0.044,0.333,0.088,0.107,0.029,0.014,0.306,0.099,0.002,0.209,0.415
"Cathepsin L",0.318,0.443,0.348,0.15,0.174,0.296,0.064,0.436,0.436,0.279,0.241
"Protein kinase C mu",0.016,0.188,0.284,0.35,0.296,0.095,0.088,0.149,0.101,0.158,0.189
"Protein-tyrosine phosphatase 2C",0.001,0.471,0.004,0.154,0.258,0.004,0.304,0.004,0.012,0.293,0.1
"Matrix metalloproteinase 14",0.36,0.458,0.236,0.031,0.154,0.024,0.143,0.368,0.023,0.052,0.395
"Heat shock protein HSP 90-alpha",0.21,0.336,0.294,0.136,0.449,0.12,0.31,0.422,0.217,0.021,0.167
"Sodium/glucose cotransporter 2",0.076,0.164,0.171,0.215,0.158,0.499,0.293,0.208,0.175,0.218,0.214
"Calpain 1",0.158,0.266,0.032,0.017,0.402,0.002,0.177,0.112,0.447,0.122,0.432
"Sphingosine 1-phosphate receptor Edg-3",0.436,0.218,0.185,0.057,0.021,0.103,0.214,0.177,0.103,0.594,0.141
"Bone morphogenetic protein 1",0.552,0.212,0.086,0.186,0.133,0.317,0.024,0.415,0.547,0.442,0.098
"Glutathione S-transferase Pi",0.076,0.345,0.401,0.539,0.409,0.002,0.21,0.446,0.066,0.308,0.284
"Tyrosine-protein kinase Lyn",0.365,0.382,0.274,0.081,0.286,0.048,0.38,0.318,0.561,0.346,0.027
"Ribosomal protein S6 kinase alpha 2",0.24,0.36,0.2,0.441,0.116,0.214,0.438,0.343,0.07,0.234,0.545
"Carbonic anhydrase XIII",0.08,0.249,0.119,0.353,0.352,0.358,0.347,0.15,0.245,0.351,0.375
"Complement C1s",0.254,0.055,0.16,0.022,0.292,0.331,0.197,0.038,0.293,0.106,0.097
"Protein kinase C theta",0.024,0.036,0.114,0.112,0.322,0.033,0.324,0.327,0,0.108,0.227
"Heparanase",0.017,0.385,0.244,0.361,0.174,0.027,0.251,0.161,0.314,0.349,0.424
"Methionine aminopeptidase 2",0.236,0.126,0.162,0.369,0.035,0.213,0.184,0.025,0.126,0.015,0.083
"Serine/threonine-protein kinase Aurora-C",0.332,0.211,0.368,0.234,0.477,0.299,0.203,0.298,0.041,0.361,0.351
"Quinone reductase 2",0.399,0.175,0.131,0.589,0.053,0.225,0.197,0.296,0.047,0.352,0.249
"MAP kinase p38 beta",0.387,0.251,0.513,0.287,0.119,0.268,0.415,0.454,0.089,0.143,0.429
"Carbonic anhydrase VB",0.088,0.372,0.055,0.466,0.108,0.231,0.213,0.175,0.002,0.278,0.372
"GAR transformylase",0.094,0.458,0.234,0.437,0.038,0.086,0.4,0.201,0.016,0.148,0.032
"Proteinase-activated receptor 1",0.011,0.183,0.45,0.452,0,0.192,0.366,0.046,0.29,0.061,0.292
"Fructose-1,6-bisphosphatase",0.167,0.313,0.068,0.402,0.184,0.032,0.107,0.239,0.203,0.108,0.4
"Dipeptidyl peptidase II",0,0.14,0.089,0.351,0,0.027,0.325,0.22,0.057,0.024,0.095
"Peroxisome proliferator-activated receptor delta",0.428,0.507,0.148,0.05,0.011,0.001,0.499,0.094,0.006,0.345,0.04
"Serine/threonine-protein kinase 10",0.082,0.516,0.025,0.301,0.449,0.04,0.435,0.104,0.336,0.498,0.435
"Dual specificity protein kinase TTK",0.003,0.059,0.46,0.078,0.004,0.166,0.446,0.099,0.005,0.019,0.027
"Coagulation factor VII",0.042,0.243,0.16,0.379,0.028,0.071,0.168,0.244,0.145,0.08,0.085
"PI3-kinase p110-alpha subunit",0.18,0.327,0.18,0.16,0.01,0.082,0.139,0.314,0.244,0.281,0.061
"Tyrosine-protein kinase ABL2",0.072,0.391,0.073,0.201,0.024,0.036,0.457,0.106,0,0.111,0.213
"C-C chemokine receptor type 2",0.119,0.366,0.051,0.377,0.496,0.495,0.268,0.524,0.12,0.012,0.141
"Glutamate receptor ionotropic, AMPA 2",0.46,0.249,0.415,0.169,0.034,0.069,0.384,0.061,0.031,0.335,0.021
"Neuropeptide Y receptor type 2",0.196,0.173,0.304,0.16,0.257,0.029,0.012,0.022,0.184,0.168,0.01
"HMG-CoA reductase",0.463,0.172,0.233,0.291,0.322,0.061,0.118,0.185,0.151,0.496,0.328
"Signal transducer and activator of transcription 3",0.14,0.075,0.448,0.082,0.019,0.258,0.004,0.108,0.098,0.113,0.158
"Interleukin-8 receptor A",0.086,0.201,0.138,0.207,0.402,0.452,0.455,0.275,0.324,0.339,0.04
"Cyclin-dependent kinase 5",0.419,0.205,0.324,0.286,0.198,0.126,0.292,0.009,0.371,0.178,0.156
"MAP kinase ERK2",0.112,0.358,0.067,0.44,0.011,0.122,0.181,0,0.009,0.453,0.006
"Cystic fibrosis transmembrane conductance regulator",0.004,0.242,0.377,0.18,0.324,0.404,0.266,0.329,0.004,0.028,0.249
"Chymase",0.34,0.078,0.124,0.315,0.081,0.113,0.34,0.013,0.103,0.627,0.419
"Casein kinase II alpha (prime)",0.095,0.489,0.44,0.122,0.211,0.254,0.35,0.508,0.486,0.214,0.321
"Cathepsin B",0.082,0.43,0.282,0.516,0.181,0.033,0.09,0.224,0.076,0.233,0.326
"Matrix metalloproteinase 7",0.287,0.107,0.034,0.451,0.044,0.32,0.257,0.036,0,0.257,0.313
"Bombesin receptor subtype-3",0.155,0.42,0.371,0.475,0.53,0.037,0.259,0.031,0.391,0.006,0.072
"LXR-beta",0.431,0.42,0.38,0.341,0.377,0.525,0.113,0.16,0.238,0.05,0.533
"Neurotensin receptor 1",0.001,0.425,0.348,0.529,0.142,0.004,0.32,0.079,0.087,0.279,0.167
"Tyrosine-protein kinase TIE-2",0.189,0.198,0.076,0.377,0.007,0.066,0.386,0.039,0.348,0.191,0.147
"Fibroblast growth factor receptor 2",0.041,0.365,0.089,0.184,0.173,0.148,0.195,0.525,0.209,0.003,0.134
"Histone deacetylase 9",0.002,0.186,0.169,0.181,0.028,0.088,0.199,0.036,0.008,0.39,0.008
"Fatty acid synthase",0.02,0.067,0.232,0.275,0.336,0.433,0.096,0.531,0.02,0.354,0.432
"c-Jun N-terminal kinase 2",0.39,0.216,0.08,0.37,0.475,0.025,0.337,0.09,0.159,0.051,0.235
"Sodium channel protein type II alpha subunit",0.024,0.448,0.158,0.297,0.289,0.117,0.369,0.231,0.013,0.416,0.408
"Monoglyceride lipase",0.143,0.477,0.072,0.333,0.241,0.501,0.257,0.145,0.334,0.414,0.116
"Inhibitor of apoptosis protein 3",0.001,0.217,0.355,0.045,0.013,0.243,0.449,0.122,0.209,0.175,0
"Serine/threonine-protein kinase 2",0.131,0.322,0.319,0.405,0.025,0.095,0.142,0.018,0.436,0.518,0.053
"Dual specificity protein kinase CLK4",0.443,0.328,0.165,0.302,0.064,0.508,0.26,0.019,0.003,0.453,0.186
"MAP kinase signal-integrating kinase 2",0.161,0.467,0.095,0.011,0.133,0.434,0.311,0.487,0,0.46,0.149
"Proteasome component C5",0.001,0.228,0.045,0.03,0.282,0.066,0.247,0.378,0.033,0.271,0.381
"Tyrosine-protein kinase FRK",0.362,0.46,0.468,0.41,0.218,0.1,0.161,0.448,0.177,0.327,0.474
"Dual specificty protein kinase CLK1",0.211,0.283,0.344,0.469,0.349,0.138,0.007,0.422,0.409,0.064,0.414
"Dual specificity protein kinase CLK2",0.23,0.315,0.442,0.32,0.029,0.002,0.384,0.118,0.093,0.167,0.076
"Lipoxin A4 receptor",0.322,0.231,0.174,0.184,0.076,0.017,0.357,0.165,0.008,0.504,0.177
"Estradiol 17-beta-dehydrogenase 3",0.228,0.11,0.147,0.171,0.441,0.083,0.138,0.379,0.055,0.388,0.322
"11-beta-hydroxysteroid dehydrogenase 1",0.214,0.07,0.475,0.374,0.104,0.418,0.296,0.039,0.456,0.082,0.111
"Ribosomal protein S6 kinase alpha 5",0.01,0.083,0.333,0.065,0.045,0.458,0.342,0.32,0.225,0.292,0.116
"ALK tyrosine kinase receptor",0.166,0.38,0.132,0.044,0.515,0.461,0.211,0.26,0.133,0.079,0.04
"Hypoxia-inducible factor 1 alpha",0.016,0.175,0.334,0.247,0.051,0.247,0.192,0.408,0.322,0.186,0.116
"TGF-beta receptor type II",0.357,0.344,0.277,0.328,0.159,0.039,0.495,0.067,0.393,0.461,0.323
"Serine/threonine-protein kinase AKT",0.257,0.577,0.115,0.2,0.117,0.225,0.204,0.175,0.251,0.226,0.535
"Sodium channel protein type IX alpha subunit",0,0.13,0.01,0.018,0.268,0.013,0.179,0.071,0.042,0.386,0.175
"P-glycoprotein 1",0.365,0.424,0.048,0.345,0.004,0.247,0.296,0.011,0.001,0.069,0.31
"Heat shock protein HSP 90-beta",0.036,0.045,0.39,0.073,0.052,0.458,0.298,0.234,0.022,0.002,0.2
"Calcium-activated potassium channel subunit alpha-1",0.323,0.479,0.402,0.177,0.056,0.026,0.372,0.328,0.195,0.504,0.469
"Intermediate conductance calcium-activated potassium channel protein 4",0.176,0.349,0.009,0.044,0.129,0.292,0.252,0.086,0,0.024,0.23
"Voltage-gated potassium channel subunit Kv1.5",0.004,0.183,0.211,0.241,0.094,0.001,0.323,0.061,0.046,0.324,0.045
"Bradykinin B1 receptor",0.605,0.58,0.059,0.08,0.151,0.385,0.482,0.319,0.004,0.575,0.205
"Purinergic receptor P2Y1",0.171,0.117,0.523,0.334,0.088,0.013,0.351,0.25,0.127,0.446,0.487
"Sphingosine 1-phosphate receptor Edg-1",0.327,0.253,0.395,0.554,0.061,0.137,0.378,0.16,0.03,0.017,0.081
"Purine nucleoside phosphorylase",0.517,0.255,0.056,0.137,0.017,0.069,0.058,0.061,0.009,0.003,0.333
"Serine/threonine-protein kinase GAK",0.01,0.422,0.376,0.16,0.021,0.088,0.256,0.393,0.003,0.046,0.43
"Induced myeloid leukemia cell differentiation protein Mcl-1",0.005,0.109,0.223,0.155,0.406,0.253,0.05,0.623,0.32,0.263,0.475
"Dual-specificity tyrosine-phosphorylation regulated kinase 2",0.278,0.324,0.112,0.005,0.029,0.053,0.408,0.376,0.014,0.173,0.314
"Gastric inhibitory polypeptide receptor",0.016,0.171,0.566,0.405,0.579,0.057,0.114,0.261,0.055,0.4,0.19
"Matrix metalloproteinase 12",0.14,0.172,0.319,0.177,0.536,0.003,0.126,0.302,0.009,0.172,0.095
"Sphingosine kinase 1",0.155,0.345,0.46,0.023,0.14,0.205,0.136,0.296,0.481,0.066,0.255
"Phosphodiesterase 8B",0.295,0.496,0.062,0.088,0.311,0.149,0.05,0.336,0.001,0.457,0.024
"Phosphodiesterase 10A",0.11,0.575,0.304,0.325,0.208,0.146,0.35,0.384,0.058,0.052,0.098
"Free fatty acid receptor 1",0.028,0.359,0.195,0.206,0.006,0.219,0.46,0.335,0.421,0.202,0.306
"Prostanoid DP receptor",0.173,0.13,0.063,0.514,0.013,0.033,0.372,0.003,0.094,0.139,0.118
"Neurokinin 3 receptor",0.027,0.376,0.022,0.509,0.021,0.081,0.034,0.009,0.387,0.103,0.434
"TGF-beta receptor type I",0.019,0.195,0.3,0.059,0.307,0.311,0.304,0.45,0.055,0,0.195
"C-X-C chemokine receptor type 3",0.077,0.213,0.107,0.078,0.362,0.042,0.424,0.165,0.039,0.286,0.282
"Vitamin K-dependent protein C",0.03,0.273,0.276,0.296,0.025,0.017,0.284,0.071,0.083,0.257,0.286
"Tyrosine-protein kinase FGR",0.38,0.352,0.092,0.044,0.125,0,0.128,0.344,0.593,0.023,0.094
"NAD-dependent deacetylase sirtuin 3",0.091,0.559,0.392,0.268,0.037,0.057,0.588,0.016,0.378,0.277,0.115
"NAD-dependent deacetylase sirtuin 2",0.295,0.293,0.639,0.041,0.271,0.323,0.05,0.461,0.407,0.149,0.293
"Acyl coenzyme A:cholesterol acyltransferase 2",0.37,0.138,0.22,0.546,0.128,0.025,0.06,0.002,0.303,0.262,0.278
"Voltage-gated N-type calcium channel alpha-1B subunit",0.349,0.327,0.188,0.067,0.12,0.01,0.267,0.004,0.004,0.036,0.322
"Nitric oxide synthase, inducible",0.177,0.346,0.348,0.254,0.052,0.256,0.236,0.251,0.209,0.113,0.228
"Serine/threonine-protein kinase PAK 4",0.223,0.227,0.133,0.246,0.005,0.135,0.161,0.137,0,0.003,0.046
"Ribosomal protein S6 kinase 1",0.405,0.024,0.239,0.076,0.06,0,0.193,0.095,0.008,0.058,0.247
"NAD-dependent deacetylase sirtuin 1",0.268,0.329,0.453,0.093,0.111,0.022,0.478,0.085,0.001,0.064,0.432
"Glutaminyl-peptide cyclotransferase",0.152,0.034,0.113,0.431,0.169,0.5,0.408,0.039,0.064,0.387,0.147
"Serine/threonine-protein kinase PIM2",0.063,0.084,0.294,0.128,0.296,0.007,0.055,0.073,0.001,0.54,0.582
"TRAF2- and NCK-interacting kinase",0.013,0.229,0.238,0.306,0.318,0.172,0.018,0.093,0.54,0.165,0.353
"Coagulation factor XIII",0.052,0.393,0.367,0.128,0.29,0.405,0.125,0.19,0.374,0.579,0.309
"5-lipoxygenase activating protein",0.046,0.1,0.084,0.535,0.043,0.132,0.246,0.002,0.126,0.022,0.353
"Neuropeptide Y receptor type 5",0.047,0.031,0.322,0.043,0,0.424,0.039,0.009,0.121,0.521,0.006
"Kinesin-like protein 1",0.245,0.198,0.173,0.289,0.115,0.432,0.437,0.33,0.366,0.023,0.275
"Matrix metalloproteinase 8",0.018,0.127,0.516,0.153,0.046,0.016,0.028,0.04,0.473,0.139,0.225
"C-C chemokine receptor type 8",0.083,0.344,0.35,0.449,0.06,0.061,0.364,0.166,0.156,0.058,0.006
"Tyrosine kinase non-receptor protein 2",0.284,0.235,0.002,0.148,0.318,0.024,0.344,0.067,0.478,0.11,0.216
"Serine/threonine-protein kinase PAK 1",0.026,0.306,0.308,0.415,0.01,0.323,0.458,0.128,0.204,0.054,0.392
"Tyrosine-protein kinase BRK",0.343,0.362,0.159,0.292,0.206,0.003,0.293,0.062,0.145,0.052,0.008
"Melanocortin receptor 5",0.219,0.388,0.026,0.068,0.424,0.316,0.187,0.467,0.345,0.221,0.056
"Ghrelin receptor",0.109,0.398,0.254,0.198,0.215,0.347,0.116,0.329,0.056,0.334,0.24
"Phenylethanolamine N-methyltransferase",0.397,0.48,0.267,0.355,0.494,0.027,0.373,0.539,0.074,0.171,0.287
"Leukotriene A4 hydrolase",0.024,0.328,0.434,0.171,0.262,0.152,0.208,0.194,0.31,0.058,0.414
"Apoptosis regulator Bcl-X",0.391,0.25,0.471,0.427,0.027,0.052,0.337,0.406,0.35,0.294,0.088
"Serine/threonine-protein kinase Chk1",0.166,0.382,0.418,0.502,0.288,0.01,0.096,0.062,0.025,0.312,0.465
"Voltage-gated potassium channel subunit Kv1.3",0.407,0.119,0.017,0.039,0.127,0.36,0.466,0.048,0.024,0.212,0.47
"Voltage-gated T-type calcium channel alpha-1G subunit",0.068,0.095,0.262,0.014,0.063,0.447,0.02,0.171,0.238,0.199,0.384
"Melanocortin receptor 3",0.019,0.266,0.168,0.355,0.02,0.114,0.065,0.026,0.015,0.263,0.347
"Dipeptidyl peptidase VIII",0.211,0.572,0.339,0.109,0,0.017,0.163,0.087,0.544,0.259,0.142
"Lymphocyte differentiation antigen CD38",0.372,0.43,0.375,0.389,0.168,0.127,0.314,0.094,0.496,0.305,0.187
"Proteasome Macropain subunit MB1",0.046,0.469,0.103,0.104,0.403,0.399,0.517,0.359,0.185,0.022,0.384
"Apoptosis regulator Bcl-W",0,0.262,0.383,0.488,0.001,0.316,0.055,0.03,0.215,0.452,0.008
"Aldo-keto-reductase family 1 member C3",0.266,0.252,0.385,0.137,0.202,0.132,0.425,0.228,0.187,0.245,0.294
"Fibroblast activation protein alpha",0.17,0.311,0.112,0.297,0,0.01,0.319,0.001,0.001,0.025,0.027
"Indoleamine 2,3-dioxygenase",0.431,0.411,0.385,0.093,0.047,0.143,0.199,0.088,0.053,0.302,0.1
"Malonyl-CoA decarboxylase",0,0.211,0.04,0.514,0.013,0.362,0.584,0.105,0.27,0.158,0.142
"Isoprenylcysteine carboxyl methyltransferase",0.288,0.346,0.201,0.093,0.015,0.23,0.395,0.027,0.249,0.346,0.012
"Serine/threonine-protein kinase Aurora-A",0.152,0.329,0.003,0.017,0.073,0.013,0.227,0.136,0,0.129,0.099
"C3a anaphylatoxin chemotactic receptor",0.568,0.295,0.379,0.039,0.189,0.047,0.223,0.213,0.302,0.295,0.173
"Vesicular acetylcholine transporter",0.168,0.437,0.061,0.159,0,0.005,0.391,0.003,0.063,0.34,0.219
"Geranylgeranyl pyrophosphate synthetase",0.013,0.317,0.236,0.575,0.014,0.187,0.52,0.203,0.491,0.496,0.284
"Neuropeptide Y receptor type 1",0.144,0.513,0.291,0.143,0.069,0.144,0.42,0.228,0.382,0.441,0.396
"Carbonic anhydrase VA",0.037,0.506,0.459,0.107,0.062,0.241,0.306,0.225,0.025,0.003,0.402
"Endothelin-converting enzyme 1",0.015,0.23,0.408,0.556,0.003,0.349,0.415,0.051,0.324,0.164,0.087
"Orexin receptor 2",0.684,0.679,0.124,0.348,0.211,0.084,0.254,0.223,0.604,0.172,0.224
"Dipeptidyl peptidase IX",0.274,0.214,0.271,0.068,0.046,0.021,0.516,0.309,0,0.122,0.358
"Vanilloid receptor",0.038,0.435,0.053,0.269,0.124,0.354,0.354,0.427,0.037,0.018,0.213
"Caspase-1",0.335,0.254,0.297,0.259,0.27,0.349,0.259,0.246,0.073,0.063,0.022
"Nitric-oxide synthase, endothelial",0.24,0.399,0.234,0.518,0.305,0.235,0.13,0.33,0.031,0.371,0.364
"Dual specificity phosphatase Cdc25B",0.133,0.413,0.236,0.179,0.41,0.106,0.176,0.236,0.009,0.427,0.175
"P2X purinoceptor 7",0.508,0.366,0.057,0.055,0.009,0.125,0.031,0.034,0.049,0.282,0.314
"Serine/threonine-protein kinase AKT3",0.051,0.119,0.531,0.379,0.105,0.137,0.034,0.494,0.043,0.009,0.116
"Beta-secretase 1",0.134,0.075,0.44,0.381,0.13,0.4,0.156,0.25,0.168,0.023,0.052
"Acetyl-CoA carboxylase 2",0.082,0.478,0.388,0.36,0.063,0.063,0.297,0.117,0.32,0.06,0.013
"L-lactate dehydrogenase A chain",0.126,0.117,0.095,0.078,0.42,0.047,0.459,0.193,0.34,0.058,0.048
"C-X3-C chemokine receptor 1",0.2,0.1,0.277,0.007,0.16,0.289,0.209,0.494,0.187,0.152,0.076
"Eukaryotic translation initation factor",0.147,0.19,0.038,0.045,0.006,0.005,0.465,0.067,0,0.045,0.173
"Apoptosis regulator Bcl-2",0.135,0.078,0.565,0.398,0.167,0.03,0.034,0.397,0.145,0.07,0.245
"Cytochrome P450 1B1",0.047,0.259,0.129,0.498,0.009,0.425,0.55,0.413,0.12,0.417,0.116
"Tyrosine-protein kinase receptor UFO",0.007,0.063,0.255,0.007,0.198,0.265,0.416,0.244,0.331,0.05,0.105
"Neurotrophic tyrosine kinase receptor type 2",0.514,0.072,0.372,0.338,0.04,0.156,0.012,0.162,0.048,0.085,0.055
"Mitogen-activated protein kinase kinase kinase 8",0.069,0.058,0.03,0.063,0.218,0.044,0.018,0.158,0.514,0.571,0.021
"Low molecular weight phosphotyrosine protein phosphatase",0.419,0.216,0.069,0.287,0.061,0.016,0.344,0.276,0.062,0.352,0.429
"Casein kinase I epsilon",0.024,0.484,0.038,0.433,0.028,0.315,0.374,0.22,0.003,0.172,0.269
"L-lactate dehydrogenase B chain",0.428,0.482,0.124,0.17,0.059,0.157,0.338,0.032,0.107,0.174,0.232
"S-methyl-5-thioadenosine phosphorylase",0.294,0.112,0.396,0.13,0.178,0.115,0.172,0.312,0.402,0.3,0.232
"Proto-oncogene c-JUN",0.231,0.129,0.215,0.079,0.119,0.031,0.427,0.364,0.023,0.325,0.054
"Sodium/glucose cotransporter 1",0.385,0.438,0.369,0.295,0.349,0.303,0.214,0.151,0.112,0.075,0.51
"Transketolase",0.377,0.429,0.292,0.059,0.304,0.179,0.333,0.255,0.457,0.214,0.198
"Serine/threonine-protein kinase RIPK2",0.098,0.458,0.116,0.27,0.109,0.186,0.196,0.159,0.013,0.015,0.46
"p53-binding protein Mdm-2",0.025,0.329,0.208,0.393,0.445,0.005,0.337,0.566,0.072,0.354,0.418
"Serine-protein kinase ATR",0.104,0.095,0.292,0.431,0.156,0.047,0.113,0.182,0.221,0.214,0.215
"ADAM10",0.21,0.315,0.335,0.261,0.111,0.168,0.41,0.114,0.109,0.141,0.26
"Endoplasmic reticulum aminopeptidase 2",0.29,0.319,0.217,0.014,0.305,0.068,0.393,0.519,0.003,0.125,0.508
"G protein-coupled receptor 44",0.14,0.339,0.09,0.344,0.071,0.397,0.378,0.265,0.144,0.021,0.134
"Endothelial lipase",0.335,0.025,0.161,0.018,0.074,0.534,0.023,0.609,0.03,0.287,0.127
"Histone deacetylase 10",0.006,0.052,0.164,0.291,0.119,0,0.076,0.095,0.234,0.133,0.001
"GABA receptor alpha-5 subunit",0.003,0.25,0.42,0.171,0.032,0.157,0.375,0.249,0.376,0.332,0.422
"Orexin receptor 1",0.103,0.452,0.443,0.227,0.506,0,0.114,0.148,0.005,0.321,0.095
"Discoidin domain-containing receptor 2",0.135,0.033,0.234,0.194,0.372,0.011,0.352,0.491,0.452,0.368,0.177
"Metabotropic glutamate receptor 2",0.494,0.376,0.105,0.074,0.443,0.371,0.527,0.371,0.01,0.218,0.409
"Cytochrome P450 26A1",0.395,0.274,0.256,0.167,0.174,0.02,0.186,0.401,0.114,0.159,0.489
"Serine/threonine-protein kinase B-raf",0.278,0.238,0.007,0.309,0.044,0.332,0.104,0.338,0.15,0.276,0.155
"Ephrin type-B receptor 4",0.218,0.166,0.368,0.461,0.365,0.003,0.302,0.314,0.142,0.198,0.179
"Neuropilin-1",0.123,0.019,0.402,0.161,0.143,0.112,0.073,0.176,0.202,0.154,0.029
"dUTP pyrophosphatase",0.118,0.425,0.456,0.37,0.023,0.195,0.041,0.1,0.302,0.225,0.003
"Serine/threonine-protein kinase ILK-1",0.132,0.163,0.542,0.02,0.284,0.006,0.26,0.446,0.026,0.13,0.367
"Tyrosine-protein kinase BTK",0.063,0.067,0.362,0.272,0.056,0.006,0.009,0.131,0.114,0.169,0.495
"Serine/threonine-protein kinase TNNI3K",0.018,0.336,0.449,0.399,0.125,0.099,0.113,0.336,0.189,0.06,0.501
"Cytochrome P450 2A6",0.141,0.254,0.354,0.012,0.433,0.079,0.437,0.347,0,0.121,0.202
"Mitogen-activated protein kinase kinase kinase 5",0.023,0.236,0.008,0.245,0.002,0.015,0.406,0.011,0.433,0.191,0.589
"Tyrosine-protein kinase receptor TYRO3",0.308,0.42,0.371,0.389,0.021,0.008,0.184,0.039,0.011,0.275,0.528
"Epithelial discoidin domain-containing receptor 1",0.437,0.251,0.428,0.106,0.43,0.183,0.334,0.477,0.439,0.338,0.092
"Proto-oncogene tyrosine-protein kinase MER",0.155,0.39,0.314,0.389,0.184,0.01,0.369,0.27,0.124,0.281,0.398
"Baculoviral IAP repeat-containing protein 3",0.087,0.401,0.446,0.403,0.039,0.168,0.253,0.043,0.015,0.317,0.31
"Poly [ADP-ribose] polymerase 2",0.372,0.133,0.311,0.241,0.451,0.035,0.27,0.144,0.011,0.384,0.29
"P-selectin",0.441,0.528,0.19,0.025,0.365,0.076,0.37,0.212,0.025,0.327,0.344
"ATP-binding cassette sub-family G member 2",0.16,0.434,0.02,0.108,0.226,0.336,0.252,0.072,0.028,0.216,0.241
"Pituitary adenylate cyclase-activating polypeptide type I receptor",0.216,0.09,0.515,0.065,0.124,0.061,0.153,0.065,0.037,0.087,0.216
"Serine/threonine-protein kinase PIM3",0.205,0.129,0.268,0.568,0.23,0.333,0.055,0.46,0.48,0.62,0.242
"G-protein coupled bile acid receptor 1",0.32,0.077,0.436,0.484,0,0.264,0.242,0,0.351,0.114,0.021
"Metastin receptor",0.18,0.467,0.261,0.188,0.316,0.348,0.317,0.139,0.431,0.481,0.301
"Cell division cycle 7-related protein kinase",0.037,0.439,0.126,0.228,0.047,0.405,0.362,0.192,0.139,0.056,0.046
"Sodium channel protein type X alpha subunit",0.522,0.264,0.188,0.282,0.412,0.179,0.039,0.484,0.478,0.558,0.393
"Baculoviral IAP repeat-containing protein 2",0.051,0.09,0.336,0.348,0.113,0.065,0.087,0.269,0.003,0.012,0.266
"Receptor-interacting serine/threonine-protein kinase 1",0.054,0.356,0.489,0.548,0.076,0.166,0.194,0.413,0.145,0.381,0.078
"Protein tyrosine kinase 2 beta",0.107,0.165,0.19,0.141,0.238,0.041,0.016,0.099,0.352,0.342,0.239
"Perforin-1",0.001,0.431,0.081,0.075,0.547,0.181,0.292,0.534,0.304,0.161,0.361
"D-amino-acid oxidase",0.007,0.064,0.116,0.054,0.609,0.604,0.259,0.095,0.221,0.553,0.153
"Serine/threonine-protein kinase WEE1",0.063,0.216,0.275,0.095,0.048,0.308,0.325,0.07,0.164,0.005,0.068
"Histone acetyltransferase PCAF",0.018,0.35,0.303,0.51,0.333,0.144,0.436,0.443,0.33,0.544,0.255
"Secreted frizzled-related protein 1",0.05,0.451,0.033,0.106,0.061,0.001,0.332,0.121,0.336,0.188,0.46
"Transient receptor potential cation channel subfamily V member 3",0.107,0.267,0.17,0.052,0.276,0.196,0.088,0.218,0.438,0.472,0.169
"Protein-arginine N-methyltransferase 1",0.011,0.105,0.23,0.167,0.094,0,0.166,0.093,0.215,0.077,0.271
"Nuclear factor NF-kappa-B p65 subunit",0.237,0.384,0.02,0.541,0.065,0.176,0.383,0.003,0.295,0.184,0.112
"Dual specificity tyrosine-phosphorylation-regulated kinase 1B",0.167,0.049,0.21,0.342,0.008,0.426,0.238,0.143,0.088,0.159,0.304
"Acyl-CoA desaturase",0.053,0.153,0.091,0.031,0.155,0.47,0.127,0.072,0.04,0.07,0.049
"Proto-oncogene tyrosine-protein kinase ROS",0.463,0.055,0.394,0,0.047,0.081,0.064,0.254,0.215,0.389,0.501
"Lysyl-tRNA synthetase",0.049,0.116,0.318,0.421,0.488,0.372,0.497,0.432,0.517,0.53,0.197
"DNA-(apurinic or apyrimidinic site) lyase",0.021,0.188,0.47,0.001,0.523,0.248,0.174,0.258,0.046,0.165,0.074
"Glucose-dependent insulinotropic receptor",0.031,0.018,0.234,0.217,0.481,0.431,0.073,0.369,0.161,0.16,0.073
"Prostaglandin E synthase",0.437,0.383,0.047,0.351,0.069,0,0.048,0.066,0.003,0.498,0.13
"G protein-coupled receptor kinase 5",0.121,0.442,0.239,0.363,0.441,0.285,0.137,0.257,0.545,0.369,0.428
"Egl nine homolog 1",0.124,0.49,0.044,0.234,0.093,0.018,0.038,0.009,0.074,0.199,0.282
"Elongation of very long chain fatty acids protein 6",0.279,0.521,0.134,0.326,0.409,0.137,0.098,0.262,0.448,0.159,0.207
"Glucagon",0.545,0.316,0.32,0.341,0.17,0.124,0.342,0.189,0.231,0.062,0.371
"CREB-binding protein",0.254,0.425,0.012,0.436,0.004,0.185,0.273,0.004,0.343,0.081,0.164
"Mitogen-activated protein kinase kinase kinase 7",0.071,0.146,0.198,0.252,0.266,0.294,0.208,0.055,0.021,0.029,0.086
"Interferon-induced, double-stranded RNA-activated protein kinase",0.18,0.019,0.13,0.117,0.403,0.253,0.282,0.134,0.466,0.116,0.285
"Aldo-keto reductase family 1 member C2",0.406,0.051,0.201,0.292,0.011,0.039,0.255,0.007,0.03,0.223,0.055
"Trace amine-associated receptor 1",0.023,0.274,0.329,0.225,0.427,0.171,0.401,0.505,0.071,0.343,0.342
"Nuclear receptor ROR-alpha",0.152,0.383,0.263,0.05,0.002,0.196,0.193,0.019,0.058,0.19,0.388
"Heat shock factor protein 1",0.221,0.262,0.13,0.522,0.006,0.466,0.23,0.026,0.094,0.346,0.026
"Hematopoietic prostaglandin D synthase",0.085,0.547,0.255,0.315,0.049,0.229,0.417,0.151,0.054,0.302,0.537
"Aldo-keto reductase family 1 member C1",0.158,0.314,0.101,0.046,0.001,0.477,0.465,0.002,0.024,0.014,0.363
"Bifunctional protein NCOAT",0.489,0.288,0.01,0.048,0.278,0.332,0.416,0.015,0.162,0.116,0.164
"LIM domain kinase 2",0.005,0.2,0.153,0.5,0.017,0.16,0.202,0.391,0.345,0.027,0.137
"Serine/threonine-protein kinase PLK2",0.011,0.153,0.426,0.17,0,0.269,0.247,0.039,0.141,0.441,0.135
"Neuropeptide FF receptor 1",0.179,0.336,0.49,0.043,0.16,0.223,0.24,0.391,0.039,0.124,0.128
"Neuropeptide FF receptor 2",0.322,0.128,0.06,0.319,0.148,0.003,0.257,0.344,0.056,0.086,0.127
"IgG receptor FcRn large subunit p51",0.51,0.151,0.342,0.064,0.079,0.214,0.214,0.312,0.009,0.435,0.192
"Smoothened homolog",0,0.099,0.299,0.006,0.398,0.057,0.398,0.424,0.192,0.03,0.424
"Aldo-keto reductase family 1 member B10",0.132,0.502,0.13,0.466,0.015,0.307,0.207,0.202,0.066,0.284,0.232
"Serine/threonine-protein kinase 33",0.241,0.409,0.325,0.199,0.287,0.023,0.48,0.232,0.298,0.141,0.376
"Transient receptor potential cation channel subfamily A member 1",0.333,0.232,0.456,0.136,0.155,0.388,0.364,0.41,0.016,0.035,0.207
"Diacylglycerol O-acyltransferase 1",0.333,0.051,0.444,0.12,0.002,0.076,0.104,0.234,0.419,0.395,0.32
"Histone-lysine N-methyltransferase, H3 lysine-9 specific 3",0.006,0.342,0.215,0.113,0.029,0.036,0.317,0.106,0.442,0.145,0
"Lysine-specific histone demethylase 1",0.425,0.02,0.465,0.01,0.213,0.219,0.388,0.436,0.02,0.03,0.131
"Alpha-synuclein",0.297,0.191,0.296,0.346,0.095,0.236,0.409,0.127,0.306,0.114,0.128
"Tankyrase-2",0.233,0.321,0.374,0.194,0.007,0.001,0.319,0.209,0.4,0.046,0.205
"Tankyrase-1",0.348,0.398,0.354,0.525,0.362,0.031,0.198,0.015,0.01,0.001,0.035
"Mitogen-activated protein kinase kinase kinase kinase 4",0.269,0.102,0.177,0.565,0.121,0.093,0.15,0.173,0.396,0.246,0.556
"Lysine-specific demethylase 4C",0.672,0.556,0.519,0.134,0.05,0,0.253,0.599,0.304,0.032,0.047
