"","EGFR","Hypoxia","JAK.STAT","MAPK","NFkB","PI3K","TGFb","TNFa","Trail","VEGF","p53"
"Arginase-1",0.531498412698413,1,0.531498412698413,1,0.415233134920635,0.616917800453515,0.616917800453515,0.415233134920635,0.616917800453515,0.672677678571429,0.70866455026455
"Leucine-rich repeat serine/threonine-protein kinase 2",1,1,0.913512896825397,0.186024444444444,0.186024444444444,0.0996559523809524,1,0.389132766439909,0.116265277777778,0.348795833333333,0.186024444444444
"Tyrosyl-DNA phosphodiesterase 1",0.43184246031746,1,0.43184246031746,0.989915793650794,0.43184246031746,0.503025283446712,0.503025283446712,0.510736755952381,0.967031834215168,0.43184246031746,0.43184246031746
"Transitional endoplasmic reticulum ATPase",1,1,0.974413756613757,0.974413756613757,0.974413756613757,0.974413756613757,0.974413756613757,0.974413756613757,0,0.974413756613757,0.974413756613757
"Glucokinase regulatory protein",0.83046626984127,0.83046626984127,1,0.83046626984127,1,0.0996559523809524,1,0.83046626984127,1,0.83046626984127,0.83046626984127
"Pyruvate kinase isozymes M1/M2",0.524854682539683,1,0.524854682539683,0.552260069444445,0.552260069444445,0.524854682539683,0.552260069444445,0.524854682539683,0.524854682539683,0.923478492063492,0.87106684303351
"Transient receptor potential cation channel subfamily M member 8",1,1,1,1,0.83046626984127,1,1,1,1,1,1
"G-protein coupled receptor 55",0.166093253968254,0.981795679012346,0.448451785714286,0.836002711640212,0.836002711640212,1,1,0.981795679012346,0.836002711640212,0.981795679012346,0.836002711640212
"Endoplasmin",0.645390929705215,0.645390929705215,0.644441825396825,0.759876636904762,0.813856944444445,0.644441825396825,0.644441825396825,0.644441825396825,0.644441825396825,1,0.813856944444445
"Serine/threonine-protein kinase/endoribonuclease IRE1",0.797247619047619,0.797247619047619,1,1,1,0.775101851851852,1,0.797247619047619,0.0996559523809524,0.116265277777778,1
"NADPH oxidase 4",0.915885657596372,1,0.188239021164021,1,0.0996559523809524,0.671016746031746,1,0.671016746031746,0.188239021164021,1,0.847075595238095
"Ketohexokinase",1,1,1,1,1,0.132874603174603,1,1,0.61454503968254,1,1
"Lethal(3)malignant brain tumor-like protein 1",0.900225436507937,0.900225436507937,0.984480014430015,0.863684920634921,0.863684920634921,0.376478042328042,0.900225436507937,0.900225436507937,0,0.885830687830688,0.376478042328042
"Microtubule-associated protein tau",1,1,1,1,1,1,1,1,1,1,1
"15-hydroxyprostaglandin dehydrogenase [NAD+]",0.438486190476191,0.950883878968254,0.387550925925926,0.438486190476191,0.498279761904762,1,0.745046882086168,0.365405158730159,0.332186507936508,1,1
"G-protein coupled receptor 35",1,1,1,1,1,1,1,1,1,1,1
"ATP-sensitive inward rectifier potassium channel 1",1,1,1,0.0885830687830688,0.855380257936508,0.0664373015873016,1,1,0,1,1
"Neuropeptides B/W receptor type 1",0.697591666666667,0.697591666666667,0.292324126984127,0.292324126984127,0,0.292324126984127,0.976628333333333,0.298967857142857,0,1,0.540989455782313
"Nuclear receptor ROR-gamma",1,1,1,1,0.0332186507936508,0.813856944444445,1,1,1,1,1
"DNA topoisomerase I",0.520425529100529,1,0.625617923280423,0.627002033730159,0.627002033730159,0.199311904761905,1,0.771410890652557,0.625617923280423,0.556412400793651,0.520425529100529
"Farnesyl diphosphate synthase",1,1,1,1,1,1,1,1,1,1,1
"Glucagon-like peptide 1 receptor",1,1,1,1,1,1,1,1,1,1,1
"Endothelin receptor ET-B",1,1,1,1,1,1,1,1,1,1,1
"Steroid 5-alpha-reductase 1",1,1,1,1,1,1,1,1,1,1,1
"Vasopressin V2 receptor",1,1,1,1,1,0.764028968253968,1,1,0.764028968253968,1,1
"Somatostatin receptor 5",0.797247619047619,1,1,1,1,1,1,1,1,1,1
"Histone-lysine N-methyltransferase, H3 lysine-79 specific",1,1,1,1,1,1,1,1,1,1,1
"Bromodomain-containing protein 3",1,1,1,0.597935714285714,1,1,1,1,0.597935714285714,0.597935714285714,0.597935714285714
"Cysteinyl leukotriene receptor 1",1,1,1,1,1,1,1,1,1,1,1
"Plasminogen",0,1,0.901055902777778,1,0.259105476190476,0,0.858148478835979,0.182702579365079,0,1,0.901055902777778
"Leukocyte adhesion glycoprotein LFA-1 alpha",1,1,1,1,0.664373015873016,1,1,0.664373015873016,1,1,1
"Somatostatin receptor 2",1,1,1,0.697591666666667,1,0.132874603174603,1,1,0.697591666666667,1,0.697591666666667
"Muscarinic acetylcholine receptor M4",0.764028968253968,1,1,1,1,1,1,1,1,1,1
"Inosine-5'-monophosphate dehydrogenase 1",1,1,1,1,1,1,1,1,1,1,1
"Receptor protein-tyrosine kinase erbB-2",1,1,1,0.958595351473923,0.958595351473923,0.958595351473923,1,0.958595351473923,0.958595351473923,0.199311904761905,0.958595351473923
"TNF-alpha",0.783960158730159,1,0.783960158730159,0.783960158730159,1,0.783960158730159,0.783960158730159,1,1,1,1
"Phosphodiesterase 5A",0.788942956349206,0.788942956349206,0.597935714285714,0.788942956349206,0.874757804232804,1,0.788942956349206,0.788942956349206,0.597935714285714,1,0.788942956349206
"Serotonin 2b (5-HT2b) receptor",0.855380257936508,0.855380257936508,0.855380257936508,1,0.597935714285714,1,0.855380257936508,0.855380257936508,1,0.855380257936508,0.855380257936508
"Thromboxane-A synthase",0.21592123015873,1,0.239174285714286,0.963340873015873,0.341677551020408,0.239174285714286,0.610392708333333,0.239174285714286,0.0996559523809524,1,0.341677551020408
"Prostanoid EP4 receptor",0.764028968253968,1,1,0.778265532879819,1,0.778265532879819,0.764028968253968,0.564717063492063,1,0.365405158730159,0.166093253968254
"Dopamine D5 receptor",0.39862380952381,1,1,1,0.963340873015873,1,1,1,0.548107738095238,1,1
"Somatostatin receptor 4",0.888598908730159,1,1,1,1,0.888598908730159,1,1,1,0.888598908730159,0.888598908730159
"Gonadotropin-releasing hormone receptor",0.747419642857143,1,1,1,0.265749206349206,1,1,1,1,1,1
"4-hydroxyphenylpyruvate dioxygenase",1,1,0.465061111111111,1,1,1,1,0.548107738095238,1,1,1
"Tyrosine-protein kinase ABL",1,1,0.504923492063492,0.487206878306878,0.132874603174603,0.487206878306878,1,0.504923492063492,0.874757804232804,1,1
"Vascular endothelial growth factor receptor 1",1,1,1,1,0.509352645502645,1,1,0.509352645502645,0.509352645502645,1,1
"Tissue-type plasminogen activator",1,1,1,0.42519873015873,0.522007369614512,0.0996559523809524,0.348795833333333,0.522007369614512,0.149483928571429,1,0.348795833333333
"Calcium sensing receptor",1,0.705896329365079,0.332186507936508,0.747419642857143,0.747419642857143,1,1,0.487206878306878,0.298967857142857,1,0.759283446712018
"Neuronal acetylcholine receptor protein alpha-4 subunit",1,1,1,1,1,0.996559523809524,1,1,1,1,1
"Potassium channel, inwardly rectifying, subfamily J, member 11",0.132874603174603,1,1,1,1,1,0.979950198412698,1,1,1,1
"Vasopressin V1a receptor",1,1,1,1,1,1,1,1,0.83046626984127,1,0.730810317460317
"Glutamate carboxypeptidase II",1,1,1,1,1,1,1,1,1,1,1
"Serotonin 1b (5-HT1b) receptor",0.256258163265306,0.878448765432099,1,0.256258163265306,0.256258163265306,0.0664373015873016,0.177166137566138,0.232530555555556,0.0664373015873016,0.668525347222222,1
"Serotonin 3a (5-HT3a) receptor",1,1,1,1,0.448451785714286,1,1,0.0996559523809524,0.772333630952381,0.772333630952381,0.863684920634921
"Aldose reductase",0.813856944444445,1,0.813856944444445,1,0.70866455026455,1,0.813856944444445,0.70866455026455,0.813856944444445,0.70866455026455,0.813856944444445
"Glutamate [NMDA] receptor subunit epsilon 2",0.0996559523809524,1,0.81717880952381,0.373709821428571,0.232530555555556,0.880294246031746,1,1,0.373709821428571,1,1
"Serine/threonine-protein kinase RAF",0.730810317460317,1,0.611223174603175,0.611223174603175,0.0664373015873016,1,0.90936056547619,0.611223174603175,0.116265277777778,0.730810317460317,1
"Aminopeptidase N",0.719737433862434,1,1,0.564717063492064,1,1,0.863684920634921,1,1,1,0.564717063492064
"Cytochrome P450 11B1",0.941195105820106,1,0.730810317460317,0.199311904761905,1,0.730810317460317,1,1,0.941195105820106,1,0.61454503968254
"Butyrylcholinesterase",0.851227926587302,0.851227926587302,0.41191126984127,0.0996559523809524,0.415233134920635,0.41191126984127,1,1,0,0.221457671957672,1
"Alpha-2c adrenergic receptor",0.56886939484127,1,0.415233134920635,0.56886939484127,1,0.56886939484127,1,0.56886939484127,0.56886939484127,0.56886939484127,0.415233134920635
"Melatonin receptor 1A",0.185075340136054,1,0.159449523809524,1,0.0775101851851852,0.185075340136054,1,0.0775101851851852,0,1,0.132874603174603
"Melatonin receptor 1B",1,1,1,1,1,1,1,1,1,1,1
"Thyroid hormone receptor beta-1",1,0.775101851851852,1,0.775101851851852,1,0.775101851851852,0.971645535714286,1,1,1,1
"Cyclophilin A",0.43184246031746,1,1,1,1,0.531498412698413,1,1,1,1,1
"Thymidylate synthase",1,0.979950198412698,0.979950198412698,1,0.979950198412698,0.979950198412698,0.979950198412698,0.979950198412698,0.979950198412698,1,0.979950198412698
"Vascular endothelial growth factor receptor 3",1,1,1,1,1,1,1,1,1,1,1
"Insulin-like growth factor I receptor",1,1,0.697591666666667,1,0.808320502645503,1,1,0.808320502645503,1,1,1
"Epoxide hydrolase 1",0.755724305555556,0.755724305555556,0.755724305555556,0.755724305555556,0.755724305555556,0.973306468253968,0.755724305555556,0.755724305555556,1,0.755724305555556,0.973306468253968
"Tyrosine-protein kinase receptor FLT3",0.639459027777778,1,1,1,0.631154365079365,1,0.639459027777778,0.639459027777778,1,1,1
"Vitamin D receptor",1,1,1,1,1,1,1,1,1,1,1
"Cytochrome P450 19A1",0.39862380952381,1,0.39862380952381,1,0.39862380952381,1,0.39862380952381,0.39862380952381,1,0.39862380952381,0.39862380952381
"Insulin receptor",0.159449523809524,1,1,0.631154365079365,0.21592123015873,0.083046626984127,0.384387244897959,0,0.132874603174603,0.682827821869489,0.110728835978836
"Serotonin 1d (5-HT1d) receptor",1,1,1,0.199311904761905,1,0.199311904761905,1,1,0.0996559523809524,0.903547301587302,0.903547301587302
"Inhibitor of nuclear factor kappa B kinase beta subunit",0.298967857142857,0.40811485260771,0.856302998236332,1,0.680982341269841,0.40811485260771,0.40811485260771,0.40811485260771,0.40811485260771,0.40811485260771,1
"Prostanoid IP receptor",1,1,1,1,1,1,1,1,1,1,1
"Equilibrative nucleoside transporter 1",1,1,1,1,1,1,1,1,1,1,1
"Purinergic receptor P2Y12",1,1,1,1,1,1,1,1,1,1,1
"Retinoic acid receptor gamma",0.420769576719577,0.420769576719577,1,0.635899886621315,0.420769576719577,0.622849702380952,1,1,0.635899886621315,1,0.635899886621315
"Platelet-derived growth factor receptor alpha",0.355914115646258,1,1,0.143947486772487,1,0.290663194444444,0.355914115646258,0.884446577380952,0,0.0996559523809524,0.355914115646258
"Retinoic acid receptor beta",0.418555,0.418555,0.418555,0.702337188208617,0.418555,1,1,0.418555,1,0.702337188208617,1
"Nociceptin receptor",0.946731547619048,0.61454503968254,1,1,0.6754458994709,0.61454503968254,1,1,1,1,1
"Dihydrofolate reductase",1,1,1,1,1,1,1,1,1,1,1
"Epidermal growth factor receptor erbB1",0.581326388888889,0.826775308641975,0.826775308641975,0.581326388888889,0.826775308641975,0.969984603174603,0.826775308641975,0.514889087301587,0.826775308641975,1,0.514889087301587
"Muscarinic acetylcholine receptor M5",1,1,1,1,1,1,1,1,1,1,1
"Peptidyl-prolyl cis-trans isomerase FKBP5",0.219243095238095,0.365405158730159,0.35294816468254,0.764028968253968,0,0.35294816468254,0.35294816468254,0.166093253968254,0.174397916666667,1,0.166093253968254
"Retinoic acid receptor alpha",1,0.548107738095238,0.0332186507936508,0.85039746031746,0.548107738095238,1,0.953849829931973,0.953849829931973,0.548107738095238,1,1
"Estrogen receptor alpha",0.116265277777778,1,1,1,0,1,0.644441825396825,0.556412400793651,0.907976455026455,1,0.556412400793651
"Beta-2 adrenergic receptor",0.298967857142857,1,0.806738662131519,1,0.509352645502645,0.116265277777778,1,0.509352645502645,0.116265277777778,0.509352645502645,1
"Cyclin T1",0.166093253968254,1,0.802784060846561,0.802784060846561,1,0.166093253968254,1,1,0.802784060846561,0.802784060846561,0.82097522675737
"Muscarinic acetylcholine receptor M2",1,1,1,1,1,1,1,1,1,1,1
"Beta-1 adrenergic receptor",1,1,1,1,1,1,1,1,1,1,1
"Dopamine D2 receptor",0.754537925170068,0.755724305555556,0.754537925170068,1,0.754537925170068,0.815702425044092,0.754537925170068,0.754537925170068,0.754537925170068,0.754537925170068,1
"Beta-glucocerebrosidase",1,1,1,1,1,0.43184246031746,1,1,1,1,1
"Motilin receptor",0.0996559523809524,0.82382253968254,0.0996559523809524,1,0.941195105820106,1,1,0.0996559523809524,1,1,0.680982341269841
"MAP kinase-activated protein kinase 2",1,1,1,1,1,1,1,1,1,1,1
"Cyclooxygenase-1",1,1,1,1,1,1,1,1,1,0.697591666666667,0.697591666666667
"Norepinephrine transporter",1,1,1,1,1,1,1,1,1,1,1
"Anandamide amidohydrolase",1,1,0.423537797619048,1,0.332186507936508,1,1,0.332186507936508,0.423537797619048,1,0.883616111111111
"Serotonin 2c (5-HT2c) receptor",1,1,1,1,1,1,1,1,1,1,1
"Dipeptidyl peptidase I",0.39862380952381,1,0.0498279761904762,1,1,1,0.575789947089947,0.551429603174603,0.0332186507936508,0.110728835978836,1
"Serotonin transporter",0.0664373015873016,1,0.0664373015873016,1,1,1,1,1,1,1,1
"Peroxisome proliferator-activated receptor alpha",1,1,1,0.963340873015873,0.564717063492064,1,1,0.564717063492064,1,1,1
"HERG",1,1,1,0.609008597883598,0.609008597883598,1,1,1,0.609008597883598,0.755724305555556,1
"Epoxide hydratase",0.221457671957672,0.406928472222222,1,1,1,0,1,1,0.0664373015873016,1,0.82382253968254
"Phosphodiesterase 3A",0.265749206349206,0.808320502645503,0.597935714285714,1,1,0.925969890873016,0.808320502645503,0.597935714285714,1,0.925969890873016,0.780638293650794
"C-C chemokine receptor type 1",0.658836574074074,0.658836574074074,1,1,0.658836574074074,1,0.658836574074074,1,0.920631179138322,0.658836574074074,0.658836574074074
"C-C chemokine receptor type 4",1,1,1,1,1,1,1,1,0.232530555555556,1,1
"Estrogen receptor beta",1,1,1,1,1,1,1,1,1,1,1
"Glyoxalase I",0.448451785714286,1,1,1,1,0.883616111111111,0.883616111111111,0.883616111111111,0.0664373015873016,1,1
"Myosin light chain kinase, smooth muscle",0.0332186507936508,0.902440013227513,0.925376700680272,0.0664373015873016,1,0.902440013227513,1,0.902440013227513,1,0.902440013227513,1
"Serine/threonine-protein kinase AKT2",1,1,1,1,1,1,1,1,0.0332186507936508,0.182702579365079,1
"Interleukin-8 receptor B",0.972400505050505,0.332186507936508,0.972400505050505,0.555226020408163,0.0664373015873016,0.0664373015873016,0.451773650793651,0.734962648809524,0.332186507936508,0.972400505050505,0.555226020408163
"Myeloperoxidase",0.352117698412698,1,1,0.352117698412698,0.332186507936508,0.0664373015873016,1,1,0.332186507936508,1,1
"Coagulation factor X",1,0.69343933531746,0.149483928571429,0.157788591269841,1,0.365405158730159,0.15502037037037,0.69343933531746,0.149483928571429,0.603472156084656,0.808320502645503
"Deoxycytidine kinase",0.885830687830688,1,0.822161607142857,1,1,0.822161607142857,1,0.885830687830688,1,0.822161607142857,0.822161607142857
"Muscarinic acetylcholine receptor M3",0.775101851851852,0.810535079365079,1,0.974413756613757,1,1,0.810535079365079,1,1,0.775101851851852,0.775101851851852
"Beta-3 adrenergic receptor",0.265749206349206,0.591291984126984,0.917665228174603,0.917665228174603,0.149483928571429,0.591291984126984,0.939181854256854,0.917665228174603,0.939181854256854,0.149483928571429,0.939181854256854
"Death-associated protein kinase 3",1,1,0.996559523809524,1,0.0498279761904762,0.0498279761904762,1,0.55364417989418,1,0.996559523809524,1
"Methionine aminopeptidase 1",0.514889087301587,1,0.61454503968254,1,1,0.332186507936508,1,0.597935714285714,1,0.332186507936508,0.332186507936508
"Leukocyte elastase",0,0.199311904761905,0.754969336219336,0.303713378684807,0,0.0664373015873016,0.754969336219336,0.139518333333333,0.0442915343915344,0.754969336219336,0.61454503968254
"Beta amyloid A4 protein",0.597935714285714,1,0.925376700680272,0.925376700680272,0.597935714285714,1,1,0.597935714285714,1,0.597935714285714,0.737454047619048
"Neurokinin 1 receptor",0.298967857142857,0.531498412698413,0.514889087301587,0.710879126984127,0.514889087301587,0.531498412698413,0.827446392496393,0.298967857142857,0.298967857142857,0.531498412698413,0.298967857142857
"Neuronal acetylcholine receptor protein alpha-7 subunit",0.730810317460317,1,0.730810317460317,1,0.92181755952381,0.730810317460317,1,1,0.996559523809524,1,1
"Adenosine A2a receptor",0.348795833333333,0.509352645502645,0.166093253968254,0.887412528344671,1,0.887412528344671,0.887412528344671,0.755724305555556,1,1,1
"Endothelin receptor ET-A",0.409696693121693,1,1,0.182702579365079,0.0664373015873016,0.186024444444444,0.527807451499118,0.182702579365079,0.149483928571429,0.527807451499118,0.527807451499118
"Beta secretase 2",1,0.888598908730159,0.801993140589569,0.801993140589569,0.801993140589569,0.801993140589569,1,0.801993140589569,1,0.801993140589569,0.801993140589569
"Serine/threonine-protein kinase Chk2",1,1,0.946731547619048,1,0.946731547619048,1,0.946731547619048,0.946731547619048,1,1,1
"Cannabinoid CB2 receptor",0.586862830687831,0.989915793650794,0.989915793650794,0,0.989915793650794,0.21592123015873,0.678609580498866,0.586862830687831,1,0.586862830687831,0.586862830687831
"3-phosphoinositide dependent protein kinase-1",0.776485962301587,1,1,1,0.157788591269841,0.157788591269841,0.776485962301587,0.157788591269841,0.252461746031746,0.157788591269841,0.776485962301587
"Phospholipase D1",0.653300132275132,0.754537925170068,0.9448860670194,0.653300132275132,0.653300132275132,1,0.653300132275132,0.43184246031746,1,0.9448860670194,0.653300132275132
"Phosphodiesterase 4A",1,0.946731547619048,0.946731547619048,0.946731547619048,1,1,1,0.199311904761905,1,1,1
"Adenosine A2b receptor",0.606240376984127,1,0.199311904761905,1,0.606240376984127,1,0.606240376984127,0.885830687830688,1,0.757385238095238,1
"Carboxypeptidase B",1,1,1,1,1,1,1,1,1,1,1
"Adenosine A3 receptor",1,1,1,1,1,1,1,1,1,1,1
"Histone deacetylase 5",0.597935714285714,1,0.813856944444445,1,1,1,1,1,0.919049338624339,1,1
"Liver glycogen phosphorylase",0.659627494331066,1,0.43184246031746,1,0.43184246031746,0.551429603174603,0.43184246031746,0.659627494331066,0.43184246031746,1,1
"Tyrosine-protein kinase LCK",1,1,0.935658664021164,0.935658664021164,0.935658664021164,0.935658664021164,1,1,0.935658664021164,0.935658664021164,1
"Cathepsin D",0.332186507936508,0.915885657596372,1,0.332186507936508,0.43184246031746,1,0.915885657596372,0.332186507936508,1,1,0.332186507936508
"Melanocortin receptor 4",0.885830687830688,1,0.692846145124717,0.842923263888889,0.0332186507936508,0.0885830687830688,1,0.199311904761905,0.0885830687830688,0.321113624338624,0.321113624338624
"Peptide N-myristoyltransferase 1",0.993237658730159,0.993237658730159,1,0.993237658730159,0.993237658730159,0.993237658730159,0.993237658730159,0.993237658730159,0.993237658730159,0.993237658730159,0.993237658730159
"Tyrosine-protein kinase SYK",1,1,1,1,1,1,1,1,1,1,1
"MAP kinase p38 alpha",1,0.915885657596372,0.915885657596372,0.915885657596372,0.915885657596372,0.915885657596372,0.915885657596372,0.915885657596372,0.967493204365079,1,1
"Carbonic anhydrase I",1,1,1,1,1,0.0996559523809524,1,1,1,1,1
"Furin",0.905208234126984,0.905208234126984,1,1,0.647763690476191,0.465061111111111,0.905208234126984,0.905208234126984,0.905208234126984,0.905208234126984,1
"Tryptase beta-1",1,0.469213442460317,0.249139880952381,0.469213442460317,0.249139880952381,0.249139880952381,1,0.469213442460317,0.0996559523809524,0.469213442460317,1
"Glycogen synthase kinase-3 beta",1,1,0.298967857142857,1,0.647763690476191,1,1,0.298967857142857,0.298967857142857,1,1
"Dual specificity protein phosphatase 3",1,1,1,1,1,1,1,1,1,1,1
"c-Jun N-terminal kinase 3",1,1,1,1,1,1,1,1,1,1,1
"Histamine H3 receptor",1,1,1,1,1,1,1,1,1,1,1
"Phosphodiesterase 2A",1,1,1,1,1,0.680982341269841,1,1,0.680982341269841,1,1
"Adenosylhomocysteinase",0.199311904761905,1,1,1,0.083046626984127,0.212599365079365,1,0.199311904761905,1,0.083046626984127,1
"Tyrosine-protein kinase SRC",0.822161607142857,0.903547301587302,0.903547301587302,0.84375373015873,0.575789947089947,0.903547301587302,0.903547301587302,0,0.9331420995671,0.575789947089947,0.903547301587302
"Cathepsin K",1,1,1,1,0.719737433862434,0.448451785714286,1,1,1,1,0.448451785714286
"Macrophage-stimulating protein receptor",1,1,0.502432093253968,0.959649911816579,0.0166093253968254,0.502432093253968,0.502432093253968,0.0166093253968254,0.502432093253968,0.502432093253968,0.502432093253968
"Cystinyl aminopeptidase",1,1,1,0.199311904761905,1,1,1,1,0.199311904761905,1,1
"Focal adhesion kinase 1",0.953849829931973,0.953849829931973,1,1,0.953849829931973,0.697591666666667,0.953849829931973,1,0.953849829931973,1,0.953849829931973
"Mitogen-activated protein kinase kinase kinase 11",0.166093253968254,1,1,1,0.453988227513228,0.453988227513228,1,0.581326388888889,1,1,1
"Histone deacetylase 7",1,1,1,0.564717063492064,0.564717063492064,0.963340873015873,0.950053412698413,0.564717063492064,0.564717063492064,0.963340873015873,1
"Phosphodiesterase 11A",1,1,1,1,1,1,1,1,0.564717063492064,1,1
"Cytochrome P450 11B2",1,1,1,1,1,1,1,1,1,1,1
"Protein-glutamine gamma-glutamyltransferase",0.589631051587302,1,0.589631051587302,0.589631051587302,1,1,1,1,1,0.589631051587302,1
"Phospholipase D2",0.0221457671957672,0.298967857142857,0.883616111111111,0.0913512896825397,0,0.671754938271605,0.671754938271605,0.0221457671957672,0.127338161375661,0.930122222222222,0.112943412698413
"Metabotropic glutamate receptor 4",1,0.697591666666667,0.697591666666667,0.697591666666667,0.631154365079365,0.631154365079365,1,0.697591666666667,0.697591666666667,1,0.697591666666667
"C-C chemokine receptor type 5",0.510736755952381,0.510736755952381,0.908983080808081,0.510736755952381,0.481670436507937,0.510736755952381,0.714200992063492,0.597935714285714,0.510736755952381,0.510736755952381,0.481670436507937
"Fibroblast growth factor receptor 3",0.885830687830688,1,0.764028968253968,1,0.199311904761905,1,1,0.298967857142857,1,0.885830687830688,0.730810317460317
"Phosphodiesterase 4B",1,0.797247619047619,1,0.797247619047619,0.797247619047619,0.797247619047619,0.797247619047619,0.797247619047619,1,0.797247619047619,0.797247619047619
"Ileal bile acid transporter",0.83046626984127,1,1,1,1,0.298967857142857,1,0.83046626984127,0.61454503968254,1,1
"Integrin alpha-4",1,0.43184246031746,0.704973589065256,0.704973589065256,0.298967857142857,0.581326388888889,0.451773650793651,0.265749206349206,0.332186507936508,0.916834761904762,0.704973589065256
"Sodium/hydrogen exchanger 1",0.373709821428571,1,1,0.373709821428571,0.282358531746032,1,1,0.43184246031746,0.282358531746032,0.913512896825397,1
"Acyl coenzyme A:cholesterol acyltransferase 1",0.606240376984127,1,1,0.597935714285714,1,0.597935714285714,1,1,0.606240376984127,1,1
"Estradiol 17-beta-dehydrogenase 2",1,1,1,1,0.132874603174603,0.221457671957672,1,1,1,1,0.132874603174603
"Vascular endothelial growth factor receptor 2",0.890259841269841,0.92181755952381,0.92181755952381,0.775101851851852,0.166093253968254,1,1,0.919049338624339,0.890259841269841,0.775101851851852,0.926431261022928
"Matrix metalloproteinase 13",0,1,1,1,1,0.0110728835978836,0.654881972789116,0.365405158730159,0,0.166093253968254,0.365405158730159
"Tyrosine-protein kinase ZAP-70",1,1,1,1,1,1,1,1,1,1,1
"LXR-alpha",0.915885657596372,1,0.915885657596372,0.915885657596372,1,0.915885657596372,1,0.915885657596372,0.813856944444445,0.813856944444445,1
"Protein-glutamine gamma-glutamyltransferase K",1,0.996559523809524,0.315577182539683,0.504923492063492,0.116265277777778,0.802784060846561,1,0.116265277777778,1,1,0.315577182539683
"Nerve growth factor receptor Trk-A",1,0.564717063492063,0.564717063492063,1,0.564717063492063,1,0.564717063492063,0,0.564717063492063,1,0.564717063492063
"Coagulation factor XI",0.448451785714286,1,1,0.664373015873016,0.664373015873016,1,1,1,0.664373015873016,0.448451785714286,1
"Casein kinase I delta",1,1,0.83046626984127,0.916834761904762,0.575789947089947,0.575789947089947,1,0.575789947089947,1,1,1
"Matrix metalloproteinase 3",1,1,1,1,1,1,1,1,1,1,1
"Tyrosine-protein kinase JAK1",0.21592123015873,1,0.913512896825397,0.913512896825397,0.21592123015873,1,1,1,0.913512896825397,0.944358786848073,0.913512896825397
"Dipeptidyl peptidase IV",1,1,1,0.488788718820862,0.245818015873016,0.132874603174603,0.282358531746032,1,0,0.132874603174603,0.245818015873016
"Serine/threonine-protein kinase mTOR",1,1,1,1,1,1,1,1,1,1,1
"Glycogen synthase kinase-3 alpha",0.902440013227513,1,1,0.902440013227513,0.780638293650794,0.941195105820106,0.941195105820106,0.902440013227513,0.896903571428571,0.780638293650794,0.941195105820106
"Renin",0.83046626984127,1,0.942579216269841,1,0.199311904761905,0.298967857142857,1,0.166093253968254,0.604579444444444,0.604579444444444,0.942579216269841
"Sigma opioid receptor",0.166093253968254,0.560564732142857,1,0.560564732142857,0.560564732142857,1,0.989177601410935,0.560564732142857,0.560564732142857,0.560564732142857,0.560564732142857
"Mitogen-activated protein kinase kinase kinase 9",1,0.597935714285714,1,1,0.340491170634921,0,1,1,0.0332186507936508,1,0.340491170634921
"Phosphodiesterase 4D",0.76956541005291,0.589631051587302,0.83046626984127,1,0.76956541005291,0.166093253968254,1,0.589631051587302,0.166093253968254,0.83046626984127,0.83046626984127
"Carbonic anhydrase III",0.249139880952381,0.597935714285714,0.984102529761905,1,0,1,0.707082709750567,0.0332186507936508,0.471704841269841,1,0.243603439153439
"Hematopoietic cell protein-tyrosine phosphatase 70Z-PEP",1,1,1,1,1,1,1,1,1,1,1
"Phosphodiesterase 3B",1,1,1,1,1,1,1,0.730810317460317,1,1,1
"Arachidonate 15-lipoxygenase",0.770672698412698,1,0.939613265306122,0.9448860670194,1,0.310040740740741,0.166093253968254,0.939613265306122,0.9448860670194,0.310040740740741,0.672677678571429
"Phosphodiesterase 4C",1,1,1,1,1,1,1,1,1,1,1
"Telomerase reverse transcriptase",0.143947486772487,0.391980079365079,0.605317636684303,1,0.157788591269841,0.0664373015873016,0.605317636684303,0.415233134920635,0.0664373015873016,0.498279761904762,0.876972380952381
"Protein kinase C gamma",0.232530555555556,1,1,1,1,0.232530555555556,1,1,1,1,1
"Cathepsin S",1,1,1,1,1,1,1,0.465061111111111,1,1,1
"Sphingosine 1-phosphate receptor Edg-5",0.0664373015873016,0.645918209876543,0.450824546485261,0.450824546485261,0.902943326118326,0,0.450824546485261,0.863684920634921,0,0.450824546485261,0.643611359126984
"Tyrosine-protein kinase ITK/TSK",0.0996559523809524,1,1,1,1,1,1,1,0.265749206349206,1,1
"Dual specificity mitogen-activated protein kinase kinase 2",1,1,1,0.930122222222222,0.298967857142857,1,1,1,0.952267989417989,1,1
"Tyrosine-protein kinase JAK2",1,1,1,1,1,1,1,1,1,1,1
"Rho-associated protein kinase 2",1,1,1,1,1,1,1,1,1,1,1
"Cholecystokinin B receptor",0.438486190476191,1,0.465061111111111,0.87106684303351,0.357100496031746,0.357100496031746,0.680982341269841,0.357100496031746,0.357100496031746,1,0.631154365079365
"Protein kinase C alpha",0.747419642857143,1,0.747419642857143,1,1,1,1,0.747419642857143,0.747419642857143,1,0.883616111111111
"Protein kinase C delta",1,1,1,1,0.0332186507936508,1,0.385336349206349,0.385336349206349,1,0.0332186507936508,0.385336349206349
"P2X purinoceptor 3",1,1,0.604579444444444,1,1,1,0.604579444444444,0.604579444444444,0.952267989417989,0.604579444444444,0.604579444444444
"Multidrug resistance-associated protein 1",0.83521179138322,0.680982341269841,1,1,0.631154365079365,0.83521179138322,0.680982341269841,0.963340873015873,0.83521179138322,0.680982341269841,1
"Receptor protein-tyrosine kinase erbB-4",1,0.680982341269841,1,1,0.680982341269841,1,1,1,1,1,1
"Cyclin-dependent kinase 2",1,1,1,0.456756448412698,0.858148478835979,0.0664373015873016,1,0.858148478835979,0.0332186507936508,0.0498279761904762,1
"Phosphodiesterase 7A",0,0.313204421768707,0.192668174603175,0.427690128968254,1,0.192668174603175,0.192668174603175,0.313204421768707,1,0.0996559523809524,0.967031834215168
"Matriptase",0.690947936507937,1,1,0.332186507936508,0.690947936507937,0.752956084656085,1,1,0.690947936507937,0.690947936507937,1
"Sphingosine kinase 2",0.678609580498866,1,1,1,0.678609580498866,0.0664373015873016,0.678609580498866,0.27682208994709,0.132874603174603,1,0.678609580498866
"Serine/threonine-protein kinase PLK1",0.863684920634921,0.863684920634921,0.92458578042328,1,1,0.863684920634921,1,0.863684920634921,1,0.863684920634921,1
"Carbonic anhydrase VI",0.92181755952381,1,0.92181755952381,0.92181755952381,0.92181755952381,0.92181755952381,0.92181755952381,0.92181755952381,0.92181755952381,1,1
"Protein kinase C beta",1,0.760338007054674,1,0.474552154195011,0.232530555555556,0.232530555555556,0.232530555555556,0.506584424603175,0.282358531746032,0.391980079365079,0.474552154195011
"Cyclin-dependent kinase 7",1,1,1,1,1,1,1,1,1,1,1
"Glycine transporter 2",1,1,1,1,1,1,1,1,1,1,1
"Cyclin-dependent kinase 1",1,0.745046882086168,0.542571296296296,0.745046882086168,0.73911498015873,0.166093253968254,0.745046882086168,0.797247619047619,0.0996559523809524,1,0.826775308641975
"Excitatory amino acid transporter 1",1,1,1,1,1,1,1,1,1,1,1
"Plasma retinol-binding protein",0.597935714285714,1,1,0.0996559523809524,0.971645535714286,1,0.620081481481481,1,1,1,1
"Poly [ADP-ribose] polymerase-1",0.976628333333333,1,1,1,0.0332186507936508,1,0.365405158730159,0.365405158730159,1,0.423537797619048,1
"Thymidine phosphorylase",0.298967857142857,1,0.298967857142857,1,1,1,1,0.442915343915344,1,1,1
"Cyclin-dependent kinase 9",0.470597552910053,0.385336349206349,1,1,0,0.315577182539683,1,0.0332186507936508,0.177166137566138,1,0.555226020408163
"PI3-kinase p110-delta subunit",1,1,1,1,1,1,1,1,1,1,1
"DNA-dependent protein kinase",1,1,0.764028968253968,1,1,1,1,1,1,0.697591666666667,1
"PI3-kinase p110-beta subunit",1,1,1,1,0.254676322751323,0.249139880952381,1,1,0.249139880952381,1,1
"Serotonin 7 (5-HT7) receptor",1,1,1,1,1,1,1,1,0.797247619047619,0.697591666666667,0.98548664021164
"Bradykinin B2 receptor",1,1,1,1,1,1,1,0.83046626984127,1,1,1
"Protein-tyrosine phosphatase 1C",0.788942956349206,0.788942956349206,0.953849829931973,1,0.788942956349206,0.788942956349206,0.953849829931973,1,1,0.953849829931973,1
"Carboxylesterase 2",1,0.797247619047619,0.797247619047619,1,1,1,0.797247619047619,1,1,1,0.465061111111111
"Estradiol 17-beta-dehydrogenase 1",1,1,1,1,1,1,1,1,1,0.39862380952381,1
"Histone deacetylase 8",1,1,1,1,1,1,1,1,1,1,1
"Prolyl endopeptidase",0.787756575963719,1,1,0.787756575963719,0.787756575963719,0.0664373015873016,0.787756575963719,1,0.321113624338624,1,0.321113624338624
"Matrix metalloproteinase 9",0.772333630952381,1,1,1,0.166093253968254,1,1,0.465061111111111,1,0.772333630952381,1
"CD22",1,1,1,1,0.0996559523809524,0.0664373015873016,1,1,1,0.0996559523809524,0.0996559523809524
"Metabotropic glutamate receptor 5",1,1,0.730810317460317,1,1,0.0996559523809524,0.365405158730159,1,0.564717063492063,1,1
"Sphingosine 1-phosphate receptor Edg-6",0.0885830687830688,1,1,1,0.0885830687830688,1,1,0.315577182539683,1,0.0885830687830688,1
"Rho-associated protein kinase 1",1,0.620081481481481,1,1,0.465061111111111,1,1,0.620081481481481,1,1,1
"Tyrosine-protein kinase HCK",0.348795833333333,0.348795833333333,0.503025283446712,0.724166587301587,0.833486147186147,0.348795833333333,0.724166587301587,0.503025283446712,0.622849702380952,0.348795833333333,0.40526753968254
"Carbonic anhydrase XII",0.43184246031746,1,0.326650066137566,1,0,1,1,0.12180171957672,0.12180171957672,0.326650066137566,0.326650066137566
"Histone deacetylase 1",1,0.836002711640212,0.332186507936508,1,0.0166093253968254,1,1,0.0664373015873016,0.0166093253968254,0.282358531746032,1
"Lysophosphatidic acid receptor Edg-7",0.560564732142857,0.778792813051146,0.560564732142857,0.973306468253968,0.558073333333333,0.166093253968254,0.265749206349206,1,0.560564732142857,0.531498412698413,0.287894973544974
"PI3-kinase p110-gamma subunit",0.21592123015873,1,1,1,1,0.21592123015873,1,1,1,1,1
"PI4-kinase beta subunit",1,1,1,1,1,1,1,1,1,1,1
"Cathepsin L2",1,0.182702579365079,1,1,0.606240376984127,0.858148478835979,0.182702579365079,0.606240376984127,1,1,0.858148478835979
"Urokinase-type plasminogen activator",1,1,1,1,1,1,1,1,1,1,0.896903571428571
"Testis-specific androgen-binding protein",1,1,1,1,0.556412400793651,0.15502037037037,1,1,1,0.15502037037037,0.15502037037037
"Caspase-6",0.210384788359788,0.571360793650794,0.780638293650794,0.210384788359788,0.210384788359788,1,1,0.232530555555556,1,1,0.82097522675737
"Cyclin-dependent kinase 4",1,1,0.968086394557823,0.538142142857143,0.498279761904762,0,1,0.603472156084656,0.498279761904762,1,0.538142142857143
"Histone deacetylase 11",1,1,1,1,0.0332186507936508,1,1,0.0332186507936508,1,1,0.0775101851851852
"Sodium-dependent proline transporter",0.680982341269841,1,0.806738662131519,1,0.282358531746032,0.43184246031746,0.806738662131519,1,0.282358531746032,1,0.806738662131519
"Matrix metalloproteinase-1",1,1,1,1,1,1,1,1,1,1,1
"Matrix metalloproteinase-2",1,1,1,1,1,1,1,1,1,1,1
"Protein-tyrosine phosphatase 1B",1,1,1,1,1,1,0.43184246031746,1,1,1,1
"Acetyl-CoA carboxylase 1",1,0.812011463844797,0.812011463844797,0.812011463844797,0.812011463844797,1,0.812011463844797,0.812011463844797,0.812011463844797,0.812011463844797,0.812011463844797
"Serotonin 6 (5-HT6) receptor",0.764028968253968,0.764028968253968,0.764028968253968,0.764028968253968,0.764028968253968,0.0664373015873016,1,0.989915793650794,0.989915793650794,0.315577182539683,0.871989583333333
"MAP kinase ERK1",0.797247619047619,1,1,1,0.797247619047619,1,1,0.797247619047619,0.905208234126984,1,1
"Cytochrome P450 2C9",1,0.925969890873016,1,0.166093253968254,0.166093253968254,0.33772294973545,0.925969890873016,0.0332186507936508,0.318899047619048,0.0332186507936508,1
"Probable G-protein coupled receptor 88",0.27682208994709,0.27682208994709,1,0.0332186507936508,1,1,0.991023082010582,1,0.445129920634921,1,0.323881845238095
"Cytochrome P450 3A4",1,1,0.664373015873016,0.221457671957672,1,0.221457671957672,1,1,0.221457671957672,1,1
"Pregnane X receptor",0.39862380952381,0.481670436507937,1,0.83046626984127,1,0.697591666666667,1,1,1,1,0.83046626984127
"Carboxypeptidase B2 isoform A",1,1,1,1,1,1,1,1,1,1,1
"Serotonin 5a (5-HT5a) receptor",0,1,0.369557490079365,0.365405158730159,0,0.535189373897707,0.365405158730159,0.365405158730159,0.365405158730159,0.0442915343915344,0.857041190476191
"Estrogen-related receptor alpha",1,1,0.498279761904762,1,1,1,1,1,0.0996559523809524,1,1
"Amine oxidase, copper containing",1,1,1,1,1,1,1,1,1,1,1
"Protein kinase C zeta",0.0332186507936508,1,1,0.586862830687831,0.182702579365079,1,1,1,1,0.631154365079365,1
"Melanin-concentrating hormone receptor 1",1,1,1,1,0.0332186507936508,1,0.221457671957672,0.385336349206349,1,0.149483928571429,0.249139880952381
"Caspase-7",0.166093253968254,0.747419642857143,1,0.597935714285714,0.602681235827664,0.597935714285714,0.602681235827664,1,0.249139880952381,1,0.602681235827664
"C-C chemokine receptor type 3",0.210384788359788,1,1,0.0498279761904762,1,0.465061111111111,1,1,0,1,0.83046626984127
"Phospholipase A2 group IIA",0.882667006802721,0.976628333333333,0.692055224867725,0.692055224867725,1,0.692055224867725,0.976628333333333,0.692055224867725,0.976628333333333,0.692055224867725,0.692055224867725
"Plasminogen activator inhibitor-1",0.916834761904762,1,1,1,1,1,0.697591666666667,0.697591666666667,1,0.697591666666667,0.697591666666667
"Inhibitor of nuclear factor kappa B kinase alpha subunit",0.870328650793651,1,1,0.870328650793651,1,0.730810317460317,1,0.870328650793651,1,1,0.870328650793651
"Proteasome Macropain subunit",0,0.697591666666667,1,1,0.116265277777778,1,0.697591666666667,0.597935714285714,1,1,0.597935714285714
"Carbonic anhydrase XIV",1,1,1,1,1,1,1,1,1,1,1
"LDL-associated phospholipase A2",0.524116490299824,0.524116490299824,0.524116490299824,0.597935714285714,0.584648253968254,0,0.524116490299824,0.524116490299824,0.524116490299824,0.524116490299824,0.524116490299824
"Cytochrome P450 17A1",0.988254861111111,1,0.6754458994709,0.977577437641723,0.977577437641723,1,1,0.977577437641723,0.548107738095238,0.977577437641723,0.548107738095238
"Histone deacetylase 4",1,1,1,1,1,0.752956084656085,1,1,1,0.747419642857143,0.730810317460317
"Inhibitor of nuclear factor kappa B kinase epsilon subunit",1,1,1,1,1,0.919049338624339,0.919049338624339,1,0.919049338624339,1,1
"Phosphodiesterase 9A",0.0332186507936508,1,1,1,0.946731547619048,0.946731547619048,1,0.946731547619048,1,1,1
"Tyrosine-protein kinase TYK2",0.82097522675737,0.842923263888889,0.780638293650794,1,0,0,1,0.0996559523809524,0.504923492063492,1,0.199311904761905
"Steryl-sulfatase",0.43658798185941,1,0.701282627865961,0.43658798185941,0.186024444444444,0.149483928571429,0.847075595238095,0.440147123015873,0.149483928571429,0.149483928571429,0.149483928571429
"Nitric-oxide synthase, brain",1,0.249139880952381,0.913512896825397,0.387550925925926,0.232530555555556,0.387550925925926,1,0.42235141723356,0,0.249139880952381,1
"Cholesteryl ester transfer protein",1,1,1,1,0,0.620081481481481,0.85419387755102,0.0083046626984127,0.0083046626984127,0.0083046626984127,0.604579444444444
"Protein kinase C epsilon",0.651085555555556,1,1,1,0.651085555555556,1,0.651085555555556,1,0.651085555555556,1,0.651085555555556
"Dual specificity mitogen-activated protein kinase kinase 1",0.788942956349206,1,1,1,1,1,1,1,0.310040740740741,0,0.298967857142857
"Adenosine kinase",0.382014484126984,0.509352645502645,0.509352645502645,0.790603888888889,1,0.382014484126984,0.509352645502645,0.638536287477954,0.578953628117914,0.638536287477954,0.509352645502645
"Hormone sensitive lipase",0.754537925170068,0.959649911816579,1,1,0.754537925170068,0.754537925170068,0.754537925170068,0.754537925170068,0.754537925170068,0.959649911816579,0.754537925170068
"Carbonic anhydrase IX",0.996559523809524,1,1,1,1,1,1,0.996559523809524,0.996559523809524,0.166093253968254,0.996559523809524
"Protein kinase C eta",1,1,1,1,0.0996559523809524,1,1,0.221457671957672,1,0.221457671957672,1
"Cytochrome P450 2C19",1,1,1,1,1,1,1,1,1,1,1
"Quinone reductase 1)",0.730810317460317,0.730810317460317,0.730810317460317,0.132874603174603,1,1,0.730810317460317,0.730810317460317,0.730810317460317,0.730810317460317,1
"Casein kinase II alpha",0.644441825396825,0.644441825396825,0.644441825396825,0.644441825396825,0.660682054673721,0.660682054673721,0.644441825396825,0.660682054673721,0.660682054673721,1,0.960019007936508
"Opioid growth factor receptor-like protein 1",1,0.776485962301587,1,0.776485962301587,0.0996559523809524,0.0996559523809524,0.710879126984127,0.52319375,0.442915343915344,1,0.776485962301587
"Kininogen-1",0.908983080808081,0.612172278911565,0.908983080808081,0.612172278911565,0.612172278911565,0.612172278911565,0.612172278911565,0.612172278911565,0.612172278911565,0.826775308641975,0.826775308641975
"Acetyl-coenzyme A transporter 1",0.372048888888889,1,0.372048888888889,0.39862380952381,0.372048888888889,0.372048888888889,1,0.39862380952381,1,0.372048888888889,1
"Fibroblast growth factor receptor 1",0.391980079365079,1,0.391980079365079,1,0.391980079365079,0.391980079365079,1,0.481670436507936,0.199311904761905,1,1
"PI4-kinase alpha subunit",0.382014484126984,1,1,0.232530555555556,0.232530555555556,1,1,0.232530555555556,1,0.504923492063492,1
"Arachidonate 12-lipoxygenase",1,1,1,0.747419642857143,0.548107738095238,0.232530555555556,0.39862380952381,0.548107738095238,1,1,0.747419642857143
"Autotaxin",0.232530555555556,0.592399272486772,0.797247619047619,0.592399272486772,0.232530555555556,0.946731547619048,1,1,0.30727251984127,0.232530555555556,1
"ADAM17",1,1,0.564717063492064,1,0.81717880952381,0.81717880952381,0.81717880952381,1,1,1,0.81717880952381
"Prostanoid EP3 receptor",0.382014484126984,1,1,1,1,1,1,1,1,1,0.382014484126984
"Hepatocyte growth factor receptor",1,1,1,1,1,1,1,1,1,1,1
"Carbonic anhydrase IV",1,1,1,1,0.730810317460317,1,1,1,1,1,1
"11-beta-hydroxysteroid dehydrogenase 2",0.498279761904762,1,0.545734977324263,0.498279761904762,0.0664373015873016,1,0.531498412698413,0,1,0.498279761904762,1
"Histamine H4 receptor",0.859993959435626,0.669118537414966,1,0.631154365079365,0.166093253968254,0.332186507936508,0.859993959435626,0.669118537414966,1,0.669118537414966,0.669118537414966
"Beta-glucosidase",0.39862380952381,0.453988227513228,0.933444087301587,0.453988227513228,0,0.788942956349206,1,0.188239021164021,0.788942956349206,0.933444087301587,0.188239021164021
"Urotensin II receptor",1,1,1,1,0.0664373015873016,1,1,0.930122222222222,1,1,1
"Metabotropic glutamate receptor 1",1,1,1,1,1,0.265749206349206,1,1,1,1,1
"Dual specificity phosphatase Cdc25A",1,1,0.73911498015873,0.787756575963719,0.787756575963719,0.664373015873016,0.787756575963719,1,0.332186507936508,1,0.73911498015873
"Caspase-8",0.0498279761904762,1,1,0.478348571428571,0.0498279761904762,0.478348571428571,1,0.873175963718821,0.478348571428571,1,0.725273875661376
"Interleukin-1 receptor-associated kinase 4",0.232530555555556,1,1,1,0.254676322751323,0.232530555555556,1,1,1,1,0.971645535714286
"Histone acetyltransferase p300",0.6754458994709,1,1,1,1,1,0.6754458994709,1,1,1,0.6754458994709
"Hydroxycarboxylic acid receptor 2",0.620081481481481,0.620081481481481,1,1,1,0.620081481481481,1,1,0.725273875661376,0.622849702380952,0.725273875661376
"Serine/threonine-protein kinase PLK4",0.83046626984127,0.83046626984127,0.996559523809524,0.83046626984127,0.780638293650794,0.780638293650794,0.83046626984127,0.382014484126984,0.83046626984127,1,0.298967857142857
"Melanocortin receptor 1",0,1,0.30727251984127,1,1,0.604579444444444,1,0.188239021164021,0.631154365079365,0.188239021164021,0.768774489795918
"Calcitonin gene-related peptide type 1 receptor",0.370941600529101,0.41760589569161,0.332186507936508,0.370941600529101,0.370941600529101,1,1,1,0.0664373015873016,1,0.370941600529101
"T-cell protein-tyrosine phosphatase",1,1,1,1,1,1,1,1,0.697591666666667,1,1
"Cytosolic phospholipase A2",1,1,1,1,1,1,1,1,1,1,1
"Hexokinase type IV",0.141179265873016,1,0.984102529761905,1,1,0.984102529761905,0.141179265873016,0.984102529761905,0.737454047619048,0.141179265873016,0.141179265873016
"Serine/threonine-protein kinase NEK2",1,1,0.382014484126984,0.382014484126984,0.382014484126984,0.382014484126984,0.558073333333333,0.680982341269841,1,1,1
"LIM domain kinase 1",0.365405158730159,1,0.507770804988662,0.507770804988662,0.321113624338624,0.232530555555556,1,0.507770804988662,0.0664373015873016,0.867837251984127,1
"Cathepsin L",1,1,1,1,1,1,1,1,1,1,1
"Protein kinase C mu",0.531498412698413,0.784790625,0.983272063492064,1,0.983272063492064,0.784790625,0.784790625,0.784790625,0.784790625,0.784790625,0.784790625
"Protein-tyrosine phosphatase 2C",0.0332186507936508,1,0.0332186507936508,0.730810317460317,1,0.0332186507936508,1,0.0332186507936508,0.0797247619047619,1,0.55364417989418
"Matrix metalloproteinase 14",1,1,1,0.343259391534392,0.852612037037037,0.343259391534392,0.852612037037037,1,0.343259391534392,0.43184246031746,1
"Heat shock protein HSP 90-alpha",1,1,1,1,1,1,1,1,1,0.697591666666667,1
"Sodium/glucose cotransporter 2",0.804629541446208,0.804629541446208,0.804629541446208,0.804629541446208,0.804629541446208,1,0.973306468253968,0.804629541446208,0.804629541446208,0.804629541446208,0.804629541446208
"Calpain 1",0.83995731292517,1,0.354332275132275,0.282358531746032,1,0.0664373015873016,0.83995731292517,0.810535079365079,1,0.810535079365079,1
"Sphingosine 1-phosphate receptor Edg-3",1,0.804629541446208,0.804629541446208,0.804629541446208,0.697591666666667,0.804629541446208,0.804629541446208,0.804629541446208,0.804629541446208,1,0.804629541446208
"Bone morphogenetic protein 1",1,1,1,1,1,1,0.797247619047619,1,1,1,1
"Glutathione S-transferase Pi",0.841539153439153,1,1,1,1,0.0664373015873016,1,1,0.841539153439153,1,1
"Tyrosine-protein kinase Lyn",1,1,1,0.896903571428571,1,0.797247619047619,1,1,1,1,0.797247619047619
"Ribosomal protein S6 kinase alpha 2",1,1,1,1,1,1,1,1,1,1,1
"Carbonic anhydrase XIII",1,1,1,1,1,1,1,1,1,1,1
"Complement C1s",0.973306468253968,0.609008597883598,0.885830687830688,0.609008597883598,0.973306468253968,0.999579401154401,0.934867743764172,0.609008597883598,0.973306468253968,0.704235396825397,0.704235396825397
"Protein kinase C theta",0.298967857142857,0.298967857142857,0.540989455782313,0.540989455782313,0.987499891774892,0.298967857142857,0.987499891774892,0.987499891774892,0,0.540989455782313,0.942579216269841
"Heparanase",0.448451785714286,1,1,1,1,0.448451785714286,1,1,1,1,1
"Methionine aminopeptidase 2",0.783960158730159,0.697591666666667,0.764028968253968,1,0.387550925925926,0.783960158730159,0.764028968253968,0.387550925925926,0.697591666666667,0.387550925925926,0.689287003968254
"Serine/threonine-protein kinase Aurora-C",1,1,1,1,1,1,1,1,1,1,1
"Quinone reductase 2",1,1,1,1,0.880294246031746,1,1,1,0.880294246031746,1,1
"MAP kinase p38 beta",1,1,1,1,1,1,1,1,1,1,1
"Carbonic anhydrase VB",0.896903571428571,1,0.896903571428571,1,0.896903571428571,1,1,1,0.0664373015873016,1,1
"GAR transformylase",0.624510634920635,1,0.971645535714286,1,0.420769576719577,0.624510634920635,1,0.953849829931973,0.420769576719577,0.819393386243386,0.420769576719577
"Proteinase-activated receptor 1",0.182702579365079,1,1,1,0,1,1,0.506584424603175,1,0.506584424603175,1
"Fructose-1,6-bisphosphatase",0.963340873015873,1,0.896903571428571,1,0.963340873015873,0.896903571428571,0.896903571428571,0.992407192460317,0.963340873015873,0.896903571428571,1
"Dipeptidyl peptidase II",0,0.581326388888889,0.450824546485261,1,0,0.224225892857143,1,0.812011463844797,0.378692619047619,0.224225892857143,0.450824546485261
"Peroxisome proliferator-activated receptor delta",1,1,0.702337188208617,0.332186507936508,0.12180171957672,0.0332186507936508,1,0.520425529100529,0.0996559523809524,1,0.332186507936508
"Serine/threonine-protein kinase 10",0.863684920634921,1,0.664373015873016,1,1,0.664373015873016,1,0.863684920634921,1,1,1
"Dual specificity protein kinase TTK",0.055364417989418,0.326650066137566,1,0.370150680272109,0.055364417989418,0.612699559082892,1,0.411080803571429,0.055364417989418,0.157788591269841,0.179380714285714
"Coagulation factor VII",0.564717063492064,0.810535079365079,0.697591666666667,1,0.564717063492064,0.564717063492064,0.697591666666667,0.810535079365079,0.697591666666667,0.564717063492064,0.564717063492064
"PI3-kinase p110-alpha subunit",0.85419387755102,0.987499891774892,0.85419387755102,0.85419387755102,0.332186507936508,0.85419387755102,0.85419387755102,0.987499891774892,0.987499891774892,0.987499891774892,0.85419387755102
"Tyrosine-protein kinase ABL2",0.484992301587302,1,0.484992301587302,0.786174735449735,0.398623809523809,0.398623809523809,1,0.526752891156463,0,0.526752891156463,0.786174735449735
"C-C chemokine receptor type 2",0.936765952380952,1,0.847075595238095,1,1,1,1,1,0.936765952380952,0.39862380952381,0.936765952380952
"Glutamate receptor ionotropic, AMPA 2",1,1,1,0.935658664021164,0.376478042328042,0.458417380952381,1,0.458417380952381,0.376478042328042,1,0.376478042328042
"Neuropeptide Y receptor type 2",0.723428395061728,0.723428395061728,0.918042712842713,0.723428395061728,0.853719325396825,0.240835218253968,0.199311904761905,0.240835218253968,0.723428395061728,0.723428395061728,0.199311904761905
"HMG-CoA reductase",1,1,1,1,1,1,1,1,1,1,1
"Signal transducer and activator of transcription 3",0.581326388888889,0.536243934240363,1,0.536243934240363,0.315577182539683,0.857041190476191,0.132874603174603,0.536243934240363,0.536243934240363,0.536243934240363,0.583171869488536
"Interleukin-8 receptor A",1,1,1,1,1,1,1,1,1,1,1
"Cyclin-dependent kinase 5",1,1,1,1,1,1,1,0.298967857142857,1,1,1
"MAP kinase ERK2",0.578953628117914,1,0.445129920634921,1,0.0913512896825397,0.578953628117914,0.751571974206349,0,0.0913512896825397,1,0.0913512896825397
"Cystic fibrosis transmembrane conductance regulator",0.0664373015873016,1,1,1,1,1,1,1,0.0664373015873016,0.310040740740741,1
"Chymase",1,0.686518783068783,0.686518783068783,1,0.686518783068783,0.686518783068783,1,0.43184246031746,0.686518783068783,1,1
"Casein kinase II alpha (prime)",1,1,1,1,1,1,1,1,1,1,1
"Cathepsin B",0.747419642857143,1,1,1,1,0.747419642857143,0.747419642857143,1,0.747419642857143,1,1
"Matrix metalloproteinase 7",1,0.710879126984127,0.365405158730159,1,0.365405158730159,1,1,0.365405158730159,0,1,1
"Bombesin receptor subtype-3",1,1,1,1,1,0.409696693121693,1,0.409696693121693,1,0.199311904761905,0.597935714285714
"LXR-beta",1,1,1,1,1,1,1,1,1,1,1
"Neurotensin receptor 1",0.0332186507936508,1,1,1,0.92458578042328,0.0664373015873016,1,0.722505654761905,0.722505654761905,1,0.92458578042328
"Tyrosine-protein kinase TIE-2",0.822161607142857,0.822161607142857,0.631154365079365,1,0.232530555555556,0.631154365079365,1,0.631154365079365,1,0.822161607142857,0.822161607142857
"Fibroblast growth factor receptor 2",0.680982341269841,1,0.771410890652557,0.771410890652557,0.771410890652557,0.771410890652557,0.771410890652557,1,0.771410890652557,0.0996559523809524,0.771410890652557
"Histone deacetylase 9",0.0664373015873016,0.661051150793651,0.661051150793651,0.661051150793651,0.232530555555556,0.487206878306878,0.661051150793651,0.239174285714286,0.0885830687830688,1,0.0885830687830688
"Fatty acid synthase",0.332186507936508,0.741883201058201,1,1,1,1,0.797247619047619,1,0.332186507936508,1,1
"c-Jun N-terminal kinase 2",1,1,0.747419642857143,1,1,0.747419642857143,1,0.747419642857143,1,0.747419642857143,1
"Sodium channel protein type II alpha subunit",0.39862380952381,1,1,1,1,1,1,1,0.39862380952381,1,1
"Monoglyceride lipase",1,1,1,1,1,1,1,1,1,1,1
"Inhibitor of apoptosis protein 3",0.0166093253968254,0.896903571428571,1,0.373709821428571,0.143947486772487,0.896903571428571,1,0.810535079365079,0.896903571428571,0.896903571428571,0
"Serine/threonine-protein kinase 2",0.786174735449735,1,1,1,0.415233134920635,0.786174735449735,0.786174735449735,0.415233134920635,1,1,0.586862830687831
"Dual specificity protein kinase CLK4",1,1,1,1,0.70866455026455,1,1,0.315577182539683,0.0996559523809524,1,1
"MAP kinase signal-integrating kinase 2",0.89136712962963,1,0.89136712962963,0.182702579365079,0.89136712962963,1,1,1,0,1,0.89136712962963
"Proteasome component C5",0.0332186507936508,1,0.373709821428571,0.365405158730159,1,0.438486190476191,1,1,0.365405158730159,1,1
"Tyrosine-protein kinase FRK",1,1,1,1,1,1,1,1,1,1,1
"Dual specificty protein kinase CLK1",1,1,1,1,1,1,0.232530555555556,1,1,1,1
"Dual specificity protein kinase CLK2",1,1,1,1,0.481670436507937,0.0664373015873016,1,0.783960158730159,0.772333630952381,0.92458578042328,0.772333630952381
"Lipoxin A4 receptor",1,0.959188541666667,0.873175963718821,0.873175963718821,0.841539153439153,0.282358531746032,1,0.873175963718821,0.265749206349206,1,0.873175963718821
"Estradiol 17-beta-dehydrogenase 3",1,0.946731547619048,0.946731547619048,0.946731547619048,1,0.946731547619048,0.946731547619048,1,0.946731547619048,1,1
"11-beta-hydroxysteroid dehydrogenase 1",1,0.737454047619048,1,1,0.737454047619048,1,1,0.737454047619048,1,0.737454047619048,0.737454047619048
"Ribosomal protein S6 kinase alpha 5",0.332186507936508,0.689287003968254,1,0.689287003968254,0.689287003968254,1,1,1,1,1,0.770672698412698
"ALK tyrosine kinase receptor",0.919049338624339,1,0.883616111111111,0.730810317460317,1,1,1,1,0.883616111111111,0.874757804232804,0.730810317460317
"Hypoxia-inducible factor 1 alpha",0.531498412698413,1,1,1,0.847075595238095,1,1,1,1,1,1
"TGF-beta receptor type II",1,1,1,1,1,1,1,1,1,1,1
"Serine/threonine-protein kinase AKT",0.948577028218695,1,0.948577028218695,0.948577028218695,0.948577028218695,0.948577028218695,0.948577028218695,0.948577028218695,0.948577028218695,0.948577028218695,1
"Sodium channel protein type IX alpha subunit",0,0.616917800453515,0.143947486772487,0.149483928571429,0.890259841269841,0.143947486772487,0.660682054673721,0.393087367724868,0.279036666666667,1,0.660682054673721
"P-glycoprotein 1",1,1,0.39862380952381,1,0.0664373015873016,1,1,0.12180171957672,0.0332186507936508,0.458417380952381,1
"Heat shock protein HSP 90-beta",0.345473968253968,0.345473968253968,1,0.404160251322751,0.345473968253968,1,1,0.971645535714286,0.345473968253968,0.0664373015873016,0.949104308390023
"Calcium-activated potassium channel subunit alpha-1",1,1,1,1,0.930122222222222,0.863684920634921,1,1,1,1,1
"Intermediate conductance calcium-activated potassium channel protein 4",0.83521179138322,1,0.149483928571429,0.365405158730159,0.714200992063492,0.969984603174603,0.930122222222222,0.571360793650794,0,0.265749206349206,0.930122222222222
"Voltage-gated potassium channel subunit Kv1.5",0.0664373015873016,0.868430442176871,0.87614191468254,0.889521649029982,0.520425529100529,0.0332186507936508,0.97844025974026,0.40526753968254,0.382014484126984,0.97844025974026,0.382014484126984
"Bradykinin B1 receptor",1,1,0.885830687830688,0.885830687830688,1,1,1,1,0.132874603174603,1,1
"Purinergic receptor P2Y1",1,1,1,1,1,0.43184246031746,1,1,1,1,1
"Sphingosine 1-phosphate receptor Edg-1",1,1,1,1,0.672677678571429,0.885830687830688,1,0.885830687830688,0.498279761904762,0.498279761904762,0.672677678571429
"Purine nucleoside phosphorylase",1,0.941195105820106,0.327440986394558,0.56886939484127,0.188239021164021,0.327440986394558,0.327440986394558,0.327440986394558,0.149483928571429,0.0996559523809524,1
"Serine/threonine-protein kinase GAK",0.166093253968254,1,1,0.885830687830688,0.232530555555556,0.584648253968254,1,1,0.0996559523809524,0.382014484126984,1
"Induced myeloid leukemia cell differentiation protein Mcl-1",0.166093253968254,1,1,1,1,1,0.83046626984127,1,1,1,1
"Dual-specificity tyrosine-phosphorylation regulated kinase 2",1,1,0.744097777777778,0.166093253968254,0.321113624338624,0.440147123015873,1,1,0.232530555555556,0.957804431216931,1
"Gastric inhibitory polypeptide receptor",0.531498412698413,1,1,1,1,0.631154365079365,0.946731547619048,1,0.631154365079365,1,1
"Matrix metalloproteinase 12",0.734962648809524,0.734962648809524,1,0.734962648809524,1,0.0996559523809524,0.734962648809524,1,0.149483928571429,0.734962648809524,0.734962648809524
"Sphingosine kinase 1",1,1,1,0.764028968253968,1,1,1,1,1,1,1
"Phosphodiesterase 8B",1,1,0.514889087301587,0.584648253968254,1,0.824929828042328,0.514889087301587,1,0.0332186507936508,1,0.39862380952381
"Phosphodiesterase 10A",0.913512896825397,1,1,1,1,0.969984603174603,1,1,0.913512896825397,0.913512896825397,0.913512896825397
"Free fatty acid receptor 1",0.465061111111111,1,1,1,0.199311904761905,1,1,1,1,1,1
"Prostanoid DP receptor",0.638536287477954,0.577174057539683,0.52319375,1,0.21592123015873,0.365405158730159,1,0.0996559523809524,0.577174057539683,0.577174057539683,0.577174057539683
"Neurokinin 3 receptor",0.224225892857143,1,0.224225892857143,1,0.224225892857143,0.448451785714286,0.225886825396825,0.224225892857143,1,0.488788718820862,1
"TGF-beta receptor type I",0.315577182539683,1,1,0.489975099206349,1,1,1,1,0.489975099206349,0,1
"C-X-C chemokine receptor type 3",0.647763690476191,1,0.710879126984127,0.647763690476191,1,0.647763690476191,1,0.913512896825397,0.647763690476191,1,1
"Vitamin K-dependent protein C",0.332186507936508,0.893883694083694,0.893883694083694,0.893883694083694,0.332186507936508,0.332186507936508,0.893883694083694,0.551429603174603,0.551429603174603,0.893883694083694,0.893883694083694
"Tyrosine-protein kinase FGR",1,1,0.607426757369614,0.487206878306878,0.607426757369614,0,0.607426757369614,1,1,0.382014484126984,0.607426757369614
"NAD-dependent deacetylase sirtuin 3",0.755724305555556,1,1,1,0.61454503968254,0.631154365079365,1,0.531498412698413,1,1,0.764028968253968
"NAD-dependent deacetylase sirtuin 2",1,1,1,0.83046626984127,1,1,0.83046626984127,1,1,1,1
"Acyl coenzyme A:cholesterol acyltransferase 2",1,0.916834761904762,1,1,0.916834761904762,0.415233134920635,0.664373015873016,0.0664373015873016,1,1,1
"Voltage-gated N-type calcium channel alpha-1B subunit",1,1,0.892158049886621,0.445129920634921,0.664373015873016,0.110728835978836,1,0.0664373015873016,0.0664373015873016,0.298967857142857,1
"Nitric oxide synthase, inducible",0.9448860670194,1,1,0.9448860670194,0.9448860670194,0.9448860670194,0.9448860670194,0.9448860670194,0.9448860670194,0.9448860670194,0.9448860670194
"Serine/threonine-protein kinase PAK 4",0.742889826839827,0.742889826839827,0.650136451247166,0.742889826839827,0.055364417989418,0.650136451247166,0.668525347222222,0.650136451247166,0,0.0498279761904762,0.382014484126984
"Ribosomal protein S6 kinase 1",1,0.265749206349206,0.820500674603175,0.420769576719577,0.39862380952381,0,0.801399950396825,0.450824546485261,0.132874603174603,0.39862380952381,0.820500674603175
"NAD-dependent deacetylase sirtuin 1",1,1,1,0.61454503968254,0.61454503968254,0.365405158730159,1,0.61454503968254,0.0332186507936508,0.61454503968254,1
"Glutaminyl-peptide cyclotransferase",0.801993140589569,0.647763690476191,0.801993140589569,1,0.801993140589569,1,1,0.647763690476191,0.70866455026455,1,0.801993140589569
"Serine/threonine-protein kinase PIM2",0.465061111111111,0.465061111111111,1,0.607426757369614,1,0.116265277777778,0.465061111111111,0.465061111111111,0.0332186507936508,1,1
"TRAF2- and NCK-interacting kinase",0.298967857142857,1,1,1,1,1,0.298967857142857,1,1,1,1
"Coagulation factor XIII",1,1,1,1,1,1,1,1,1,1,1
"5-lipoxygenase activating protein",0.382014484126984,0.548107738095238,0.548107738095238,1,0.382014484126984,0.548107738095238,0.907976455026455,0.0664373015873016,0.548107738095238,0.365405158730159,1
"Neuropeptide Y receptor type 5",0.223039512471655,0.223039512471655,1,0.223039512471655,0,1,0.223039512471655,0.0996559523809524,0.502432093253968,1,0.0996559523809524
"Kinesin-like protein 1",1,1,1,1,1,1,1,1,1,0.764028968253968,1
"Matrix metalloproteinase 8",0.298967857142857,0.635306696428571,1,0.635306696428571,0.305611587301587,0.298967857142857,0.305611587301587,0.305611587301587,1,0.635306696428571,0.83046626984127
"C-C chemokine receptor type 8",0.551429603174603,1,1,1,0.506584424603175,0.506584424603175,1,0.787756575963719,0.787756575963719,0.506584424603175,0.199311904761905
"Tyrosine kinase non-receptor protein 2",1,1,0.0664373015873016,0.983272063492064,1,0.39862380952381,1,0.741883201058201,1,0.913512896825397,1
"Serine/threonine-protein kinase PAK 1",0.43184246031746,1,1,1,0.332186507936508,1,1,1,1,0.597935714285714,1
"Tyrosine-protein kinase BRK",1,1,0.880294246031746,1,0.977577437641723,0.0996559523809524,1,0.514889087301587,0.880294246031746,0.514889087301587,0.132874603174603
"Melanocortin receptor 5",1,1,0.752956084656085,0.752956084656085,1,1,1,1,1,1,0.752956084656085
"Ghrelin receptor",1,1,1,1,1,1,1,1,1,1,1
"Phenylethanolamine N-methyltransferase",1,1,1,1,1,0.896903571428571,1,1,1,1,1
"Leukotriene A4 hydrolase",0.797247619047619,1,1,1,1,1,1,1,1,0.963340873015873,1
"Apoptosis regulator Bcl-X",1,1,1,1,0.863684920634921,0.863684920634921,1,1,1,1,0.974413756613757
"Serine/threonine-protein kinase Chk1",1,1,1,1,1,0.332186507936508,0.797247619047619,0.686518783068783,0.415233134920635,1,1
"Voltage-gated potassium channel subunit Kv1.3",1,0.703128108465608,0.39862380952381,0.39862380952381,0.703128108465608,1,1,0.39862380952381,0.39862380952381,1,1
"Voltage-gated T-type calcium channel alpha-1G subunit",0.564717063492064,0.631154365079365,0.967031834215168,0.332186507936508,0.564717063492064,1,0.332186507936508,0.944358786848073,0.967031834215168,0.944358786848073,1
"Melanocortin receptor 3",0.21592123015873,0.981795679012346,0.797247619047619,1,0.21592123015873,0.631154365079365,0.43184246031746,0.21592123015873,0.21592123015873,0.981795679012346,1
"Dipeptidyl peptidase VIII",1,1,1,0.902440013227513,0,0.282358531746032,0.902440013227513,0.902440013227513,1,1,0.902440013227513
"Lymphocyte differentiation antigen CD38",1,1,1,1,1,1,1,1,1,1,1
"Proteasome Macropain subunit MB1",0.764028968253968,1,0.863684920634921,0.863684920634921,1,1,1,1,1,0.730810317460317,1
"Apoptosis regulator Bcl-W",0,1,1,1,0.0166093253968254,1,0.365405158730159,0.249139880952381,1,1,0.0885830687830688
"Aldo-keto-reductase family 1 member C3",1,1,1,1,1,1,1,1,1,1,1
"Fibroblast activation protein alpha",0.705896329365079,0.963340873015873,0.531498412698413,0.963340873015873,0,0.083046626984127,0.963340873015873,0.0110728835978836,0.0110728835978836,0.149483928571429,0.149483928571429
"Indoleamine 2,3-dioxygenase",1,1,1,0.664373015873016,0.664373015873016,0.791711177248677,0.944358786848073,0.664373015873016,0.664373015873016,1,0.664373015873016
"Malonyl-CoA decarboxylase",0,1,0.442915343915344,1,0.21592123015873,1,1,0.871989583333333,1,0.874757804232804,0.874757804232804
"Isoprenylcysteine carboxyl methyltransferase",1,1,1,0.772333630952381,0.249139880952381,1,1,0.298967857142857,1,1,0.249139880952381
"Serine/threonine-protein kinase Aurora-A",0.561026102292769,0.993539646464647,0.0498279761904762,0.141179265873016,0.484992301587302,0.141179265873016,0.754063373015873,0.561026102292769,0,0.561026102292769,0.548107738095238
"C3a anaphylatoxin chemotactic receptor",1,1,1,0.780638293650794,1,0.780638293650794,1,1,1,1,1
"Vesicular acetylcholine transporter",0.797247619047619,1,0.418555,0.797247619047619,0,0.055364417989418,1,0.0498279761904762,0.418555,1,0.90936056547619
"Geranylgeranyl pyrophosphate synthetase",0.232530555555556,1,1,1,0.232530555555556,1,1,1,1,1,1
"Neuropeptide Y receptor type 1",1,1,1,1,1,1,1,1,1,1,1
"Carbonic anhydrase VA",0.409696693121693,1,1,0.710879126984127,0.514889087301587,1,1,1,0.409696693121693,0.0996559523809524,1
"Endothelin-converting enzyme 1",0.249139880952381,1,1,1,0.0996559523809524,1,1,0.564717063492063,1,1,0.722505654761905
"Orexin receptor 2",1,1,1,1,1,1,1,1,1,1,1
"Dipeptidyl peptidase IX",1,1,1,0.564717063492064,0.509352645502645,0.348795833333333,1,1,0,0.810535079365079,1
"Vanilloid receptor",0.420769576719577,1,0.440147123015873,1,0.82382253968254,1,1,1,0.420769576719577,0.420769576719577,1
"Caspase-1",1,1,1,1,1,1,1,1,0.808320502645503,0.808320502645503,0.730810317460317
"Nitric-oxide synthase, endothelial",1,1,1,1,1,1,1,1,1,1,1
"Dual specificity phosphatase Cdc25B",0.979950198412698,1,0.979950198412698,0.979950198412698,1,0.979950198412698,0.979950198412698,0.979950198412698,0.298967857142857,1,0.979950198412698
"P2X purinoceptor 7",1,1,0.315577182539683,0.315577182539683,0.298967857142857,0.593190192743764,0.315577182539683,0.315577182539683,0.315577182539683,1,1
"Serine/threonine-protein kinase AKT3",0.423537797619048,0.564717063492063,1,1,0.564717063492063,0.56886939484127,0.423537797619048,1,0.423537797619048,0.298967857142857,0.564717063492063
"Beta-secretase 1",0.797247619047619,0.797247619047619,1,1,0.797247619047619,1,0.797247619047619,1,0.797247619047619,0.764028968253968,0.797247619047619
"Acetyl-CoA carboxylase 2",0.544785873015873,1,1,1,0.52319375,0.52319375,1,0.647763690476191,1,0.52319375,0.43184246031746
"L-lactate dehydrogenase A chain",0.597935714285714,0.597935714285714,0.597935714285714,0.597935714285714,1,0.597935714285714,1,0.801399950396825,1,0.597935714285714,0.597935714285714
"C-X3-C chemokine receptor 1",0.867837251984127,0.867837251984127,0.960019007936508,0.232530555555556,0.867837251984127,0.960019007936508,0.867837251984127,1,0.867837251984127,0.867837251984127,0.867837251984127
"Eukaryotic translation initation factor",0.610392708333333,0.631154365079365,0.249139880952381,0.249139880952381,0.0664373015873016,0.0664373015873016,1,0.317949943310658,0,0.249139880952381,0.631154365079365
"Apoptosis regulator Bcl-2",0.792502097505669,0.647763690476191,1,1,0.792502097505669,0.564717063492064,0.564717063492064,1,0.792502097505669,0.647763690476191,1
"Cytochrome P450 1B1",0.780638293650794,1,0.857041190476191,1,0.298967857142857,1,1,1,0.857041190476191,1,0.857041190476191
"Tyrosine-protein kinase receptor UFO",0.116265277777778,0.52319375,0.978104717813051,0.116265277777778,0.978104717813051,0.978104717813051,1,0.978104717813051,1,0.52319375,0.697591666666667
"Neurotrophic tyrosine kinase receptor type 2",1,0.470597552910053,1,1,0.456756448412698,0.672677678571429,0.39862380952381,0.672677678571429,0.456756448412698,0.470597552910053,0.456756448412698
"Mitogen-activated protein kinase kinase kinase 8",0.327440986394558,0.327440986394558,0.327440986394558,0.327440986394558,0.804629541446208,0.327440986394558,0.327440986394558,0.656068353174603,1,1,0.327440986394558
"Low molecular weight phosphotyrosine protein phosphatase",1,1,0.573021726190476,1,0.573021726190476,0.531498412698413,1,1,0.573021726190476,1,1
"Casein kinase I epsilon",0.310040740740741,1,0.315577182539683,1,0.310040740740741,1,1,1,0.0996559523809524,1,1
"L-lactate dehydrogenase B chain",1,1,0.82572074829932,0.82572074829932,0.82572074829932,0.82572074829932,1,0.82572074829932,0.82572074829932,0.82572074829932,0.963340873015873
"S-methyl-5-thioadenosine phosphorylase",1,1,1,1,1,1,1,1,1,1,1
"Proto-oncogene c-JUN",0.959188541666667,0.714200992063492,0.959188541666667,0.656068353174603,0.714200992063492,0.514889087301587,1,1,0.514889087301587,1,0.597935714285714
"Sodium/glucose cotransporter 1",1,1,1,1,1,1,1,1,1,1,1
"Transketolase",1,1,1,1,1,1,1,1,1,1,1
"Serine/threonine-protein kinase RIPK2",0.770672698412698,1,0.770672698412698,0.996559523809524,0.770672698412698,0.813856944444445,0.813856944444445,0.813856944444445,0.249139880952381,0.249139880952381,1
"p53-binding protein Mdm-2",0.415233134920635,1,1,1,1,0.166093253968254,1,1,0.797247619047619,1,1
"Serine-protein kinase ATR",0.815702425044092,0.815702425044092,0.969984603174603,1,0.815702425044092,0.815702425044092,0.815702425044092,0.815702425044092,0.815702425044092,0.815702425044092,0.815702425044092
"ADAM10",1,1,1,1,1,1,1,1,1,1,1
"Endoplasmic reticulum aminopeptidase 2",1,1,1,0.232530555555556,1,0.752956084656085,1,1,0.0996559523809524,1,1
"G protein-coupled receptor 44",0.797247619047619,1,0.797247619047619,1,0.797247619047619,1,1,1,0.797247619047619,0.697591666666667,0.797247619047619
"Endothelial lipase",1,0.249139880952381,0.764028968253968,0.249139880952381,0.491636031746032,1,0.249139880952381,1,0.249139880952381,1,0.703128108465608
"Histone deacetylase 10",0.0664373015873016,0.43184246031746,0.605317636684303,0.878784307359307,0.552260069444445,0,0.504923492063492,0.525961970899471,0.777316428571429,0.552260069444445,0.0166093253968254
"GABA receptor alpha-5 subunit",0.0996559523809524,1,1,1,0.531498412698413,1,1,1,1,1,1
"Orexin receptor 1",0.757385238095238,1,1,1,1,0,0.757385238095238,0.819393386243386,0.083046626984127,1,0.757385238095238
"Discoidin domain-containing receptor 2",1,0.548107738095238,1,1,1,0.365405158730159,1,1,1,1,1
"Metabotropic glutamate receptor 2",1,1,1,1,1,1,1,1,0.332186507936508,1,1
"Cytochrome P450 26A1",1,1,1,1,1,0.664373015873016,1,1,1,1,1
"Serine/threonine-protein kinase B-raf",1,1,0.232530555555556,1,0.730810317460317,1,1,1,1,1,1
"Ephrin type-B receptor 4",1,1,1,1,1,0.0996559523809524,1,1,1,1,1
"Neuropilin-1",0.649609171075838,0.481670436507937,1,0.649609171075838,0.649609171075838,0.649609171075838,0.649609171075838,0.649609171075838,0.671016746031746,0.649609171075838,0.481670436507937
"dUTP pyrophosphatase",0.783960158730159,1,1,1,0.382014484126984,1,0.453988227513228,0.783960158730159,1,1,0.0996559523809524
"Serine/threonine-protein kinase ILK-1",0.876972380952381,0.902440013227513,1,0.287894973544974,1,0.199311904761905,1,1,0.287894973544974,0.876972380952381,1
"Tyrosine-protein kinase BTK",0.445129920634921,0.445129920634921,1,1,0.445129920634921,0.149483928571429,0.149483928571429,0.621663321995465,0.621663321995465,0.701743998015873,1
"Serine/threonine-protein kinase TNNI3K",0.597935714285714,1,1,1,0.83046626984127,0.83046626984127,0.83046626984127,1,1,0.83046626984127,1
"Cytochrome P450 2A6",0.936765952380952,1,1,0.199311904761905,1,0.874757804232804,1,1,0,0.936765952380952,1
"Mitogen-activated protein kinase kinase kinase 5",0.152805793650794,1,0.12180171957672,1,0.0664373015873016,0.12456994047619,1,0.12180171957672,1,1,1
"Tyrosine-protein kinase receptor TYRO3",1,1,1,1,0.232530555555556,0.182702579365079,1,0.323881845238095,0.182702579365079,1,1
"Epithelial discoidin domain-containing receptor 1",1,1,1,1,1,1,1,1,1,1,1
"Proto-oncogene tyrosine-protein kinase MER",1,1,1,1,1,0.332186507936508,1,1,1,1,1
"Baculoviral IAP repeat-containing protein 3",0.722505654761905,1,1,1,0.476133994708995,1,1,0.476133994708995,0.476133994708995,1,1
"Poly [ADP-ribose] polymerase 2",1,1,1,1,1,0.581326388888889,1,1,0.365405158730159,1,1
"P-selectin",1,1,1,0.415233134920635,1,0.841539153439153,1,1,0.415233134920635,1,1
"ATP-binding cassette sub-family G member 2",0.930122222222222,1,0.465061111111111,0.896903571428571,0.930122222222222,1,0.930122222222222,0.797247619047619,0.465061111111111,0.930122222222222,0.930122222222222
"Pituitary adenylate cyclase-activating polypeptide type I receptor",0.717522857142857,0.498279761904762,1,0.498279761904762,0.588444671201814,0.498279761904762,0.635306696428571,0.498279761904762,0.498279761904762,0.498279761904762,0.717522857142857
"Serine/threonine-protein kinase PIM3",1,1,1,1,1,1,1,1,1,1,1
"G-protein coupled bile acid receptor 1",1,0.639459027777778,1,1,0,1,1,0,1,0.757385238095238,0.232530555555556
"Metastin receptor",1,1,1,1,1,1,1,1,1,1,1
"Cell division cycle 7-related protein kinase",0.465061111111111,1,0.76956541005291,0.946731547619048,0.465061111111111,1,1,0.911140136054422,0.76956541005291,0.465061111111111,0.465061111111111
"Sodium channel protein type X alpha subunit",1,1,1,1,1,1,1,1,1,1,1
"Baculoviral IAP repeat-containing protein 2",0.498279761904762,0.498279761904762,1,1,0.536243934240363,0.498279761904762,0.498279761904762,0.992868562610229,0.0996559523809524,0.199311904761905,0.992868562610229
"Receptor-interacting serine/threonine-protein kinase 1",0.863684920634921,1,1,1,0.863684920634921,1,1,1,1,1,0.863684920634921
"Protein tyrosine kinase 2 beta",0.882139726631393,0.882139726631393,0.882139726631393,0.882139726631393,0.882139726631393,0.680982341269841,0.531498412698413,0.882139726631393,1,1,0.882139726631393
"Perforin-1",0.0332186507936508,1,0.896903571428571,0.896903571428571,1,1,1,1,1,1,1
"D-amino-acid oxidase",0.232530555555556,0.70866455026455,0.770672698412698,0.70866455026455,1,1,1,0.770672698412698,1,1,0.847075595238095
"Serine/threonine-protein kinase WEE1",0.465061111111111,0.896903571428571,0.981460137085137,0.525961970899471,0.465061111111111,0.981460137085137,0.981460137085137,0.465061111111111,0.778265532879819,0.166093253968254,0.465061111111111
"Histone acetyltransferase PCAF",0.597935714285714,1,1,1,1,1,1,1,1,1,1
"Secreted frizzled-related protein 1",0.506584424603175,1,0.506584424603175,0.669909457671958,0.506584424603175,0.0332186507936508,1,0.669909457671958,1,0.892158049886621,1
"Transient receptor potential cation channel subfamily V member 3",1,1,1,1,1,1,1,1,1,1,1
"Protein-arginine N-methyltransferase 1",0.182702579365079,0.581326388888889,0.764028968253968,0.69343933531746,0.581326388888889,0,0.69343933531746,0.581326388888889,0.764028968253968,0.581326388888889,0.818386760461761
"Nuclear factor NF-kappa-B p65 subunit",1,1,0.332186507936508,1,0.719737433862434,1,1,0.0996559523809524,1,1,0.930122222222222
"Dual specificity tyrosine-phosphorylation-regulated kinase 1B",0.92458578042328,0.813856944444445,0.988254861111111,1,0.265749206349206,1,0.988254861111111,0.92458578042328,0.92458578042328,0.92458578042328,1
"Acyl-CoA desaturase",0.398623809523809,0.514889087301587,0.43184246031746,0.398623809523809,0.514889087301587,1,0.514889087301587,0.398623809523809,0.398623809523809,0.398623809523809,0.398623809523809
"Proto-oncogene tyrosine-protein kinase ROS",1,0.531498412698413,1,0,0.531498412698413,0.538142142857143,0.531498412698413,1,1,1,1
"Lysyl-tRNA synthetase",1,1,1,1,1,1,1,1,1,1,1
"DNA-(apurinic or apyrimidinic site) lyase",0.348795833333333,0.892158049886621,1,0.0332186507936508,1,0.952267989417989,0.892158049886621,0.952267989417989,0.509352645502645,0.892158049886621,0.61454503968254
"Glucose-dependent insulinotropic receptor",0.514889087301587,0.514889087301587,0.971645535714286,0.971645535714286,1,1,0.606240376984127,1,0.89136712962963,0.89136712962963,0.606240376984127
"Prostaglandin E synthase",1,1,0.382014484126984,1,0.382014484126984,0,0.382014484126984,0.382014484126984,0.0498279761904762,1,0.616917800453515
"G protein-coupled receptor kinase 5",1,1,1,1,1,1,1,1,1,1,1
"Egl nine homolog 1",0.588444671201814,1,0.365405158730159,0.863684920634921,0.514889087301587,0.298967857142857,0.365405158730159,0.298967857142857,0.491636031746032,0.826313938492064,0.936765952380952
"Elongation of very long chain fatty acids protein 6",1,1,1,1,1,1,1,1,1,1,1
"Glucagon",1,1,1,1,1,1,1,1,1,1,1
"CREB-binding protein",1,1,0.132874603174603,1,0.0664373015873016,1,1,0.0664373015873016,1,0.672677678571429,1
"Mitogen-activated protein kinase kinase kinase 7",0.571360793650794,0.808320502645503,0.863684920634921,0.883616111111111,0.883616111111111,0.887843939393939,0.863684920634921,0.571360793650794,0.481670436507937,0.481670436507937,0.571360793650794
"Interferon-induced, double-stranded RNA-activated protein kinase",0.996559523809524,0.631154365079365,0.890259841269841,0.890259841269841,1,1,1,0.890259841269841,1,0.890259841269841,1
"Aldo-keto reductase family 1 member C2",1,0.304504298941799,0.925969890873016,0.969984603174603,0.182702579365079,0.304504298941799,0.941195105820106,0.182702579365079,0.304504298941799,0.925969890873016,0.304504298941799
"Trace amine-associated receptor 1",0.764028968253968,1,1,1,1,1,1,1,1,1,1
"Nuclear receptor ROR-alpha",0.813856944444445,1,0.970722795414462,0.481670436507937,0.0664373015873016,0.813856944444445,0.813856944444445,0.315577182539683,0.481670436507937,0.813856944444445,1
"Heat shock factor protein 1",1,1,0.863684920634921,1,0.199311904761905,1,1,0.287894973544974,0.780638293650794,1,0.287894973544974
"Hematopoietic prostaglandin D synthase",0.941195105820106,1,1,1,0.896903571428571,1,1,1,0.896903571428571,1,1
"Aldo-keto reductase family 1 member C1",0.749792403628118,1,0.559180621693122,0.305611587301587,0.0332186507936508,1,1,0.0332186507936508,0.199311904761905,0.15502037037037,1
"Bifunctional protein NCOAT",1,1,0.249139880952381,0.531498412698413,1,1,1,0.249139880952381,0.907976455026455,0.907976455026455,0.907976455026455
"LIM domain kinase 2",0.166093253968254,0.838770932539683,0.838770932539683,1,0.282358531746032,0.838770932539683,0.838770932539683,1,1,0.298967857142857,0.838770932539683
"Serine/threonine-protein kinase PLK2",0.182702579365079,0.806738662131519,1,0.806738662131519,0,0.992868562610229,0.992868562610229,0.43184246031746,0.806738662131519,1,0.806738662131519
"Neuropeptide FF receptor 1",0.991023082010582,1,1,0.714200992063492,0.991023082010582,0.996559523809524,0.996559523809524,1,0.714200992063492,0.991023082010582,0.991023082010582
"Neuropeptide FF receptor 2",1,0.702337188208617,0.664373015873016,1,0.702337188208617,0.0996559523809524,1,1,0.664373015873016,0.702337188208617,0.702337188208617
"IgG receptor FcRn large subunit p51",1,1,1,0.874757804232804,0.874757804232804,1,1,1,0.298967857142857,1,1
"Smoothened homolog",0,0.657729285714286,1,0.0996559523809524,1,0.473365773809524,1,1,1,0.332186507936508,1
"Aldo-keto reductase family 1 member B10",1,1,1,1,0.498279761904762,1,1,1,1,1,1
"Serine/threonine-protein kinase 33",1,1,1,1,1,0.764028968253968,1,1,1,1,1
"Transient receptor potential cation channel subfamily A member 1",1,1,1,1,1,1,1,1,0.531498412698413,0.581326388888889,1
"Diacylglycerol O-acyltransferase 1",1,0.797247619047619,1,0.797247619047619,0.0664373015873016,0.797247619047619,0.797247619047619,1,1,1,1
"Histone-lysine N-methyltransferase, H3 lysine-9 specific 3",0.0996559523809524,1,0.892751240079365,0.625617923280423,0.298967857142857,0.298967857142857,1,0.625617923280423,1,0.688100623582766,0
"Lysine-specific histone demethylase 1",1,0.221457671957672,1,0.221457671957672,1,1,1,1,0.221457671957672,0.249139880952381,0.870328650793651
"Alpha-synuclein",1,1,1,1,1,1,1,1,1,1,1
"Tankyrase-2",1,1,1,1,0.116265277777778,0.0332186507936508,1,1,1,0.509352645502645,1
"Tankyrase-1",1,1,1,1,1,0.232530555555556,1,0.166093253968254,0.166093253968254,0.0332186507936508,0.232530555555556
"Mitogen-activated protein kinase kinase kinase kinase 4",1,0.979950198412698,0.979950198412698,1,0.979950198412698,0.979950198412698,0.979950198412698,0.979950198412698,1,1,1
"Lysine-specific demethylase 4C",1,1,1,0.890259841269841,0.415233134920635,0,1,1,1,0.415233134920635,0.415233134920635
