"","EGFR","Hypoxia","JAK.STAT","MAPK","NFkB","PI3K","TGFb","TNFa","Trail","VEGF","p53"
"Arginase-1",0.41,0.372,0.421,0.007,0.023,0.105,0.34,0.08,0.035,0.017,0.179
"Leucine-rich repeat serine/threonine-protein kinase 2",0.322,0.207,0.404,0.159,0.002,0.252,0.306,0.047,0.065,0.085,0.254
"Tyrosyl-DNA phosphodiesterase 1",0.257,0.223,0.07,0.071,0.179,0.513,0.291,0.094,0.042,0.223,0.122
"Transitional endoplasmic reticulum ATPase",0.21,0.469,0.026,0.342,0.057,0.415,0.488,0.333,0.214,0.158,0.393
"Glucokinase regulatory protein",0.087,0.174,0.359,0.044,0.485,0.387,0.128,0.069,0.393,0.119,0.411
"Pyruvate kinase isozymes M1/M2",0.037,0.47,0.195,0.154,0.521,0.488,0.112,0.102,0.172,0.309,0.229
"Transient receptor potential cation channel subfamily M member 8",0.368,0.302,0.414,0.392,0.388,0.164,0.326,0.113,0.276,0.342,0.265
"G-protein coupled receptor 55",0.221,0.158,0,0.238,0.28,0.257,0.138,0.028,0.147,0.074,0.253
"Endoplasmin",0.427,0.079,0.031,0.331,0.076,0.234,0.199,0.081,0.051,0.373,0.122
"Serine/threonine-protein kinase/endoribonuclease IRE1",0.019,0.369,0.191,0.353,0.026,0.128,0.154,0.389,0.343,0.261,0.22
"NADPH oxidase 4",0.305,0.354,0.211,0.071,0.198,0.229,0.083,0.356,0.29,0.287,0.292
"Ketohexokinase",0.002,0.134,0,0.155,0.061,0.023,0.202,0.297,0.008,0.029,0.398
"Lethal(3)malignant brain tumor-like protein 1",0.527,0.269,0.088,0.129,0.152,0.201,0.143,0.098,0.121,0.105,0.248
"Microtubule-associated protein tau",0.28,0.06,0.074,0.32,0.109,0.536,0.535,0.034,0.139,0.228,0.421
"15-hydroxyprostaglandin dehydrogenase [NAD+]",0.308,0.034,0.494,0.07,0.561,0.443,0.065,0.252,0.381,0.036,0.066
"G-protein coupled receptor 35",0.369,0.207,0.387,0.429,0.295,0.504,0.519,0.19,0.346,0.139,0.18
"ATP-sensitive inward rectifier potassium channel 1",0.042,0.053,0.337,0.005,0.281,0.005,0.326,0.005,0.13,0.253,0.281
"Neuropeptides B/W receptor type 1",0.049,0.34,0.135,0.008,0.147,0.433,0.246,0.262,0.132,0.014,0.035
"Nuclear receptor ROR-gamma",0.052,0.198,0.599,0.263,0.624,0.341,0.232,0.082,0.082,0.52,0.022
"DNA topoisomerase I",0.426,0.344,0.297,0.044,0.081,0.342,0.106,0.043,0.065,0.249,0.139
"Farnesyl diphosphate synthase",0.02,0.021,0.086,0.147,0.204,0.394,0.054,0.001,0.329,0.325,0.224
"Glucagon-like peptide 1 receptor",0.267,0.186,0.065,0.129,0.01,0.114,0.278,0.177,0.377,0.016,0.026
"Endothelin receptor ET-B",0.111,0.512,0.256,0,0.103,0.189,0.4,0.267,0.003,0.237,0.437
"Steroid 5-alpha-reductase 1",0.248,0.09,0,0.251,0.274,0.555,0.094,0.063,0.505,0.03,0.546
"Vasopressin V2 receptor",0.001,0.057,0.127,0.243,0.17,0.021,0.038,0.052,0.004,0.272,0.381
"Somatostatin receptor 5",0.126,0.123,0.114,0.051,0.231,0.298,0.546,0.017,0.093,0.33,0.472
"Histone-lysine N-methyltransferase, H3 lysine-79 specific",0.427,0.22,0.304,0.415,0.301,0.399,0.016,0.103,0.193,0.024,0.376
"Bromodomain-containing protein 3",0.017,0.075,0.001,0.333,0.039,0.168,0.286,0.313,0.079,0.015,0.402
"Cysteinyl leukotriene receptor 1",0.09,0.174,0.508,0.066,0.286,0.276,0.409,0.108,0.074,0.036,0.386
"Plasminogen",0.102,0.463,0.499,0.216,0.432,0.064,0.131,0.384,0.027,0.187,0.187
"Leukocyte adhesion glycoprotein LFA-1 alpha",0.456,0.122,0.039,0.271,0.454,0.243,0.173,0.133,0.155,0.395,0.115
"Somatostatin receptor 2",0.447,0.129,0.046,0.111,0.136,0.148,0.045,0.003,0.109,0.154,0.002
"Muscarinic acetylcholine receptor M4",0.468,0.201,0.198,0.087,0.077,0.055,0.376,0.045,0.016,0.005,0.224
"Inosine-5'-monophosphate dehydrogenase 1",0.389,0.066,0.004,0.437,0.022,0.05,0.215,0.056,0.335,0.178,0.31
"Receptor protein-tyrosine kinase erbB-2",0.407,0.465,0.158,0.035,0.191,0.005,0.36,0.068,0.253,0.326,0.123
"TNF-alpha",0.067,0.413,0.284,0.326,0.522,0.253,0.368,0.392,0.011,0.279,0.197
"Phosphodiesterase 5A",0.377,0.238,0.309,0.203,0.058,0.087,0.409,0.151,0.161,0.031,0.34
"Serotonin 2b (5-HT2b) receptor",0.1,0.132,0.172,0.366,0.099,0.014,0.211,0.306,0.009,0.442,0.179
"Thromboxane-A synthase",0.046,0.162,0.002,0.414,0.093,0.377,0.355,0.013,0.004,0.198,0.09
"Prostanoid EP4 receptor",0.123,0.01,0.446,0.124,0.48,0.278,0.146,0.538,0.355,0.147,0.393
"Dopamine D5 receptor",0.243,0.138,0.001,0.01,0.036,0.581,0.071,0.45,0.071,0.136,0.095
"Somatostatin receptor 4",0.334,0.062,0.411,0.144,0.268,0.326,0.063,0.29,0.007,0.34,0.351
"Gonadotropin-releasing hormone receptor",0.132,0.368,0.166,0.173,0.433,0.403,0.232,0.325,0.207,0.341,0.375
"4-hydroxyphenylpyruvate dioxygenase",0.058,0.415,0.391,0.041,0.363,0.006,0.165,0.037,0.422,0.069,0.306
"Tyrosine-protein kinase ABL",0.011,0.521,0.133,0.042,0.18,0.176,0.475,0.03,0.053,0.054,0.381
"Vascular endothelial growth factor receptor 1",0.231,0.289,0.001,0.456,0.261,0.037,0.048,0.364,0.005,0.039,0.183
"Tissue-type plasminogen activator",0.301,0.248,0.014,0.169,0.241,0.207,0.199,0.101,0.039,0.442,0.362
"Calcium sensing receptor",0.263,0.346,0.492,0.173,0.267,0.444,0.208,0.206,0.307,0.188,0.157
"Neuronal acetylcholine receptor protein alpha-4 subunit",0.223,0.421,0.138,0.145,0.153,0.264,0.064,0.315,0.466,0.312,0.398
"Potassium channel, inwardly rectifying, subfamily J, member 11",0.137,0.326,0.381,0.002,0.153,0.348,0.401,0.258,0.435,0.054,0.419
"Vasopressin V1a receptor",0.151,0.179,0.183,0.297,0.135,0.102,0.253,0.353,0.371,0.327,0.3
"Glutamate carboxypeptidase II",0.021,0.218,0.018,0.002,0.239,0.431,0.303,0.337,0.281,0.259,0.097
"Serotonin 1b (5-HT1b) receptor",0.049,0.034,0.003,0.001,0.103,0.048,0.132,0.335,0.159,0.073,0.037
"Serotonin 3a (5-HT3a) receptor",0.327,0.265,0,0.276,0.439,0.262,0.259,0.09,0.279,0.512,0.197
"Aldose reductase",0.099,0.135,0.009,0.122,0.218,0.353,0.128,0.098,0.289,0.325,0.188
"Glutamate [NMDA] receptor subunit epsilon 2",0.168,0.023,0.094,0.093,0.004,0.213,0.242,0.003,0.09,0.412,0.3
"Serine/threonine-protein kinase RAF",0.467,0.424,0.085,0.016,0.092,0.457,0.295,0.345,0.426,0.522,0.538
"Aminopeptidase N",0.18,0.362,0.032,0.518,0.185,0.462,0.158,0.413,0.258,0.129,0.346
"Cytochrome P450 11B1",0.017,0.415,0.189,0.044,0.006,0.352,0.139,0.047,0.508,0.235,0.012
"Butyrylcholinesterase",0.338,0.029,0.451,0.102,0.546,0.621,0.607,0.175,0.517,0.028,0.023
"Alpha-2c adrenergic receptor",0.298,0.333,0.215,0.284,0.071,0.337,0.414,0.228,0.401,0.108,0.147
"Melatonin receptor 1A",0.047,0.281,0.008,0.007,0.062,0.076,0.384,0.07,0.108,0.047,0.161
"Melatonin receptor 1B",0.047,0.486,0.37,0.198,0.097,0.184,0.17,0.461,0.01,0.174,0.36
"Thyroid hormone receptor beta-1",0.017,0.433,0.256,0.392,0.243,0.039,0.37,0.073,0.433,0.508,0.472
"Cyclophilin A",0.466,0.048,0.41,0.004,0.01,0.297,0.443,0.203,0.065,0.051,0.098
"Thymidylate synthase",0.304,0.426,0.604,0.326,0.533,0.438,0.112,0.419,0.264,0.346,0.587
"Vascular endothelial growth factor receptor 3",0.215,0.256,0.007,0.081,0.406,0.062,0.411,0.04,0.439,0.114,0.073
"Insulin-like growth factor I receptor",0.025,0.2,0,0.233,0.313,0.136,0.16,0.026,0.194,0.155,0.365
"Epoxide hydrolase 1",0.225,0.443,0.07,0.16,0.22,0.228,0.361,0.107,0.342,0.08,0.214
"Tyrosine-protein kinase receptor FLT3",0.071,0.019,0,0.035,0.554,0.542,0.005,0.003,0.446,0.213,0.282
"Vitamin D receptor",0.451,0.218,0.059,0.381,0.011,0.377,0.158,0.072,0.192,0.406,0.178
"Cytochrome P450 19A1",0.476,0.088,0.146,0.171,0.229,0.44,0.372,0.425,0.214,0.278,0.294
"Insulin receptor",0.215,0.011,0.351,0.109,0.157,0.057,0.401,0.003,0.005,0.127,0.139
"Serotonin 1d (5-HT1d) receptor",0.248,0.114,0,0.317,0.101,0.477,0.255,0.042,0.096,0.038,0.114
"Inhibitor of nuclear factor kappa B kinase beta subunit",0.452,0.021,0.005,0.008,0,0.184,0.037,0.25,0,0.027,0.005
"Prostanoid IP receptor",0.147,0.027,0.462,0.309,0.063,0.393,0.339,0.191,0.315,0.269,0.307
"Equilibrative nucleoside transporter 1",0.021,0.021,0.003,0,0.011,0.336,0.058,0.454,0.014,0.029,0.065
"Purinergic receptor P2Y12",0.132,0.204,0,0.443,0.31,0.308,0.272,0.01,0.443,0.114,0.23
"Retinoic acid receptor gamma",0.004,0.014,0,0.082,0.147,0.43,0.011,0.003,0.539,0.017,0.158
"Platelet-derived growth factor receptor alpha",0.105,0.287,0.324,0.126,0.027,0.261,0.255,0.206,0.258,0.311,0.439
"Retinoic acid receptor beta",0.084,0.114,0.203,0.24,0.521,0.063,0.301,0.377,0.424,0.539,0.252
"Nociceptin receptor",0.014,0.297,0.137,0.073,0.011,0.068,0.28,0.056,0.012,0.071,0.158
"Dihydrofolate reductase",0.02,0.175,0.088,0.124,0.344,0.072,0.276,0.047,0.004,0.412,0.03
"Epidermal growth factor receptor erbB1",0.107,0.155,0.001,0.143,0.23,0.47,0.143,0.434,0.3,0.035,0.37
"Muscarinic acetylcholine receptor M5",0.024,0.033,0.036,0.019,0.391,0.568,0.096,0.069,0.324,0.115,0.023
"Peptidyl-prolyl cis-trans isomerase FKBP5",0.15,0.404,0.06,0.005,0.388,0.022,0.291,0.355,0.278,0.375,0.405
"Retinoic acid receptor alpha",0.27,0.078,0.196,0.166,0.18,0.393,0.455,0.35,0.224,0.212,0.113
"Estrogen receptor alpha",0.021,0.392,0.037,0.48,0.221,0.058,0.451,0.332,0.003,0.326,0.434
"Beta-2 adrenergic receptor",0.079,0.37,0.002,0.348,0.443,0.461,0.455,0.053,0.056,0.283,0.411
"Cyclin T1",0.05,0.357,0.027,0.187,0.458,0.339,0.161,0.436,0.481,0.381,0.172
"Muscarinic acetylcholine receptor M2",0.185,0.444,0.037,0.093,0.102,0.235,0.372,0.367,0.216,0.439,0.349
"Beta-1 adrenergic receptor",0.057,0.483,0.096,0.031,0.074,0.045,0.485,0.412,0.481,0.397,0.393
"Dopamine D2 receptor",0.134,0.429,0.265,0.031,0.386,0.049,0.233,0.114,0.02,0.154,0.215
"Beta-glucocerebrosidase",0.289,0.381,0.004,0.003,0,0.512,0.456,0,0.005,0.532,0.21
"Motilin receptor",0.082,0.296,0.023,0.267,0.196,0.142,0.339,0.116,0.22,0.133,0.143
"MAP kinase-activated protein kinase 2",0.361,0.389,0.126,0.158,0.3,0.3,0.063,0.433,0.055,0.218,0.221
"Cyclooxygenase-1",0.03,0.006,0.025,0.313,0.143,0.373,0.16,0,0.308,0.006,0.215
"Norepinephrine transporter",0.355,0.028,0.002,0.083,0.137,0.263,0.36,0.001,0.01,0.007,0.053
"Anandamide amidohydrolase",0.189,0.031,0.002,0.14,0.316,0.053,0.299,0.152,0.013,0.04,0.451
"Serotonin 2c (5-HT2c) receptor",0.297,0.018,0.269,0.181,0.261,0.411,0.152,0.002,0.304,0.46,0.214
"Dipeptidyl peptidase I",0.088,0.424,0.132,0.059,0.275,0.567,0.292,0.502,0.195,0.117,0.347
"Serotonin transporter",0.013,0.163,0.28,0.054,0.476,0.355,0.263,0.141,0.273,0.382,0.125
"Peroxisome proliferator-activated receptor alpha",0.054,0.122,0.084,0.256,0.038,0.44,0.415,0.096,0.423,0.171,0.065
"HERG",0.138,0.093,0,0.245,0.049,0.209,0.282,0.011,0.545,0.05,0.047
"Epoxide hydratase",0.462,0.159,0.069,0.219,0.061,0.264,0.5,0.374,0.339,0.277,0.059
"Phosphodiesterase 3A",0.336,0.15,0.001,0.246,0.362,0.261,0.141,0.052,0.369,0.387,0.263
"C-C chemokine receptor type 1",0.212,0.363,0.363,0.076,0.021,0.54,0.462,0.106,0.235,0.135,0.121
"C-C chemokine receptor type 4",0.071,0.353,0.294,0.243,0.101,0.333,0.089,0.006,0.063,0.139,0.318
"Estrogen receptor beta",0.116,0.189,0.482,0.355,0.507,0.496,0.442,0.135,0.17,0.431,0.361
"Glyoxalase I",0.405,0.222,0.358,0.398,0.329,0.259,0.337,0.119,0.202,0.109,0.389
"Myosin light chain kinase, smooth muscle",0.356,0.481,0.155,0.412,0.094,0.042,0.4,0.333,0.372,0.331,0.234
"Serine/threonine-protein kinase AKT2",0.039,0.249,0.142,0.013,0.196,0.012,0.362,0.469,0.135,0.296,0.207
"Interleukin-8 receptor B",0.009,0.019,0.001,0.001,0.003,0.177,0.324,0.336,0.119,0.012,0.023
"Myeloperoxidase",0.119,0.084,0.007,0.439,0.054,0.016,0.098,0.051,0.199,0.14,0.105
"Coagulation factor X",0.06,0.043,0.067,0.25,0.264,0.032,0.435,0.005,0.379,0.2,0.064
"Deoxycytidine kinase",0.457,0.412,0.414,0.453,0.116,0.075,0.011,0.451,0.201,0.114,0.199
"Muscarinic acetylcholine receptor M3",0.43,0.395,0.236,0.139,0.011,0.051,0.359,0.265,0.479,0.176,0.164
"Beta-3 adrenergic receptor",0.162,0.376,0.058,0.184,0.429,0.102,0.489,0.171,0.188,0.413,0.378
"Death-associated protein kinase 3",0.272,0.061,0.321,0.264,0.334,0.379,0.198,0.002,0.26,0.467,0.256
"Methionine aminopeptidase 1",0.279,0.486,0.182,0.304,0.187,0.189,0.053,0.097,0.064,0.06,0.264
"Leukocyte elastase",0.401,0.033,0.007,0.006,0.067,0.077,0.132,0.004,0.003,0.247,0.152
"Beta amyloid A4 protein",0.001,0.445,0.005,0.209,0.43,0,0.328,0.002,0.152,0.124,0.498
"Neurokinin 1 receptor",0.532,0.288,0.045,0.292,0.027,0.276,0.103,0.457,0.305,0.081,0.079
"Neuronal acetylcholine receptor protein alpha-7 subunit",0.093,0.448,0.325,0.045,0.042,0.099,0.078,0.258,0.272,0.325,0.269
"Adenosine A2a receptor",0.054,0.065,0.102,0.034,0.17,0.336,0.388,0.365,0.428,0.365,0.352
"Endothelin receptor ET-A",0.083,0.154,0.057,0.088,0.041,0.144,0.109,0.439,0.255,0.028,0.161
"Beta secretase 2",0.3,0.444,0.006,0.452,0.152,0.223,0.339,0.169,0.204,0.491,0.17
"Serine/threonine-protein kinase Chk2",0.111,0.214,0,0.387,0.011,0.19,0.011,0.36,0.093,0.046,0.03
"Cannabinoid CB2 receptor",0.405,0.142,0.006,0.429,0.003,0.207,0.533,0.169,0.1,0.244,0.31
"3-phosphoinositide dependent protein kinase-1",0.252,0.025,0.081,0.396,0.393,0.269,0.225,0.481,0.403,0.169,0.481
"Phospholipase D1",0.309,0.263,0.292,0.318,0.338,0.231,0.05,0.554,0.119,0.055,0.189
"Phosphodiesterase 4A",0.208,0.235,0.002,0.01,0.018,0.358,0.442,0.158,0.159,0.348,0.301
"Adenosine A2b receptor",0.084,0.068,0.369,0.178,0.538,0.093,0.393,0.378,0.247,0.04,0.48
"Carboxypeptidase B",0.425,0.106,0.145,0.317,0.195,0.103,0.115,0.359,0.045,0.189,0.054
"Adenosine A3 receptor",0.218,0.061,0.445,0.078,0.213,0.373,0.378,0.288,0.438,0.098,0.397
"Histone deacetylase 5",0.009,0.348,0.41,0.102,0.23,0.466,0.265,0.108,0.064,0.39,0.324
"Liver glycogen phosphorylase",0.279,0.27,0.012,0.017,0.025,0.478,0.122,0.075,0.023,0.005,0.293
"Tyrosine-protein kinase LCK",0.463,0.347,0.202,0.184,0.036,0.281,0.131,0.154,0.488,0.039,0.096
"Cathepsin D",0.057,0.119,0.076,0.018,0.428,0.169,0.05,0.005,0.166,0.038,0.021
"Melanocortin receptor 4",0.036,0.28,0,0.092,0.03,0.482,0.28,0.582,0.109,0.067,0.026
"Peptide N-myristoyltransferase 1",0.259,0.04,0.296,0,0.057,0.075,0.269,0.338,0.008,0.003,0.092
"Tyrosine-protein kinase SYK",0.228,0.105,0.334,0.13,0.003,0.485,0.214,0.025,0.417,0.175,0.136
"MAP kinase p38 alpha",0.062,0.06,0.356,0.297,0.327,0.549,0.289,0.484,0.225,0.044,0.283
"Carbonic anhydrase I",0.293,0.441,0.086,0.181,0.036,0.443,0.492,0.139,0.288,0.116,0.123
"Furin",0.339,0.068,0.304,0.082,0.188,0.292,0.55,0.274,0.002,0.024,0.188
"Tryptase beta-1",0.491,0.024,0.001,0.07,0.02,0.247,0.064,0.097,0,0.003,0.236
"Glycogen synthase kinase-3 beta",0.049,0.152,0.417,0.124,0.137,0.019,0.378,0.007,0.005,0.096,0.446
"Dual specificity protein phosphatase 3",0.324,0.109,0.006,0.383,0.004,0.125,0.072,0.201,0.209,0.026,0.138
"c-Jun N-terminal kinase 3",0.269,0.125,0.251,0.108,0.385,0.393,0.137,0.095,0.331,0.218,0.316
"Histamine H3 receptor",0.52,0.344,0.3,0.51,0.044,0.432,0.506,0.557,0.09,0.454,0.221
"Phosphodiesterase 2A",0.538,0.557,0.092,0.041,0.106,0.408,0.138,0.009,0.082,0.151,0.051
"Adenosylhomocysteinase",0.289,0.335,0.002,0.587,0.033,0.202,0.036,0.079,0,0.001,0.097
"Tyrosine-protein kinase SRC",0.212,0.289,0.084,0.016,0.074,0.059,0.186,0.008,0.145,0.063,0.289
"Cathepsin K",0.218,0.563,0.124,0.099,0.302,0.598,0.531,0.004,0.074,0.598,0.034
"Macrophage-stimulating protein receptor",0.224,0.529,0.358,0.013,0.078,0.313,0.204,0.137,0.118,0.521,0.424
"Cystinyl aminopeptidase",0.206,0.031,0.352,0.321,0.272,0.053,0.481,0,0.016,0.084,0.015
"Focal adhesion kinase 1",0.467,0.001,0.031,0.141,0.285,0.246,0.049,0,0.191,0.413,0.447
"Mitogen-activated protein kinase kinase kinase 11",0.256,0.197,0.298,0.408,0.375,0.113,0.323,0.095,0.026,0.083,0.381
"Histone deacetylase 7",0.044,0.015,0.034,0.082,0.161,0.225,0.06,0.035,0.059,0.157,0.031
"Phosphodiesterase 11A",0.129,0.063,0.109,0.02,0.019,0.47,0.269,0.008,0.317,0.097,0.026
"Cytochrome P450 11B2",0.079,0.412,0.132,0.409,0.224,0.172,0.279,0.051,0.294,0.292,0.064
"Protein-glutamine gamma-glutamyltransferase",0.478,0.532,0.266,0.143,0.058,0.169,0.437,0.257,0.009,0.293,0.365
"Phospholipase D2",0.199,0.202,0.392,0.024,0.181,0.156,0.444,0.466,0.342,0.315,0.459
"Metabotropic glutamate receptor 4",0.537,0.17,0.214,0.11,0.007,0.427,0.132,0.094,0.469,0.237,0.125
"C-C chemokine receptor type 5",0.122,0.352,0.084,0.355,0,0.134,0.345,0.003,0.259,0.041,0.128
"Fibroblast growth factor receptor 3",0.085,0.266,0.092,0.171,0.378,0.252,0.346,0.267,0.242,0.35,0.483
"Phosphodiesterase 4B",0.439,0.129,0.027,0.212,0.197,0.365,0.487,0.356,0.212,0.092,0.442
"Ileal bile acid transporter",0.051,0.062,0.136,0.011,0.089,0.193,0.322,0.056,0.005,0.001,0.008
"Integrin alpha-4",0.032,0.367,0.13,0.002,0.191,0.146,0.455,0.046,0.454,0.248,0.048
"Sodium/hydrogen exchanger 1",0.549,0.11,0.004,0.36,0.345,0.422,0.098,0.009,0.372,0.031,0.234
"Acyl coenzyme A:cholesterol acyltransferase 1",0.133,0.062,0.509,0.102,0.242,0.122,0.393,0.331,0.151,0.551,0.191
"Estradiol 17-beta-dehydrogenase 2",0.264,0.173,0.01,0.007,0.033,0.417,0.475,0.407,0.006,0.029,0.221
"Vascular endothelial growth factor receptor 2",0.122,0.465,0.038,0.243,0.042,0.395,0.228,0.08,0.095,0.039,0.388
"Matrix metalloproteinase 13",0.083,0.407,0.423,0.079,0.337,0.234,0.291,0.387,0.035,0.394,0.477
"Tyrosine-protein kinase ZAP-70",0.071,0.06,0.001,0.039,0.396,0.331,0.207,0.102,0.077,0.209,0.2
"LXR-alpha",0.345,0.042,0.004,0.284,0.039,0.504,0.04,0.006,0.514,0.003,0.117
"Protein-glutamine gamma-glutamyltransferase K",0.556,0.391,0,0.273,0.001,0.242,0.377,0.569,0.162,0.152,0.21
"Nerve growth factor receptor Trk-A",0.367,0.338,0.002,0.054,0.209,0.336,0.335,0.063,0.223,0.137,0.316
"Coagulation factor XI",0.287,0.123,0.001,0.106,0.345,0.319,0.444,0.171,0.056,0.088,0.238
"Casein kinase I delta",0.301,0.365,0.453,0.317,0.533,0.201,0.138,0.255,0.284,0.127,0.163
"Matrix metalloproteinase 3",0.393,0.428,0.003,0.045,0.034,0.295,0.505,0.346,0.463,0.213,0.46
"Tyrosine-protein kinase JAK1",0.054,0.195,0.002,0.031,0.097,0.226,0.226,0.449,0.048,0.012,0.297
"Dipeptidyl peptidase IV",0.292,0.103,0.007,0.528,0.005,0.315,0.203,0.387,0.115,0.091,0.289
"Serine/threonine-protein kinase mTOR",0.465,0.086,0.051,0.295,0.069,0.011,0.486,0.012,0.488,0.531,0.256
"Glycogen synthase kinase-3 alpha",0.16,0.524,0.098,0.206,0.065,0.514,0.075,0.307,0.331,0.387,0.299
"Renin",0.342,0.052,0.334,0.208,0.378,0.138,0.068,0.171,0.218,0.195,0.208
"Sigma opioid receptor",0.069,0.008,0,0.023,0.03,0.207,0.15,0.1,0.018,0.246,0.382
"Mitogen-activated protein kinase kinase kinase 9",0.252,0.098,0.003,0.174,0.156,0.505,0.398,0.009,0.244,0.064,0.058
"Phosphodiesterase 4D",0.182,0.258,0.103,0.426,0.419,0.395,0.249,0.263,0.411,0.02,0.05
"Carbonic anhydrase III",0.436,0.457,0.002,0.008,0.137,0.336,0.051,0.044,0.401,0.097,0.238
"Hematopoietic cell protein-tyrosine phosphatase 70Z-PEP",0.183,0.073,0.228,0.114,0.17,0.505,0.393,0.153,0.164,0.504,0.322
"Phosphodiesterase 3B",0.199,0.39,0.014,0.329,0,0.277,0.246,0.389,0.119,0.551,0.238
"Arachidonate 15-lipoxygenase",0.16,0.21,0.039,0.419,0.034,0.132,0.335,0.024,0.042,0.425,0.477
"Phosphodiesterase 4C",0.396,0.457,0.195,0.139,0.042,0.445,0.447,0.008,0.217,0.176,0.018
"Telomerase reverse transcriptase",0.145,0.347,0.059,0.078,0.5,0.431,0.448,0.028,0.226,0.44,0.257
"Protein kinase C gamma",0.4,0.19,0.013,0.208,0.237,0.121,0.179,0.013,0.322,0.062,0.308
"Cathepsin S",0.345,0.242,0.001,0.13,0.173,0.011,0.4,0.43,0.01,0.373,0.148
"Sphingosine 1-phosphate receptor Edg-5",0.217,0.416,0.022,0.331,0.386,0.439,0.435,0.091,0.14,0.402,0.307
"Tyrosine-protein kinase ITK/TSK",0.188,0.018,0.068,0.009,0.147,0.255,0.077,0.423,0.584,0.158,0.167
"Dual specificity mitogen-activated protein kinase kinase 2",0.211,0.429,0.092,0.282,0.368,0.25,0.482,0.057,0.451,0.439,0.392
"Tyrosine-protein kinase JAK2",0.016,0.123,0.458,0.222,0.01,0.294,0.165,0.068,0.172,0.22,0.009
"Rho-associated protein kinase 2",0.441,0.077,0.04,0.434,0.032,0.419,0.258,0.45,0.269,0.185,0.171
"Cholecystokinin B receptor",0.371,0.468,0,0.118,0.004,0.15,0.29,0.173,0.003,0.077,0.123
"Protein kinase C alpha",0.154,0.078,0,0.18,0.038,0.313,0.383,0.12,0.212,0.009,0.02
"Protein kinase C delta",0.306,0.416,0.006,0.5,0.21,0.493,0.38,0.045,0.43,0.32,0.14
"P2X purinoceptor 3",0.054,0.006,0,0.208,0.401,0.402,0.19,0,0.011,0.007,0.017
"Multidrug resistance-associated protein 1",0.041,0.448,0.027,0.376,0.09,0.157,0.318,0.05,0.017,0.282,0.077
"Receptor protein-tyrosine kinase erbB-4",0.332,0.027,0.24,0.075,0.418,0.211,0.059,0.087,0.324,0.034,0
"Cyclin-dependent kinase 2",0.204,0.261,0.108,0.015,0.085,0.264,0.399,0.268,0.53,0.31,0.098
"Phosphodiesterase 7A",0.071,0.375,0.111,0.334,0.53,0.134,0.172,0.395,0.446,0.398,0.244
"Matriptase",0.135,0.109,0.108,0.351,0.061,0.403,0.335,0.091,0.098,0.003,0.443
"Sphingosine kinase 2",0.02,0.073,0.01,0.215,0.264,0.243,0.178,0.532,0.391,0.039,0.036
"Serine/threonine-protein kinase PLK1",0.238,0.096,0.19,0.049,0.002,0.264,0.131,0.209,0.135,0.01,0.04
"Carbonic anhydrase VI",0.004,0.431,0.076,0.123,0.076,0.412,0.006,0.243,0.31,0.115,0.267
"Protein kinase C beta",0.212,0.557,0.288,0.226,0.132,0.273,0.497,0.388,0.223,0.578,0.301
"Cyclin-dependent kinase 7",0.017,0.174,0.15,0.34,0.102,0.174,0.207,0.099,0.028,0.017,0.372
"Glycine transporter 2",0.331,0.209,0.003,0.091,0.378,0.407,0.221,0.076,0.129,0.307,0.532
"Cyclin-dependent kinase 1",0.02,0.038,0.008,0.121,0.07,0.257,0.01,0.005,0.184,0.392,0.286
"Excitatory amino acid transporter 1",0.03,0.032,0.294,0.021,0.071,0.426,0.183,0.079,0.31,0.046,0.31
"Plasma retinol-binding protein",0.401,0.199,0.003,0.015,0.035,0.075,0.329,0.145,0.005,0.495,0.303
"Poly [ADP-ribose] polymerase-1",0.212,0.292,0.125,0.302,0.285,0.143,0.242,0.409,0.326,0.373,0.515
"Thymidine phosphorylase",0.247,0.09,0.448,0.3,0.159,0.163,0.215,0.499,0.488,0.03,0.002
"Cyclin-dependent kinase 9",0.129,0.372,0.074,0.106,0.111,0.424,0.157,0.27,0.09,0.398,0.074
"PI3-kinase p110-delta subunit",0.224,0.421,0.013,0.131,0.269,0.507,0.201,0.308,0.29,0.012,0.144
"DNA-dependent protein kinase",0.315,0.005,0.023,0.029,0.292,0.475,0.023,0.018,0.127,0.008,0.062
"PI3-kinase p110-beta subunit",0.411,0.405,0,0.408,0.03,0.245,0.251,0.03,0.019,0.367,0.068
"Serotonin 7 (5-HT7) receptor",0.443,0.361,0.396,0.249,0.394,0.163,0.257,0.051,0.201,0.276,0.111
"Bradykinin B2 receptor",0.078,0.318,0.009,0.353,0.102,0.109,0.233,0.264,0.342,0.314,0.295
"Protein-tyrosine phosphatase 1C",0.532,0.225,0.003,0.448,0.059,0.17,0.024,0.107,0.215,0.439,0.387
"Carboxylesterase 2",0.001,0.274,0.102,0.04,0.078,0.016,0.305,0.003,0.031,0.314,0.373
"Estradiol 17-beta-dehydrogenase 1",0.031,0.434,0.065,0.017,0.192,0.194,0.292,0.094,0.203,0.214,0.179
"Histone deacetylase 8",0.114,0.073,0.373,0.25,0.185,0.403,0.062,0.223,0.388,0.039,0.165
"Prolyl endopeptidase",0.224,0.079,0.363,0.345,0.115,0.433,0.09,0.362,0.424,0.006,0.011
"Matrix metalloproteinase 9",0.048,0.204,0.051,0.024,0.103,0.317,0.164,0.027,0.464,0.343,0.411
"CD22",0.398,0.209,0.042,0.29,0.054,0.16,0.121,0.002,0.238,0.319,0.233
"Metabotropic glutamate receptor 5",0.149,0.436,0.014,0.222,0.01,0.214,0.167,0.02,0.004,0.265,0.132
"Sphingosine 1-phosphate receptor Edg-6",0.049,0.19,0.411,0.284,0.234,0.45,0.259,0.318,0.057,0.272,0.146
"Rho-associated protein kinase 1",0.264,0.42,0.099,0.296,0.193,0.373,0.142,0.347,0.505,0.035,0.095
"Tyrosine-protein kinase HCK",0.074,0.227,0.101,0.094,0.093,0.174,0.384,0.062,0.284,0.315,0.388
"Carbonic anhydrase XII",0.287,0.521,0.021,0.537,0.301,0.534,0.403,0.14,0.377,0.217,0.143
"Histone deacetylase 1",0.034,0.399,0.488,0.089,0.392,0.007,0.406,0.016,0.097,0.027,0.194
"Lysophosphatidic acid receptor Edg-7",0.361,0.13,0.085,0.07,0.225,0.411,0.527,0.239,0.194,0.152,0.383
"PI3-kinase p110-gamma subunit",0.329,0.272,0.235,0.041,0.23,0.26,0.539,0.149,0.067,0.419,0.254
"PI4-kinase beta subunit",0.061,0.078,0.075,0.033,0.053,0.543,0.129,0.032,0.155,0.014,0.082
"Cathepsin L2",0.111,0.447,0.283,0.083,0.067,0.463,0.189,0.001,0.383,0.418,0.272
"Urokinase-type plasminogen activator",0.046,0.462,0.205,0.218,0.408,0.429,0.328,0.313,0.368,0.25,0.17
"Testis-specific androgen-binding protein",0.331,0.444,0.308,0.436,0.381,0.319,0.259,0.078,0.26,0.182,0.344
"Caspase-6",0.456,0.019,0.15,0.291,0.016,0.161,0.205,0,0.076,0.336,0.226
"Cyclin-dependent kinase 4",0.517,0.279,0.365,0.007,0.459,0.296,0.065,0.41,0.15,0.328,0.467
"Histone deacetylase 11",0.108,0.282,0.337,0.311,0.506,0.529,0.517,0.222,0.028,0.428,0.395
"Sodium-dependent proline transporter",0.316,0.223,0.073,0.058,0.001,0.343,0.078,0.007,0.05,0.087,0.266
"Matrix metalloproteinase-1",0.042,0.015,0.135,0.338,0.384,0.217,0.452,0.142,0.049,0.51,0.045
"Matrix metalloproteinase-2",0.338,0.125,0.004,0.003,0.01,0.016,0.288,0.008,0.054,0.158,0.165
"Protein-tyrosine phosphatase 1B",0.039,0.262,0.345,0.147,0.025,0.015,0.131,0.124,0.029,0.175,0.153
"Acetyl-CoA carboxylase 1",0.085,0.355,0.218,0.051,0.406,0.105,0.02,0.169,0.144,0.005,0.005
"Serotonin 6 (5-HT6) receptor",0.229,0.424,0.07,0.297,0.012,0.443,0.212,0.033,0.034,0.061,0.382
"MAP kinase ERK1",0.417,0.429,0.372,0.22,0.039,0.09,0.156,0.306,0.234,0.47,0.132
"Cytochrome P450 2C9",0.125,0.172,0.1,0.213,0,0.395,0.292,0.007,0.003,0.286,0.295
"Probable G-protein coupled receptor 88",0.03,0.277,0.008,0.207,0.332,0.204,0.187,0.324,0.466,0.296,0.283
"Cytochrome P450 3A4",0.234,0.458,0.065,0.017,0.094,0.196,0.339,0.013,0.005,0.012,0.544
"Pregnane X receptor",0.396,0.01,0.004,0.349,0.096,0.066,0.082,0.253,0.096,0.173,0.501
"Carboxypeptidase B2 isoform A",0.198,0.006,0.222,0,0.097,0.201,0.108,0.312,0.099,0.056,0.217
"Serotonin 5a (5-HT5a) receptor",0.338,0.27,0.365,0.046,0.094,0.06,0.476,0.012,0.012,0.431,0.42
"Estrogen-related receptor alpha",0.154,0.104,0.439,0.439,0.251,0.026,0.402,0.482,0.218,0.323,0.05
"Amine oxidase, copper containing",0.027,0.396,0.054,0.427,0.453,0.091,0.155,0.026,0.079,0.466,0.122
"Protein kinase C zeta",0.008,0.498,0.163,0.004,0.061,0.436,0.316,0.103,0.285,0.121,0.085
"Melanin-concentrating hormone receptor 1",0.297,0.021,0.365,0.43,0.088,0.481,0.403,0.03,0.333,0.188,0.089
"Caspase-7",0.017,0.302,0.319,0.04,0.055,0.312,0.241,0.013,0.32,0.396,0.279
"C-C chemokine receptor type 3",0.078,0.119,0.039,0.398,0.192,0.259,0.059,0.209,0.213,0.565,0.058
"Phospholipase A2 group IIA",0.375,0.053,0.032,0.089,0.314,0.097,0.135,0.257,0.301,0.015,0.144
"Plasminogen activator inhibitor-1",0.141,0.411,0.241,0.052,0.131,0.41,0.236,0.018,0.153,0.443,0.422
"Inhibitor of nuclear factor kappa B kinase alpha subunit",0.099,0.312,0.07,0.214,0.334,0.299,0.204,0.035,0.104,0.044,0.141
"Proteasome Macropain subunit",0.324,0.122,0.484,0.279,0.481,0.385,0.312,0.055,0.153,0.082,0.083
"Carbonic anhydrase XIV",0.251,0.281,0.116,0.022,0.069,0.256,0.23,0.004,0.242,0.072,0.104
"LDL-associated phospholipase A2",0.104,0.257,0.464,0.248,0.042,0.095,0.273,0.011,0.422,0.058,0.274
"Cytochrome P450 17A1",0.005,0.468,0.332,0.04,0.432,0.438,0.21,0.037,0.132,0.357,0.007
"Histone deacetylase 4",0.396,0.152,0.116,0.027,0.035,0.076,0.396,0.172,0.001,0.448,0.452
"Inhibitor of nuclear factor kappa B kinase epsilon subunit",0.228,0.104,0.005,0.222,0.437,0.044,0.453,0.372,0.295,0.031,0.231
"Phosphodiesterase 9A",0.313,0.227,0.444,0.118,0.291,0.473,0.201,0.098,0.277,0.328,0.469
"Tyrosine-protein kinase TYK2",0.118,0.195,0.431,0.45,0.086,0.466,0.265,0.476,0.345,0.527,0.134
"Steryl-sulfatase",0.053,0.463,0.002,0.185,0.098,0.23,0.333,0.021,0.018,0.069,0.112
"Nitric-oxide synthase, brain",0.061,0.259,0.094,0.031,0.205,0.151,0.126,0.14,0.181,0.306,0.171
"Cholesteryl ester transfer protein",0.022,0.133,0.007,0.115,0.319,0.184,0.241,0.004,0.417,0.457,0.123
"Protein kinase C epsilon",0.144,0.041,0.31,0.037,0.492,0.334,0.079,0.295,0.24,0.281,0.412
"Dual specificity mitogen-activated protein kinase kinase 1",0.238,0.259,0.024,0.419,0.048,0.286,0.345,0.174,0.444,0.044,0.471
"Adenosine kinase",0.035,0.071,0.012,0.29,0.001,0.391,0.115,0,0.008,0.237,0.44
"Hormone sensitive lipase",0.251,0.165,0.063,0.336,0.265,0.227,0.213,0.104,0.135,0.027,0.058
"Carbonic anhydrase IX",0.145,0.479,0.005,0.055,0.339,0.131,0.308,0.154,0.051,0.056,0.399
"Protein kinase C eta",0.402,0.214,0.01,0.362,0.139,0.051,0.311,0.31,0.332,0.078,0.078
"Cytochrome P450 2C19",0.465,0.137,0.003,0.056,0.14,0.222,0.249,0.007,0.074,0.026,0.308
"Quinone reductase 1)",0.029,0.108,0.293,0.099,0.113,0.548,0.184,0.003,0.068,0.49,0.204
"Casein kinase II alpha",0.347,0.502,0.05,0.08,0.314,0.158,0.067,0.069,0.259,0.371,0.202
"Opioid growth factor receptor-like protein 1",0.032,0.029,0.003,0.356,0.362,0.184,0.194,0.455,0.014,0.036,0.109
"Kininogen-1",0.153,0.049,0.009,0.07,0.419,0.192,0.072,0.019,0.182,0.028,0.325
"Acetyl-coenzyme A transporter 1",0.192,0.023,0.003,0.02,0.235,0.138,0.464,0.023,0.24,0.027,0.374
"Fibroblast growth factor receptor 1",0.246,0.469,0.011,0.516,0.065,0.068,0.328,0.155,0.053,0.214,0.333
"PI4-kinase alpha subunit",0.163,0.009,0,0.192,0.02,0.154,0.223,0.279,0.007,0,0.068
"Arachidonate 12-lipoxygenase",0.115,0.413,0.431,0.152,0.126,0.248,0.142,0.015,0.049,0.439,0.378
"Autotaxin",0.211,0.091,0.198,0.134,0.453,0.126,0.163,0.363,0.028,0.043,0.105
"ADAM17",0.355,0.176,0.077,0.109,0.226,0.056,0.319,0.326,0.029,0.103,0.319
"Prostanoid EP3 receptor",0.312,0.422,0.017,0.153,0.5,0.085,0.266,0.171,0.09,0.134,0.151
"Hepatocyte growth factor receptor",0.419,0.225,0.189,0.197,0.115,0.259,0.489,0.008,0.123,0.31,0.284
"Carbonic anhydrase IV",0.113,0.242,0.001,0.301,0.139,0.03,0.24,0.494,0.008,0.606,0.19
"11-beta-hydroxysteroid dehydrogenase 2",0.041,0.314,0.388,0.101,0.07,0.038,0.164,0.443,0.437,0.481,0.262
"Histamine H4 receptor",0.017,0.408,0.048,0.29,0.25,0.432,0.391,0.17,0.389,0.327,0.014
"Beta-glucosidase",0.232,0.114,0.004,0.018,0.001,0.119,0.071,0.143,0.053,0.243,0.45
"Urotensin II receptor",0.037,0.286,0.236,0.044,0.259,0.373,0.083,0.385,0.337,0.117,0.429
"Metabotropic glutamate receptor 1",0.144,0.208,0.241,0.11,0.413,0.419,0.227,0.225,0.419,0.383,0.269
"Dual specificity phosphatase Cdc25A",0.123,0.312,0.105,0.372,0.207,0.378,0.122,0.333,0.238,0.376,0.106
"Caspase-8",0.136,0.332,0.06,0.424,0.034,0.1,0.294,0.12,0.406,0.487,0.218
"Interleukin-1 receptor-associated kinase 4",0.57,0.275,0.034,0,0.087,0.146,0.241,0,0.019,0.597,0.257
"Histone acetyltransferase p300",0.348,0.338,0.363,0.419,0.014,0.208,0.455,0.475,0.14,0.276,0.386
"Hydroxycarboxylic acid receptor 2",0.114,0.319,0.162,0.009,0.04,0.552,0.149,0.017,0.063,0.019,0.092
"Serine/threonine-protein kinase PLK4",0.256,0.509,0.203,0.466,0.338,0.374,0.456,0.308,0.361,0.036,0.245
"Melanocortin receptor 1",0.396,0.256,0.193,0.243,0.137,0.41,0.006,0.022,0.073,0.054,0.374
"Calcitonin gene-related peptide type 1 receptor",0.384,0.563,0.546,0.328,0.447,0.408,0.557,0.394,0.458,0.397,0.269
"T-cell protein-tyrosine phosphatase",0.385,0.009,0.079,0.042,0.301,0.318,0.064,0.001,0.463,0.024,0.158
"Cytosolic phospholipase A2",0.344,0.443,0.217,0.355,0.437,0.319,0.031,0.444,0.372,0.466,0.191
"Hexokinase type IV",0.279,0.272,0.107,0.521,0.498,0.096,0.399,0.486,0.28,0.46,0.347
"Serine/threonine-protein kinase NEK2",0.111,0.08,0.05,0.143,0.325,0.273,0.359,0.132,0.165,0.292,0.201
"LIM domain kinase 1",0.448,0.346,0.306,0.381,0.499,0.092,0.348,0.139,0.182,0.296,0.108
"Cathepsin L",0.275,0.34,0.025,0.021,0.323,0.196,0.171,0.337,0.25,0,0.064
"Protein kinase C mu",0.546,0.211,0.169,0.014,0.214,0.239,0.379,0.007,0.002,0.252,0.021
"Protein-tyrosine phosphatase 2C",0.142,0.094,0.071,0.212,0.044,0.305,0.414,0.433,0.152,0.423,0.075
"Matrix metalloproteinase 14",0.169,0.374,0.255,0.1,0.128,0.082,0.241,0.084,0.448,0.179,0.269
"Heat shock protein HSP 90-alpha",0.285,0.266,0.285,0.385,0.043,0.361,0.431,0.043,0.018,0.148,0.272
"Sodium/glucose cotransporter 2",0.059,0.031,0.259,0.5,0.041,0.311,0.266,0.062,0.04,0.118,0.047
"Calpain 1",0.392,0.072,0.168,0.186,0.264,0.358,0.416,0.11,0.443,0.359,0.114
"Sphingosine 1-phosphate receptor Edg-3",0.385,0.079,0.004,0.308,0.353,0.362,0.25,0.296,0.521,0.385,0.21
"Bone morphogenetic protein 1",0.036,0.075,0.43,0.13,0.073,0.341,0.081,0.002,0.138,0.34,0.038
"Glutathione S-transferase Pi",0.382,0.219,0,0.03,0.191,0.469,0.168,0.001,0.289,0.347,0.182
"Tyrosine-protein kinase Lyn",0.277,0.04,0.084,0.498,0.348,0.074,0.192,0.031,0.213,0.19,0.066
"Ribosomal protein S6 kinase alpha 2",0.364,0.147,0.308,0.466,0.399,0.188,0.024,0.11,0.034,0.445,0.383
"Carbonic anhydrase XIII",0.249,0.311,0.025,0.339,0.509,0.374,0.084,0.015,0.385,0.389,0.319
"Complement C1s",0.036,0.373,0.072,0.003,0.372,0.074,0.397,0.139,0.148,0.2,0.21
"Protein kinase C theta",0.07,0.313,0.372,0.344,0.056,0.233,0.414,0.136,0.016,0.255,0.257
"Heparanase",0.026,0.075,0.108,0.022,0.229,0.299,0.442,0.052,0.397,0.461,0.245
"Methionine aminopeptidase 2",0.019,0.405,0.535,0.113,0.114,0.279,0.407,0.085,0.041,0.043,0.172
"Serine/threonine-protein kinase Aurora-C",0.392,0.248,0.435,0.282,0.122,0.12,0.463,0.329,0.029,0.278,0.19
"Quinone reductase 2",0,0.52,0.188,0.04,0.266,0.004,0.182,0.061,0.016,0.33,0.176
"MAP kinase p38 beta",0.429,0.064,0.005,0.138,0.127,0.216,0.064,0.271,0.057,0.007,0.381
"Carbonic anhydrase VB",0.359,0.479,0.424,0.12,0.359,0.168,0.28,0.13,0.087,0.371,0.13
"GAR transformylase",0.259,0.253,0.139,0.524,0.041,0.374,0.062,0.117,0.184,0.258,0.279
"Proteinase-activated receptor 1",0.252,0.265,0.108,0.019,0.047,0.033,0.099,0.009,0,0.469,0.332
"Fructose-1,6-bisphosphatase",0.343,0.164,0.385,0.046,0.112,0.04,0.139,0.061,0.016,0.439,0.021
"Dipeptidyl peptidase II",0.26,0.128,0.006,0.071,0.117,0.038,0.168,0.256,0.114,0.399,0.331
"Peroxisome proliferator-activated receptor delta",0.129,0.276,0.125,0.051,0.016,0.055,0.131,0.326,0.614,0.356,0.047
"Serine/threonine-protein kinase 10",0.462,0.287,0.034,0.239,0.047,0.409,0.285,0.157,0.257,0.326,0.205
"Dual specificity protein kinase TTK",0.143,0.257,0.037,0.16,0.532,0.353,0.267,0.172,0.017,0.369,0.451
"Coagulation factor VII",0.254,0.157,0.122,0.069,0.51,0.235,0.189,0.389,0.005,0.109,0.369
"PI3-kinase p110-alpha subunit",0.354,0.287,0.039,0.062,0.435,0.339,0.037,0.076,0.157,0.476,0.257
"Tyrosine-protein kinase ABL2",0.311,0.389,0.111,0.04,0.134,0.53,0.303,0.002,0.015,0.178,0.097
"C-C chemokine receptor type 2",0.094,0.002,0,0.202,0.306,0.45,0.043,0.037,0.288,0.043,0.385
"Glutamate receptor ionotropic, AMPA 2",0.164,0.254,0.088,0.033,0.033,0.118,0.306,0.421,0.097,0.462,0.297
"Neuropeptide Y receptor type 2",0.126,0.13,0.002,0.197,0.355,0.204,0.406,0.044,0.465,0.09,0.162
"HMG-CoA reductase",0.055,0.007,0,0.18,0.248,0.224,0.043,0.006,0.366,0.16,0.38
"Signal transducer and activator of transcription 3",0.307,0.527,0.198,0.074,0.124,0.087,0.41,0.369,0.458,0.054,0.348
"Interleukin-8 receptor A",0.165,0.272,0,0.368,0.353,0.165,0.111,0.016,0.102,0.467,0.38
"Cyclin-dependent kinase 5",0.287,0.054,0.167,0.456,0.032,0.088,0.194,0.009,0.012,0.478,0.057
"MAP kinase ERK2",0.152,0.3,0.042,0.065,0.041,0.485,0.106,0.319,0.015,0.527,0.262
"Cystic fibrosis transmembrane conductance regulator",0.351,0.18,0.276,0.275,0.481,0.256,0.027,0.313,0.265,0.082,0.22
"Chymase",0.196,0.03,0.001,0.565,0.133,0.26,0.086,0,0.128,0.331,0.119
"Casein kinase II alpha (prime)",0.107,0.148,0.057,0.023,0.431,0.471,0.28,0.391,0.438,0.331,0.279
"Cathepsin B",0.16,0.304,0.198,0.467,0.327,0.013,0.132,0.282,0.496,0.014,0.07
"Matrix metalloproteinase 7",0.312,0.121,0.217,0.438,0.315,0.48,0.34,0.085,0.272,0.474,0.325
"Bombesin receptor subtype-3",0.113,0.451,0.125,0.26,0.02,0.167,0.031,0.088,0.119,0.184,0.432
"LXR-beta",0.012,0.398,0.138,0.192,0.04,0.043,0.078,0.26,0.5,0.396,0.268
"Neurotensin receptor 1",0.043,0.48,0,0.389,0.056,0.104,0.209,0.027,0.53,0.272,0.109
"Tyrosine-protein kinase TIE-2",0.059,0.183,0.322,0.127,0.153,0.389,0.482,0.029,0.123,0.499,0.286
"Fibroblast growth factor receptor 2",0.181,0.46,0.03,0.449,0.367,0.251,0.42,0.254,0.296,0.182,0.325
"Histone deacetylase 9",0.345,0.354,0.009,0.135,0.058,0.119,0.493,0.158,0.047,0.013,0.259
"Fatty acid synthase",0.074,0.399,0.449,0.236,0.216,0.456,0.142,0.145,0.287,0.362,0.438
"c-Jun N-terminal kinase 2",0.358,0.217,0.089,0.512,0.137,0.059,0.403,0.285,0.257,0.144,0.3
"Sodium channel protein type II alpha subunit",0.249,0.287,0.165,0.37,0.117,0.16,0.168,0.103,0.474,0.301,0.29
"Monoglyceride lipase",0.23,0.473,0.008,0.261,0.007,0.01,0.167,0.502,0.411,0.158,0.052
"Inhibitor of apoptosis protein 3",0.027,0.053,0.367,0.014,0.118,0.259,0.114,0.17,0.479,0.089,0.138
"Serine/threonine-protein kinase 2",0.263,0.054,0.269,0.411,0.283,0.301,0.376,0.296,0.214,0.278,0.42
"Dual specificity protein kinase CLK4",0.316,0.106,0.227,0.095,0.028,0.082,0.251,0.374,0.095,0.3,0.197
"MAP kinase signal-integrating kinase 2",0.288,0.145,0.049,0.157,0.479,0.2,0.07,0.474,0.376,0.119,0.288
"Proteasome component C5",0.502,0.174,0.271,0.234,0.154,0.29,0.429,0.081,0.348,0.444,0.341
"Tyrosine-protein kinase FRK",0.445,0.367,0.14,0.275,0.462,0.438,0.019,0.223,0.361,0.063,0.072
"Dual specificty protein kinase CLK1",0.016,0.017,0.005,0.093,0.001,0.104,0.427,0.128,0.012,0.02,0.324
"Dual specificity protein kinase CLK2",0.208,0.198,0.014,0.002,0.067,0.289,0.29,0.323,0.006,0.177,0.429
"Lipoxin A4 receptor",0.003,0.196,0.013,0.195,0.225,0.065,0.404,0.086,0.012,0.036,0.534
"Estradiol 17-beta-dehydrogenase 3",0.048,0.063,0.136,0.426,0.314,0.237,0.349,0.176,0.214,0.31,0.336
"11-beta-hydroxysteroid dehydrogenase 1",0.435,0.138,0.069,0.116,0.004,0.496,0.501,0.103,0.009,0.071,0.128
"Ribosomal protein S6 kinase alpha 5",0.024,0.523,0.208,0.32,0.161,0.121,0.458,0.489,0.36,0.117,0.137
"ALK tyrosine kinase receptor",0.098,0.187,0.09,0.165,0.512,0.51,0.387,0.1,0.228,0.029,0.321
"Hypoxia-inducible factor 1 alpha",0.312,0.116,0.214,0.085,0.112,0.3,0.427,0.022,0.016,0.112,0.346
"TGF-beta receptor type II",0.312,0.067,0.022,0.169,0.441,0.434,0.224,0.024,0.116,0.458,0.378
"Serine/threonine-protein kinase AKT",0.528,0.393,0.505,0.151,0.561,0.151,0.49,0.049,0.294,0.581,0.125
"Sodium channel protein type IX alpha subunit",0.199,0.043,0.082,0.361,0.017,0.052,0.262,0.007,0.215,0.074,0.358
"P-glycoprotein 1",0.062,0.242,0.027,0.441,0.402,0.444,0.368,0.031,0.35,0.17,0.149
"Heat shock protein HSP 90-beta",0.012,0.207,0.422,0.138,0.174,0.011,0.1,0.149,0.327,0.098,0.194
"Calcium-activated potassium channel subunit alpha-1",0.384,0.283,0.008,0.446,0.017,0.386,0.082,0.161,0.254,0.154,0.287
"Intermediate conductance calcium-activated potassium channel protein 4",0.011,0.011,0,0.087,0.036,0.399,0.104,0.121,0.398,0.003,0.024
"Voltage-gated potassium channel subunit Kv1.5",0.394,0.474,0.021,0.133,0.229,0.282,0.134,0.343,0.211,0.341,0.363
"Bradykinin B1 receptor",0.315,0.369,0.197,0.06,0.585,0.082,0.279,0.017,0.025,0.358,0.072
"Purinergic receptor P2Y1",0.374,0.496,0.293,0.175,0.502,0.026,0.362,0.03,0.311,0.072,0.169
"Sphingosine 1-phosphate receptor Edg-1",0.365,0.039,0.067,0.239,0.141,0.456,0.123,0.266,0.016,0.031,0.413
"Purine nucleoside phosphorylase",0.464,0.299,0.383,0.259,0.499,0.097,0.003,0.096,0.238,0.421,0.452
"Serine/threonine-protein kinase GAK",0.039,0.235,0.301,0.407,0.158,0.118,0.106,0.063,0.178,0.181,0.412
"Induced myeloid leukemia cell differentiation protein Mcl-1",0.417,0.461,0.059,0.194,0.184,0.036,0.511,0.222,0.488,0.253,0.452
"Dual-specificity tyrosine-phosphorylation regulated kinase 2",0.396,0.276,0.166,0.195,0.003,0.122,0.376,0.024,0.134,0.323,0.02
"Gastric inhibitory polypeptide receptor",0.094,0.175,0.071,0.048,0.434,0.074,0.276,0.358,0.179,0.467,0.296
"Matrix metalloproteinase 12",0.396,0.281,0.114,0.048,0.042,0.361,0.134,0.469,0.233,0.022,0.012
"Sphingosine kinase 1",0.046,0.066,0.384,0.002,0.023,0.458,0.01,0.314,0.018,0.263,0.047
"Phosphodiesterase 8B",0.01,0.436,0.074,0.055,0.023,0.086,0.25,0.04,0.03,0.162,0.357
"Phosphodiesterase 10A",0.044,0.042,0.057,0.501,0.034,0.421,0.052,0.01,0.143,0.179,0.55
"Free fatty acid receptor 1",0.292,0.124,0.344,0.106,0.114,0.139,0.115,0.158,0.307,0.284,0.515
"Prostanoid DP receptor",0.005,0,0,0.385,0.233,0.08,0.011,0,0.269,0.007,0.138
"Neurokinin 3 receptor",0.377,0.432,0.334,0.082,0.196,0.328,0.417,0.081,0.171,0.383,0.254
"TGF-beta receptor type I",0.319,0.353,0.023,0.244,0.269,0.363,0.419,0.115,0.315,0.268,0.511
"C-X-C chemokine receptor type 3",0.037,0.521,0.178,0.207,0.256,0.018,0.342,0.478,0.005,0.212,0.438
"Vitamin K-dependent protein C",0.413,0.304,0.412,0.096,0.411,0.478,0.115,0.262,0.046,0.389,0.244
"Tyrosine-protein kinase FGR",0.005,0.477,0.007,0.028,0.582,0.044,0.492,0.076,0.543,0.131,0.386
"NAD-dependent deacetylase sirtuin 3",0.096,0.154,0.251,0.015,0.369,0.122,0.227,0.063,0.262,0.197,0.202
"NAD-dependent deacetylase sirtuin 2",0.132,0.477,0.078,0.57,0.011,0.511,0.11,0.17,0.009,0.066,0.275
"Acyl coenzyme A:cholesterol acyltransferase 2",0.026,0.535,0.003,0.138,0.153,0.183,0.077,0.046,0.019,0.482,0.297
"Voltage-gated N-type calcium channel alpha-1B subunit",0.292,0.068,0.049,0.214,0.41,0.313,0.5,0.054,0.171,0.153,0.093
"Nitric oxide synthase, inducible",0.326,0.351,0.023,0.17,0.011,0.369,0.386,0.03,0.003,0.022,0.031
"Serine/threonine-protein kinase PAK 4",0.054,0.067,0.01,0.074,0.394,0.25,0.227,0.223,0.024,0.084,0.245
"Ribosomal protein S6 kinase 1",0.164,0.432,0.325,0.213,0.058,0.148,0.183,0.093,0.293,0.427,0.406
"NAD-dependent deacetylase sirtuin 1",0.12,0.41,0.002,0,0.036,0.218,0.195,0.039,0.089,0.245,0.485
"Glutaminyl-peptide cyclotransferase",0.575,0.41,0.202,0.562,0.261,0.237,0.246,0.449,0.398,0.062,0.298
"Serine/threonine-protein kinase PIM2",0.162,0.113,0.312,0.269,0.439,0.21,0.515,0.155,0.324,0.173,0.454
"TRAF2- and NCK-interacting kinase",0.425,0.097,0.088,0.001,0.038,0.422,0.529,0.142,0.079,0.151,0.522
"Coagulation factor XIII",0.413,0.184,0.068,0.186,0.398,0.384,0.082,0.002,0.252,0.385,0.26
"5-lipoxygenase activating protein",0.237,0.168,0.335,0.096,0.462,0.332,0.086,0.111,0.046,0.055,0.264
"Neuropeptide Y receptor type 5",0.001,0.225,0.004,0.028,0.107,0.197,0.224,0.029,0.216,0.057,0.066
"Kinesin-like protein 1",0.355,0.483,0.231,0.346,0.032,0.493,0.457,0.117,0.192,0.264,0.326
"Matrix metalloproteinase 8",0.025,0.517,0.252,0.562,0.043,0.218,0.261,0.014,0.072,0.178,0.262
"C-C chemokine receptor type 8",0.137,0.158,0.043,0.066,0.3,0.322,0.335,0.03,0.006,0.25,0.325
"Tyrosine kinase non-receptor protein 2",0.157,0.046,0.14,0.433,0.139,0.144,0.078,0.499,0.341,0.144,0.083
"Serine/threonine-protein kinase PAK 1",0.221,0.178,0,0.039,0.036,0.285,0.306,0.164,0.275,0.124,0.096
"Tyrosine-protein kinase BRK",0.378,0.014,0.196,0.356,0.191,0.484,0.417,0.162,0.037,0.014,0.073
"Melanocortin receptor 5",0.107,0.475,0.151,0.007,0.021,0.024,0.367,0.167,0.029,0.248,0.319
"Ghrelin receptor",0.394,0.125,0,0.248,0.001,0.443,0.488,0.319,0.028,0.51,0.256
"Phenylethanolamine N-methyltransferase",0.098,0.174,0,0.015,0.475,0.043,0.423,0.272,0.397,0.191,0.348
"Leukotriene A4 hydrolase",0.203,0.252,0.197,0.526,0.148,0.079,0.19,0.233,0.04,0.068,0.045
"Apoptosis regulator Bcl-X",0.364,0.263,0.018,0.294,0.15,0.218,0.208,0.48,0.151,0.073,0.281
"Serine/threonine-protein kinase Chk1",0.119,0.023,0,0.012,0.023,0.188,0.404,0.087,0.001,0.021,0.204
"Voltage-gated potassium channel subunit Kv1.3",0.37,0.317,0.016,0.054,0.109,0.055,0.079,0.146,0.333,0.061,0.098
"Voltage-gated T-type calcium channel alpha-1G subunit",0.487,0.328,0.069,0.201,0.385,0.221,0.434,0.261,0.419,0.18,0.281
"Melanocortin receptor 3",0.173,0.078,0.287,0.363,0.091,0.024,0.424,0.141,0.094,0.309,0.507
"Dipeptidyl peptidase VIII",0.272,0.161,0.292,0.248,0.003,0.045,0.317,0.188,0.374,0.142,0.188
"Lymphocyte differentiation antigen CD38",0.157,0.158,0.029,0.156,0.036,0.203,0.139,0.383,0.346,0.203,0.105
"Proteasome Macropain subunit MB1",0.355,0.099,0.17,0.37,0.017,0.047,0.335,0.35,0.106,0.073,0.271
"Apoptosis regulator Bcl-W",0.096,0.157,0.424,0.108,0.069,0.38,0.025,0.033,0.003,0.449,0.038
"Aldo-keto-reductase family 1 member C3",0.488,0.168,0.056,0.397,0.056,0.021,0.332,0.513,0.208,0.15,0.079
"Fibroblast activation protein alpha",0.372,0.22,0.059,0.124,0.09,0.414,0.408,0.517,0.312,0.215,0.042
"Indoleamine 2,3-dioxygenase",0.389,0.212,0.006,0.317,0.163,0.349,0.014,0.312,0.282,0.125,0.284
"Malonyl-CoA decarboxylase",0.518,0.37,0,0.423,0.374,0.098,0.507,0.148,0.399,0.053,0.106
"Isoprenylcysteine carboxyl methyltransferase",0.022,0.219,0.152,0.25,0.01,0.002,0.086,0.115,0.307,0.297,0.409
"Serine/threonine-protein kinase Aurora-A",0.511,0.032,0.2,0.177,0.024,0.123,0.245,0.548,0.242,0.154,0.537
"C3a anaphylatoxin chemotactic receptor",0.125,0.072,0.003,0.361,0.408,0.012,0.339,0.018,0.375,0.337,0.005
"Vesicular acetylcholine transporter",0.044,0.045,0.249,0.414,0.031,0.086,0.029,0.002,0.205,0.465,0.171
"Geranylgeranyl pyrophosphate synthetase",0.353,0.171,0.009,0.304,0.012,0.388,0.535,0.066,0.061,0.353,0.413
"Neuropeptide Y receptor type 1",0.57,0.369,0.046,0.082,0.033,0.531,0.322,0.407,0.349,0.049,0.06
"Carbonic anhydrase VA",0.424,0.084,0.159,0.17,0.257,0.501,0.181,0.255,0.078,0.344,0.248
"Endothelin-converting enzyme 1",0.204,0.489,0.067,0.146,0.016,0.071,0.535,0.105,0.515,0.01,0.012
"Orexin receptor 2",0.514,0.057,0.342,0.091,0.133,0.405,0.346,0.05,0.132,0.509,0.297
"Dipeptidyl peptidase IX",0.153,0.375,0,0.25,0.014,0.013,0.422,0.074,0.254,0.109,0.401
"Vanilloid receptor",0.409,0.438,0.531,0.169,0.38,0.5,0.166,0.24,0.106,0.276,0.445
"Caspase-1",0.366,0.417,0.006,0.125,0.305,0.016,0.282,0.237,0.404,0.251,0.431
"Nitric-oxide synthase, endothelial",0.453,0.211,0.052,0.045,0.187,0.039,0.356,0.076,0.001,0.098,0.357
"Dual specificity phosphatase Cdc25B",0.411,0.377,0.227,0.34,0.178,0.337,0.294,0.12,0.272,0.362,0.247
"P2X purinoceptor 7",0.302,0.469,0.445,0.113,0.154,0.283,0.288,0.166,0.342,0.367,0.363
"Serine/threonine-protein kinase AKT3",0.204,0.061,0,0.03,0.079,0.119,0.471,0.159,0.158,0.135,0.163
"Beta-secretase 1",0.073,0.481,0.082,0.184,0.03,0.41,0.151,0.142,0.31,0.146,0.342
"Acetyl-CoA carboxylase 2",0.183,0.114,0.008,0.127,0.239,0.092,0.417,0.336,0.047,0.222,0.133
"L-lactate dehydrogenase A chain",0.236,0.237,0.104,0.014,0.394,0.475,0.112,0.275,0.15,0.155,0.531
"C-X3-C chemokine receptor 1",0.433,0.258,0.067,0.407,0.06,0.536,0.547,0.128,0.082,0.225,0.417
"Eukaryotic translation initation factor",0.011,0.005,0.127,0.031,0.076,0.043,0.073,0.279,0.012,0.033,0.23
"Apoptosis regulator Bcl-2",0.046,0.376,0.151,0.31,0.186,0.3,0.397,0.034,0.084,0.24,0.041
"Cytochrome P450 1B1",0.116,0.02,0.005,0.037,0.007,0.363,0.328,0.149,0.068,0.272,0.131
"Tyrosine-protein kinase receptor UFO",0.482,0.047,0.02,0.009,0.225,0.386,0.011,0.005,0.038,0.035,0.179
"Neurotrophic tyrosine kinase receptor type 2",0.581,0.393,0.067,0.024,0.27,0.001,0.066,0.122,0.407,0.155,0.152
"Mitogen-activated protein kinase kinase kinase 8",0.555,0.29,0.375,0.173,0.353,0.395,0.208,0.117,0.039,0.289,0.458
"Low molecular weight phosphotyrosine protein phosphatase",0.002,0.463,0.092,0.011,0.419,0.102,0.01,0.09,0.354,0.013,0.227
"Casein kinase I epsilon",0.297,0.292,0.356,0.01,0.028,0.369,0.102,0.007,0,0.521,0.174
"L-lactate dehydrogenase B chain",0.049,0.235,0,0.23,0.038,0.137,0.212,0.114,0.233,0.018,0.011
"S-methyl-5-thioadenosine phosphorylase",0.274,0.348,0.042,0.509,0.355,0.224,0.388,0.403,0.403,0.506,0.409
"Proto-oncogene c-JUN",0.423,0.21,0.016,0.308,0.09,0.421,0.401,0.14,0.423,0.351,0.363
"Sodium/glucose cotransporter 1",0.164,0.009,0,0.082,0.203,0.128,0.01,0.029,0.165,0.043,0.096
"Transketolase",0.391,0.259,0.005,0.007,0.162,0.397,0.267,0.349,0.381,0.16,0.268
"Serine/threonine-protein kinase RIPK2",0.148,0.143,0.404,0.498,0.295,0.064,0.245,0.032,0.062,0.217,0.024
"p53-binding protein Mdm-2",0.369,0.095,0.005,0.563,0.28,0.051,0.049,0.195,0.236,0.177,0.245
"Serine-protein kinase ATR",0.234,0.336,0.117,0.2,0.439,0.309,0.119,0.034,0.016,0.052,0.042
"ADAM10",0.335,0.48,0.204,0.453,0.364,0.204,0.231,0.286,0.228,0.45,0.203
"Endoplasmic reticulum aminopeptidase 2",0.339,0.138,0.026,0.328,0.171,0.061,0.202,0.19,0.166,0.372,0.204
"G protein-coupled receptor 44",0.266,0.304,0.031,0.226,0.005,0.105,0.402,0.222,0.04,0.224,0.085
"Endothelial lipase",0.256,0.048,0.068,0.551,0.127,0.209,0.197,0.293,0.452,0.02,0.098
"Histone deacetylase 10",0.213,0.376,0.399,0.075,0.07,0.355,0.244,0.485,0.135,0.393,0.386
"GABA receptor alpha-5 subunit",0.218,0.141,0.246,0.389,0.053,0.276,0.298,0.4,0.185,0.064,0.341
"Orexin receptor 1",0.139,0.046,0.187,0.603,0.033,0.223,0.124,0.171,0.225,0.07,0.063
"Discoidin domain-containing receptor 2",0.155,0.49,0.348,0.116,0.076,0.224,0.358,0.106,0.046,0.518,0.182
"Metabotropic glutamate receptor 2",0.118,0.349,0.356,0.158,0.053,0.475,0.172,0.086,0.462,0.392,0.036
"Cytochrome P450 26A1",0.31,0.068,0.013,0.273,0.176,0.396,0.121,0.231,0.202,0.13,0.337
"Serine/threonine-protein kinase B-raf",0.286,0.384,0.371,0.298,0.06,0.341,0.334,0.239,0.238,0.118,0.078
"Ephrin type-B receptor 4",0.004,0.281,0.187,0.289,0.023,0.047,0.095,0.082,0.118,0.197,0.161
"Neuropilin-1",0.353,0.209,0.058,0.159,0.033,0.09,0.438,0.235,0.335,0.135,0.336
"dUTP pyrophosphatase",0.545,0.543,0.02,0.115,0.317,0.132,0.159,0.002,0.277,0.443,0.265
"Serine/threonine-protein kinase ILK-1",0.433,0.194,0.022,0.025,0.175,0.068,0.075,0.351,0.025,0.282,0.147
"Tyrosine-protein kinase BTK",0.097,0.419,0.005,0.025,0.321,0.251,0.202,0.145,0.109,0.538,0.274
"Serine/threonine-protein kinase TNNI3K",0.234,0.105,0.02,0.323,0.226,0.037,0.295,0.2,0.173,0.308,0.202
"Cytochrome P450 2A6",0.007,0.096,0.069,0.175,0.057,0.177,0.327,0.072,0.018,0.084,0.226
"Mitogen-activated protein kinase kinase kinase 5",0.361,0.272,0.419,0.355,0.354,0.197,0.345,0.462,0.392,0.373,0.2
"Tyrosine-protein kinase receptor TYRO3",0.39,0.585,0.08,0.139,0.1,0.252,0.406,0.239,0.227,0.032,0.192
"Epithelial discoidin domain-containing receptor 1",0.019,0.062,0.169,0.011,0.016,0.173,0.068,0.289,0.009,0.061,0.063
"Proto-oncogene tyrosine-protein kinase MER",0.489,0.319,0.504,0.13,0.026,0.173,0.369,0.306,0.181,0.146,0.025
"Baculoviral IAP repeat-containing protein 3",0.318,0.372,0.168,0.531,0.034,0.119,0.304,0.423,0.062,0.04,0.006
"Poly [ADP-ribose] polymerase 2",0.275,0.042,0.078,0.036,0.422,0.502,0.386,0.073,0.032,0.009,0.019
"P-selectin",0.139,0.396,0.313,0.264,0.367,0.127,0.062,0.332,0.516,0.204,0.268
"ATP-binding cassette sub-family G member 2",0.074,0.22,0.064,0.008,0.449,0.052,0.379,0.112,0.41,0.167,0.376
"Pituitary adenylate cyclase-activating polypeptide type I receptor",0.218,0.273,0.222,0.065,0.411,0.066,0.364,0.443,0.134,0.165,0.111
"Serine/threonine-protein kinase PIM3",0.112,0.324,0.226,0.263,0.381,0.002,0.546,0.025,0.042,0.278,0.262
"G-protein coupled bile acid receptor 1",0.302,0.21,0.21,0.231,0.14,0.283,0.019,0.104,0.053,0.531,0.118
"Metastin receptor",0.093,0.447,0.079,0.07,0.125,0.516,0.109,0.136,0.319,0.275,0.146
"Cell division cycle 7-related protein kinase",0.054,0.172,0.009,0.21,0.42,0.458,0.214,0.017,0.313,0.268,0.033
"Sodium channel protein type X alpha subunit",0.423,0.053,0.281,0.272,0.093,0.145,0.469,0.34,0.203,0.514,0.45
"Baculoviral IAP repeat-containing protein 2",0.302,0.026,0.211,0.317,0.105,0.229,0.331,0.115,0.113,0.339,0.226
"Receptor-interacting serine/threonine-protein kinase 1",0.133,0.045,0.055,0.304,0.271,0.164,0.145,0.003,0.414,0.152,0.066
"Protein tyrosine kinase 2 beta",0.006,0.006,0.129,0.019,0.045,0.032,0.14,0.003,0.103,0.003,0.274
"Perforin-1",0.013,0.096,0.011,0.022,0.085,0.448,0.421,0.029,0.088,0.198,0.065
"D-amino-acid oxidase",0.035,0.052,0.02,0.121,0.394,0.151,0.013,0.26,0.044,0.013,0.401
"Serine/threonine-protein kinase WEE1",0.033,0.207,0.01,0.149,0.336,0.022,0.351,0.406,0.393,0.164,0.435
"Histone acetyltransferase PCAF",0.01,0.264,0.02,0.008,0.382,0.468,0.372,0.075,0.336,0.5,0.255
"Secreted frizzled-related protein 1",0.006,0.411,0.257,0.027,0.212,0.329,0.188,0.33,0.286,0.428,0.34
"Transient receptor potential cation channel subfamily V member 3",0.036,0.311,0.358,0.071,0.04,0.164,0.059,0.453,0.332,0.391,0.313
"Protein-arginine N-methyltransferase 1",0.495,0,0,0.369,0.109,0.102,0.032,0.002,0.005,0.001,0.022
"Nuclear factor NF-kappa-B p65 subunit",0.297,0.343,0.099,0.212,0.117,0.483,0.213,0.129,0.189,0.064,0.061
"Dual specificity tyrosine-phosphorylation-regulated kinase 1B",0.162,0.025,0.002,0.099,0.315,0.079,0.012,0.005,0.251,0.073,0.087
"Acyl-CoA desaturase",0.362,0.345,0.001,0.066,0.321,0.477,0.262,0.089,0.298,0.229,0.368
"Proto-oncogene tyrosine-protein kinase ROS",0.074,0.145,0.534,0.332,0.447,0.26,0.284,0.358,0.046,0.339,0.338
"Lysyl-tRNA synthetase",0.232,0.032,0.008,0.002,0.094,0.409,0.068,0.332,0.208,0.257,0.524
"DNA-(apurinic or apyrimidinic site) lyase",0.397,0.088,0.013,0.513,0.05,0.374,0.138,0.198,0.044,0.259,0.299
"Glucose-dependent insulinotropic receptor",0.125,0.527,0.002,0.087,0.306,0.145,0.254,0.027,0.033,0.107,0.14
"Prostaglandin E synthase",0.122,0.538,0.005,0.252,0.388,0.539,0.149,0.185,0.407,0.226,0.306
"G protein-coupled receptor kinase 5",0.414,0.349,0.114,0.042,0.099,0.349,0.514,0.206,0.089,0.238,0.387
"Egl nine homolog 1",0.081,0.06,0.148,0.061,0.037,0.206,0.119,0.256,0.03,0.059,0.037
"Elongation of very long chain fatty acids protein 6",0.373,0.455,0.074,0.089,0.271,0.248,0.321,0.143,0.42,0.236,0.327
"Glucagon",0.515,0.215,0.183,0.177,0.444,0.493,0.371,0.331,0.449,0.26,0.261
"CREB-binding protein",0.032,0.077,0.045,0.005,0.461,0.009,0.52,0.336,0.039,0.393,0.043
"Mitogen-activated protein kinase kinase kinase 7",0.482,0.22,0.14,0.195,0.274,0.159,0.189,0.025,0,0.174,0.025
"Interferon-induced, double-stranded RNA-activated protein kinase",0.197,0.016,0.177,0.143,0.363,0.036,0.004,0.13,0.099,0.029,0.056
"Aldo-keto reductase family 1 member C2",0.464,0.259,0.009,0.073,0.391,0.216,0.185,0.196,0.465,0.343,0.182
"Trace amine-associated receptor 1",0.059,0.338,0.269,0.087,0.263,0.118,0.469,0.485,0.026,0.416,0.26
"Nuclear receptor ROR-alpha",0.131,0.362,0.279,0.031,0.038,0.121,0.291,0.185,0.43,0.393,0.328
"Heat shock factor protein 1",0.425,0.292,0,0.156,0.002,0.222,0.126,0.214,0.081,0.001,0.101
"Hematopoietic prostaglandin D synthase",0.204,0.361,0.006,0.049,0.408,0.001,0.181,0.1,0.201,0.345,0.063
"Aldo-keto reductase family 1 member C1",0.554,0.386,0.11,0.294,0.059,0.371,0.469,0.241,0.248,0.263,0.316
"Bifunctional protein NCOAT",0.132,0.067,0.061,0.483,0.148,0.583,0.11,0.314,0.013,0.183,0.044
"LIM domain kinase 2",0.138,0.097,0.067,0.121,0.253,0.336,0.255,0.049,0.599,0.186,0.298
"Serine/threonine-protein kinase PLK2",0.466,0.107,0.477,0.385,0.299,0.348,0.218,0.078,0.4,0.307,0.361
"Neuropeptide FF receptor 1",0.198,0.532,0.26,0.088,0.147,0.09,0.406,0.329,0.251,0.235,0.339
"Neuropeptide FF receptor 2",0.42,0.115,0.319,0.485,0.014,0.092,0.1,0.037,0.355,0.126,0.071
"IgG receptor FcRn large subunit p51",0.076,0.094,0.043,0.077,0.204,0.215,0.288,0.359,0.244,0.04,0.057
"Smoothened homolog",0.397,0.349,0.123,0.213,0.381,0.31,0.21,0.344,0.127,0.487,0.453
"Aldo-keto reductase family 1 member B10",0.236,0.145,0.072,0.102,0.005,0.192,0.068,0.318,0.273,0.322,0.301
"Serine/threonine-protein kinase 33",0.179,0.425,0.001,0.111,0.016,0.285,0.032,0.029,0.486,0.156,0.353
"Transient receptor potential cation channel subfamily A member 1",0.486,0.215,0.06,0.037,0.102,0.404,0.383,0.373,0.085,0.043,0.08
"Diacylglycerol O-acyltransferase 1",0.45,0.47,0.051,0.534,0.161,0.473,0.318,0.032,0.061,0.493,0.056
"Histone-lysine N-methyltransferase, H3 lysine-9 specific 3",0.144,0.206,0.077,0.261,0.32,0.031,0.439,0.419,0.069,0.064,0.448
"Lysine-specific histone demethylase 1",0.603,0.16,0.005,0.502,0.533,0.19,0.125,0.021,0.442,0.258,0.216
"Alpha-synuclein",0.33,0.556,0.08,0.337,0.266,0.348,0.294,0.302,0.311,0.355,0.391
"Tankyrase-2",0.074,0.098,0.016,0.444,0.058,0.054,0.249,0.299,0.346,0.34,0.244
"Tankyrase-1",0.512,0.1,0.002,0.151,0.026,0.441,0.115,0.145,0.071,0.051,0.417
"Mitogen-activated protein kinase kinase kinase kinase 4",0.36,0.096,0.356,0.074,0.003,0.214,0.237,0.574,0.03,0.058,0.069
"Lysine-specific demethylase 4C",0.477,0.04,0.004,0.024,0.078,0.134,0.188,0.025,0.028,0.054,0.047
