"","EGFR","Hypoxia","JAK.STAT","MAPK","NFkB","PI3K","TGFb","TNFa","Trail","VEGF","p53"
"Arginase-1",1,1,1,0.232530555555556,0.254676322751323,0.581326388888889,1,0.531498412698413,0.290663194444444,0.254676322751323,0.84944835600907
"Leucine-rich repeat serine/threonine-protein kinase 2",1,1,1,1,0.0664373015873016,1,1,0.705896329365079,0.705896329365079,0.705896329365079,1
"Tyrosyl-DNA phosphodiesterase 1",0.948577028218695,0.925969890873016,0.780638293650794,0.780638293650794,0.925969890873016,1,0.966662738095238,0.780638293650794,0.780638293650794,0.925969890873016,0.810535079365079
"Transitional endoplasmic reticulum ATPase",1,1,0.863684920634921,1,0.946731547619048,1,1,1,1,1,1
"Glucokinase regulatory protein",0.85039746031746,0.963340873015873,1,0.85039746031746,1,1,0.85039746031746,0.85039746031746,1,0.85039746031746,1
"Pyruvate kinase isozymes M1/M2",1,1,1,1,1,1,1,1,1,1,1
"Transient receptor potential cation channel subfamily M member 8",1,1,1,1,1,1,1,1,1,1,1
"G-protein coupled receptor 55",0.845565656565657,0.845565656565657,0,0.845565656565657,0.845565656565657,0.845565656565657,0.845565656565657,0.465061111111111,0.845565656565657,0.819393386243386,0.845565656565657
"Endoplasmin",1,0.538142142857143,0.538142142857143,1,0.538142142857143,0.971645535714286,0.944358786848073,0.538142142857143,0.538142142857143,1,0.6754458994709
"Serine/threonine-protein kinase/endoribonuclease IRE1",0.43184246031746,1,1,1,0.43184246031746,1,1,1,1,1,1
"NADPH oxidase 4",1,1,1,1,1,1,1,1,1,1,1
"Ketohexokinase",0.0332186507936508,0.635899886621315,0,0.643611359126984,0.33772294973545,0.191007242063492,0.745574162257496,0.986593928571429,0.0885830687830688,0.192668174603175,1
"Lethal(3)malignant brain tumor-like protein 1",1,0.893581706349207,0.721319274376417,0.721319274376417,0.721319274376417,0.834618601190476,0.721319274376417,0.721319274376417,0.721319274376417,0.721319274376417,0.893581706349207
"Microtubule-associated protein tau",1,0.819393386243386,0.819393386243386,1,0.905208234126984,1,1,0.819393386243386,0.923478492063492,1,1
"15-hydroxyprostaglandin dehydrogenase [NAD+]",1,0.465061111111111,1,0.465061111111111,1,1,0.465061111111111,1,1,0.465061111111111,0.465061111111111
"G-protein coupled receptor 35",1,1,1,1,1,1,1,1,1,1,1
"ATP-sensitive inward rectifier potassium channel 1",0.348795833333333,0.352117698412698,1,0.055364417989418,1,0.055364417989418,1,0.055364417989418,0.719737433862434,1,1
"Neuropeptides B/W receptor type 1",0.406928472222222,1,0.697591666666667,0.232530555555556,0.697591666666667,1,0.967031834215168,0.967031834215168,0.697591666666667,0.232530555555556,0.387550925925926
"Nuclear receptor ROR-gamma",0.680982341269841,1,1,1,1,1,1,0.680982341269841,0.680982341269841,1,0.680982341269841
"DNA topoisomerase I",1,1,1,0.672677678571429,0.672677678571429,1,0.704235396825397,0.672677678571429,0.672677678571429,1,0.76956541005291
"Farnesyl diphosphate synthase",0.232530555555556,0.232530555555556,0.571360793650794,0.813856944444444,0.930122222222222,1,0.448451785714286,0.0332186507936508,1,1,0.930122222222222
"Glucagon-like peptide 1 receptor",0.923478492063492,0.772333630952381,0.539803075396825,0.714200992063492,0.265749206349206,0.714200992063492,0.923478492063492,0.772333630952381,1,0.265749206349206,0.287894973544974
"Endothelin receptor ET-B",0.92181755952381,1,1,0,0.92181755952381,1,1,1,0.0498279761904762,1,1
"Steroid 5-alpha-reductase 1",1,0.624510634920635,0,1,1,1,0.624510634920635,0.624510634920635,1,0.498279761904762,1
"Vasopressin V2 receptor",0.0332186507936508,0.315577182539683,0.602681235827664,0.896903571428571,0.705896329365079,0.232530555555556,0.315577182539683,0.315577182539683,0.0664373015873016,0.903547301587302,1
"Somatostatin receptor 5",0.697591666666667,0.697591666666667,0.697591666666667,0.697591666666667,1,1,1,0.564717063492064,0.697591666666667,1,1
"Histone-lysine N-methyltransferase, H3 lysine-79 specific",1,1,1,1,1,1,0.39862380952381,1,1,0.39862380952381,1
"Bromodomain-containing protein 3",0.188239021164021,0.437378902116402,0.0332186507936508,1,0.323881845238095,0.797247619047619,1,1,0.437378902116402,0.188239021164021,1
"Cysteinyl leukotriene receptor 1",0.717522857142857,0.963340873015873,1,0.717522857142857,1,1,1,0.717522857142857,0.717522857142857,0.717522857142857,1
"Plasminogen",1,1,1,1,1,1,1,1,0.896903571428571,1,1
"Leukocyte adhesion glycoprotein LFA-1 alpha",1,0.957804431216931,0.957804431216931,1,1,1,0.957804431216931,0.957804431216931,0.957804431216931,1,0.957804431216931
"Somatostatin receptor 2",1,0.511567222222222,0.382014484126984,0.511567222222222,0.511567222222222,0.511567222222222,0.382014484126984,0.0498279761904762,0.511567222222222,0.511567222222222,0.0498279761904762
"Muscarinic acetylcholine receptor M4",1,0.826775308641975,0.826775308641975,0.481670436507936,0.481670436507936,0.456756448412698,1,0.456756448412698,0.265749206349206,0.166093253968254,0.826775308641975
"Inosine-5'-monophosphate dehydrogenase 1",1,0.438486190476191,0.132874603174603,1,0.365405158730159,0.438486190476191,1,0.438486190476191,1,0.98548664021164,1
"Receptor protein-tyrosine kinase erbB-2",1,1,1,0.581326388888889,1,0.166093253968254,1,0.752956084656085,1,1,1
"TNF-alpha",1,1,1,1,1,1,1,1,0.365405158730159,1,1
"Phosphodiesterase 5A",1,1,1,1,0.963340873015873,0.963340873015873,1,1,1,0.963340873015873,1
"Serotonin 2b (5-HT2b) receptor",0.83046626984127,0.84944835600907,0.84944835600907,1,0.83046626984127,0.232530555555556,0.87614191468254,1,0.232530555555556,1,0.84944835600907
"Thromboxane-A synthase",0.382014484126984,0.768774489795918,0.0664373015873016,1,0.514889087301587,1,1,0.143947486772487,0.0664373015873016,0.822161607142857,0.514889087301587
"Prostanoid EP4 receptor",0.976628333333333,0.332186507936508,1,0.976628333333333,1,1,0.976628333333333,1,1,0.976628333333333,1
"Dopamine D5 receptor",0.896903571428571,0.573021726190476,0.0332186507936508,0.166093253968254,0.398623809523809,1,0.471704841269841,1,0.471704841269841,0.573021726190476,0.525961970899471
"Somatostatin receptor 4",1,0.697591666666667,1,1,1,1,0.697591666666667,1,0.232530555555556,1,1
"Gonadotropin-releasing hormone receptor",1,1,1,1,1,1,1,1,1,1,1
"4-hydroxyphenylpyruvate dioxygenase",0.458417380952381,1,1,0.453988227513228,1,0.199311904761905,0.913512896825397,0.453988227513228,1,0.458417380952381,1
"Tyrosine-protein kinase ABL",0.358761428571429,1,0.736346759259259,0.358761428571429,0.747419642857143,0.747419642857143,1,0.358761428571429,0.358761428571429,0.358761428571429,1
"Vascular endothelial growth factor receptor 1",1,1,0.0332186507936508,1,1,0.318899047619048,0.318899047619048,1,0.083046626984127,0.318899047619048,1
"Tissue-type plasminogen activator",1,1,0.465061111111111,1,1,1,1,1,0.647763690476191,1,1
"Calcium sensing receptor",1,1,1,1,1,1,1,1,1,1,1
"Neuronal acetylcholine receptor protein alpha-4 subunit",1,1,1,1,1,1,1,1,1,1,1
"Potassium channel, inwardly rectifying, subfamily J, member 11",1,1,1,0.0664373015873016,1,1,1,1,1,0.896903571428571,1
"Vasopressin V1a receptor",1,1,1,1,1,1,1,1,1,1,1
"Glutamate carboxypeptidase II",0.232530555555556,1,0.232530555555556,0.0664373015873016,1,1,1,1,1,1,0.805552281746032
"Serotonin 1b (5-HT1b) receptor",0.271285648148148,0.271285648148148,0.0498279761904762,0.0332186507936508,0.427690128968254,0.271285648148148,0.487206878306878,1,0.528176547619048,0.346423072562358,0.271285648148148
"Serotonin 3a (5-HT3a) receptor",1,1,0,1,1,1,1,1,1,1,1
"Aldose reductase",0.747419642857143,0.747419642857143,0.298967857142857,0.747419642857143,0.905208234126984,1,0.747419642857143,0.747419642857143,1,1,0.892158049886621
"Glutamate [NMDA] receptor subunit epsilon 2",0.797247619047619,0.254676322751323,0.520425529100529,0.520425529100529,0.0664373015873016,0.884446577380952,0.893212610229277,0.0664373015873016,0.520425529100529,1,0.996559523809524
"Serine/threonine-protein kinase RAF",1,1,1,0.531498412698413,1,1,1,1,1,1,1
"Aminopeptidase N",1,1,1,1,1,1,1,1,1,1,1
"Cytochrome P450 11B1",0.188239021164021,1,0.896903571428571,0.312255317460317,0.188239021164021,1,0.76956541005291,0.312255317460317,1,0.975797867063492,0.188239021164021
"Butyrylcholinesterase",1,0.321113624338624,1,0.847075595238095,1,1,1,1,1,0.321113624338624,0.321113624338624
"Alpha-2c adrenergic receptor",1,1,1,1,1,1,1,1,1,1,1
"Melatonin receptor 1A",0.360659637188209,0.933444087301587,0.132874603174603,0.132874603174603,0.360659637188209,0.360659637188209,1,0.360659637188209,0.448451785714286,0.360659637188209,0.59424475308642
"Melatonin receptor 1B",0.780638293650794,1,1,0.939613265306122,0.939613265306122,0.939613265306122,0.939613265306122,1,0.332186507936508,0.939613265306122,1
"Thyroid hormone receptor beta-1",0.564717063492064,1,1,1,1,0.647763690476191,1,0.808320502645503,1,1,1
"Cyclophilin A",1,0.423537797619048,1,0.132874603174603,0.166093253968254,1,1,0.963340873015873,0.43184246031746,0.423537797619048,0.542571296296296
"Thymidylate synthase",1,1,1,1,1,1,1,1,1,1,1
"Vascular endothelial growth factor receptor 3",1,1,0.232530555555556,0.538142142857143,1,0.538142142857143,1,0.538142142857143,1,0.631154365079365,0.538142142857143
"Insulin-like growth factor I receptor",0.287894973544974,0.83046626984127,0,0.859993959435626,1,0.83046626984127,0.83046626984127,0.287894973544974,0.83046626984127,0.83046626984127,1
"Epoxide hydrolase 1",0.946731547619048,1,0.946731547619048,0.946731547619048,0.946731547619048,0.946731547619048,1,0.946731547619048,1,0.946731547619048,0.946731547619048
"Tyrosine-protein kinase receptor FLT3",0.393087367724868,0.157788591269841,0,0.232530555555556,1,1,0.055364417989418,0.0498279761904762,1,1,1
"Vitamin D receptor",1,1,0.797247619047619,1,0.365405158730159,1,1,0.797247619047619,1,1,1
"Cytochrome P450 19A1",1,1,1,1,1,1,1,1,1,1,1
"Insulin receptor",0.793556657848325,0.12180171957672,1,0.651916021825397,0.651916021825397,0.473365773809524,1,0.083046626984127,0.083046626984127,0.651916021825397,0.651916021825397
"Serotonin 1d (5-HT1d) receptor",0.941195105820106,0.540989455782313,0,1,0.540989455782313,1,0.941195105820106,0.465061111111111,0.540989455782313,0.465061111111111,0.540989455782313
"Inhibitor of nuclear factor kappa B kinase beta subunit",1,0.116265277777778,0.0415233134920635,0.0531498412698413,0,0.679136860670194,0.153636259920635,0.83046626984127,0,0.128129081632653,0.0415233134920635
"Prostanoid IP receptor",1,0.896903571428571,1,1,1,1,1,1,1,1,1
"Equilibrative nucleoside transporter 1",0.116265277777778,0.116265277777778,0.0498279761904762,0,0.116265277777778,1,0.239912477954145,1,0.116265277777778,0.137620124716553,0.239912477954145
"Purinergic receptor P2Y12",1,1,0,1,1,1,1,0.166093253968254,1,1,1
"Retinoic acid receptor gamma",0.0442915343915344,0.0930122222222222,0,0.389132766439909,0.583171869488536,1,0.0913512896825397,0.0442915343915344,1,0.0941195105820106,0.583171869488536
"Platelet-derived growth factor receptor alpha",1,1,1,1,0.896903571428571,1,1,1,1,1,1
"Retinoic acid receptor beta",1,1,1,1,1,1,1,1,1,1,1
"Nociceptin receptor",0.15502037037037,0.896903571428571,0.56886939484127,0.346423072562358,0.15502037037037,0.346423072562358,0.896903571428571,0.346423072562358,0.15502037037037,0.346423072562358,0.583171869488536
"Dihydrofolate reductase",0.332186507936508,0.726657986111111,0.487206878306878,0.588444671201814,1,0.478348571428571,1,0.390319146825397,0.132874603174603,1,0.332186507936508
"Epidermal growth factor receptor erbB1",0.858148478835979,0.858148478835979,0.0332186507936508,0.858148478835979,1,1,0.858148478835979,1,1,0.581326388888889,1
"Muscarinic acetylcholine receptor M5",0.239174285714286,0.239174285714286,0.239174285714286,0.239174285714286,1,1,0.455570068027211,0.382014484126984,1,0.47751810515873,0.239174285714286
"Peptidyl-prolyl cis-trans isomerase FKBP5",1,1,0.664373015873016,0.166093253968254,1,0.365405158730159,1,1,1,1,1
"Retinoic acid receptor alpha",1,1,1,1,1,1,1,1,1,1,1
"Estrogen receptor alpha",0.348795833333333,1,0.409696693121693,1,1,0.481670436507937,1,1,0.0996559523809524,1,1
"Beta-2 adrenergic receptor",0.656068353174603,1,0.0664373015873016,1,1,1,1,0.620081481481481,0.620081481481481,1,1
"Cyclin T1",0.83046626984127,1,0.83046626984127,1,1,1,1,1,1,1,1
"Muscarinic acetylcholine receptor M2",1,1,1,1,1,1,1,1,1,1,1
"Beta-1 adrenergic receptor",0.61454503968254,1,0.637798095238095,0.61454503968254,0.61454503968254,0.61454503968254,1,1,1,1,1
"Dopamine D2 receptor",0.852612037037037,1,0.978104717813051,0.514889087301587,1,0.542571296296296,0.967493204365079,0.852612037037037,0.514889087301587,0.852612037037037,0.967493204365079
"Beta-glucocerebrosidase",1,1,0.0332186507936508,0.0332186507936508,0,1,1,0,0.0332186507936508,1,1
"Motilin receptor",0.791711177248677,0.983272063492064,0.764028968253968,0.983272063492064,0.913512896825397,0.791711177248677,1,0.791711177248677,0.913512896825397,0.791711177248677,0.791711177248677
"MAP kinase-activated protein kinase 2",1,1,1,1,1,1,1,1,1,1,1
"Cyclooxygenase-1",0.199311904761905,0.0664373015873016,0.199311904761905,1,0.759283446712018,1,0.759283446712018,0,1,0.0664373015873016,0.892751240079365
"Norepinephrine transporter",1,0.186024444444444,0.0332186507936508,0.393878287981859,0.56886939484127,0.970722795414462,1,0.0332186507936508,0.083046626984127,0.0775101851851852,0.293431415343915
"Anandamide amidohydrolase",0.784790625,0.332186507936508,0.0664373015873016,0.721319274376417,1,0.352117698412698,1,0.721319274376417,0.21592123015873,0.332186507936508,1
"Serotonin 2c (5-HT2c) receptor",1,0.298967857142857,1,1,1,1,1,0.0664373015873016,1,1,1
"Dipeptidyl peptidase I",1,1,1,1,1,1,1,1,1,1,1
"Serotonin transporter",0.43184246031746,1,1,0.896903571428571,1,1,1,1,1,1,1
"Peroxisome proliferator-activated receptor alpha",0.637798095238095,0.6754458994709,0.637798095238095,1,0.637798095238095,1,1,0.637798095238095,1,0.811484183673469,0.637798095238095
"HERG",0.654881972789116,0.514889087301587,0,0.904285493827161,0.332186507936508,0.867837251984127,0.936765952380952,0.182702579365079,1,0.332186507936508,0.332186507936508
"Epoxide hydratase",1,1,0.764028968253968,1,0.764028968253968,1,1,1,1,1,0.764028968253968
"Phosphodiesterase 3A",1,1,0.0332186507936508,1,1,1,1,0.863684920634921,1,1,1
"C-C chemokine receptor type 1",1,1,1,0.896903571428572,0.697591666666667,1,1,0.896903571428572,1,0.896903571428572,0.896903571428572
"C-C chemokine receptor type 4",0.671016746031746,1,1,1,0.671016746031746,1,0.671016746031746,0.199311904761905,0.671016746031746,0.76956541005291,1
"Estrogen receptor beta",1,1,1,1,1,1,1,1,1,1,1
"Glyoxalase I",1,1,1,1,1,1,1,1,1,1,1
"Myosin light chain kinase, smooth muscle",1,1,1,1,1,1,1,1,1,1,1
"Serine/threonine-protein kinase AKT2",0.43184246031746,1,0.943409682539682,0.21592123015873,0.982322959183673,0.21592123015873,1,1,0.943409682539682,1,0.982322959183673
"Interleukin-8 receptor B",0.0747419642857143,0.105192394179894,0.0166093253968254,0.0166093253968254,0.0332186507936508,0.653300132275132,1,1,0.494127430555556,0.0797247619047619,0.109146995464853
"Myeloperoxidase",0.494127430555556,0.494127430555556,0.232530555555556,1,0.448451785714286,0.265749206349206,0.494127430555556,0.448451785714286,0.661051150793651,0.516734567901235,0.494127430555556
"Coagulation factor X",0.370941600529101,0.370941600529101,0.370941600529101,0.974413756613757,0.974413756613757,0.370941600529101,1,0.166093253968254,1,0.949104308390023,0.370941600529101
"Deoxycytidine kinase",1,1,1,1,0.963340873015873,0.963340873015873,0.365405158730159,1,1,0.963340873015873,1
"Muscarinic acetylcholine receptor M3",1,1,1,1,0.365405158730159,0.847075595238095,1,1,1,1,1
"Beta-3 adrenergic receptor",1,1,1,1,1,1,1,1,1,1,1
"Death-associated protein kinase 3",1,1,1,1,1,1,1,0.0664373015873016,1,1,1
"Methionine aminopeptidase 1",1,1,0.896903571428571,1,0.896903571428571,0.896903571428571,0.70866455026455,0.805552281746032,0.70866455026455,0.70866455026455,1
"Leukocyte elastase",1,0.219243095238095,0.0581326388888889,0.0581326388888889,0.365405158730159,0.365405158730159,0.548107738095238,0.0581326388888889,0.0581326388888889,0.820500674603175,0.561026102292769
"Beta amyloid A4 protein",0.0166093253968254,1,0.0415233134920635,0.991814002267574,1,0,1,0.0221457671957672,0.841539153439153,0.82382253968254,1
"Neurokinin 1 receptor",1,1,0.672677678571429,1,0.672677678571429,1,0.684304206349206,1,1,0.672677678571429,0.672677678571429
"Neuronal acetylcholine receptor protein alpha-7 subunit",0.657729285714286,1,1,0.657729285714286,0.657729285714286,0.657729285714286,0.657729285714286,1,1,1,1
"Adenosine A2a receptor",0.719737433862434,0.719737433862434,0.847075595238095,0.719737433862434,1,1,1,1,1,1,1
"Endothelin receptor ET-A",0.584648253968254,0.59424475308642,0.584648253968254,0.584648253968254,0.584648253968254,0.59424475308642,0.59424475308642,1,0.847075595238095,0.584648253968254,0.59424475308642
"Beta secretase 2",1,1,0.199311904761905,1,1,1,1,1,1,1,1
"Serine/threonine-protein kinase Chk2",0.526752891156463,0.78986569664903,0,1,0.12180171957672,0.788942956349206,0.12180171957672,1,0.514889087301587,0.305611587301587,0.249139880952381
"Cannabinoid CB2 receptor",1,1,0.0996559523809524,1,0.0996559523809524,1,1,1,1,1,1
"3-phosphoinositide dependent protein kinase-1",1,0.83046626984127,1,1,1,1,1,1,1,1,1
"Phospholipase D1",1,1,1,1,1,1,0.913512896825397,1,1,0.913512896825397,1
"Phosphodiesterase 4A",1,1,0.0664373015873016,0.166093253968254,0.199311904761905,1,1,1,1,1,1
"Adenosine A2b receptor",0.772333630952381,0.772333630952381,1,1,1,0.772333630952381,1,1,1,0.772333630952381,1
"Carboxypeptidase B",1,0.764028968253968,0.802784060846561,1,0.809704613095238,0.764028968253968,0.764028968253968,1,0.764028968253968,0.809704613095238,0.764028968253968
"Adenosine A3 receptor",1,1,1,1,1,1,1,1,1,1,1
"Histone deacetylase 5",0.298967857142857,1,1,0.896903571428571,1,1,1,0.896903571428571,0.896903571428571,1,1
"Liver glycogen phosphorylase",0.973306468253968,0.973306468253968,0.166093253968254,0.166093253968254,0.166093253968254,1,0.578953628117914,0.415233134920635,0.166093253968254,0.166093253968254,0.973306468253968
"Tyrosine-protein kinase LCK",1,1,0.958595351473923,0.958595351473923,0.647763690476191,1,0.958595351473923,0.958595351473923,1,0.647763690476191,0.958595351473923
"Cathepsin D",0.315577182539683,0.494127430555556,0.360659637188209,0.232530555555556,1,0.561395198412698,0.315577182539683,0.166093253968254,0.561395198412698,0.315577182539683,0.232530555555556
"Melanocortin receptor 4",0.298967857142857,1,0,0.509352645502645,0.298967857142857,1,1,1,0.517261848072562,0.445129920634921,0.298967857142857
"Peptide N-myristoyltransferase 1",0.983272063492064,0.332186507936508,0.983272063492064,0,0.378692619047619,0.415233134920635,0.983272063492064,1,0.0885830687830688,0.0498279761904762,0.43658798185941
"Tyrosine-protein kinase SYK",0.946731547619048,0.903547301587302,1,0.903547301587302,0.0996559523809524,1,0.946731547619048,0.415233134920635,1,0.946731547619048,0.903547301587302
"MAP kinase p38 alpha",0.686518783068783,0.686518783068783,1,1,1,1,1,1,1,0.686518783068783,1
"Carbonic anhydrase I",1,1,0.923478492063492,1,0.923478492063492,1,1,0.923478492063492,1,0.923478492063492,0.923478492063492
"Furin",1,0.680982341269841,1,0.680982341269841,1,1,1,1,0.0664373015873016,0.39862380952381,1
"Tryptase beta-1",1,0.159449523809524,0.0166093253968254,0.332186507936508,0.159449523809524,0.820500674603175,0.332186507936508,0.402776140873016,0,0.0332186507936508,0.820500674603175
"Glycogen synthase kinase-3 beta",0.406928472222222,0.631154365079365,1,0.631154365079365,0.631154365079365,0.210384788359788,1,0.116265277777778,0.116265277777778,0.631154365079365,1
"Dual specificity protein phosphatase 3",1,0.654881972789116,0.0996559523809524,1,0.0996559523809524,0.654881972789116,0.597935714285714,0.771410890652557,0.771410890652557,0.287894973544974,0.654881972789116
"c-Jun N-terminal kinase 3",1,1,1,1,1,1,1,1,1,1,1
"Histamine H3 receptor",1,1,1,1,1,1,1,1,1,1,1
"Phosphodiesterase 2A",1,1,0.586862830687831,0.564717063492063,0.586862830687831,1,0.627002033730159,0.298967857142857,0.586862830687831,0.627002033730159,0.564717063492063
"Adenosylhomocysteinase",1,1,0.0221457671957672,1,0.239174285714286,0.838770932539683,0.239174285714286,0.437378902116402,0,0.0166093253968254,0.460315589569161
"Tyrosine-protein kinase SRC",0.782483774250441,0.872744552669553,0.465061111111111,0.265749206349206,0.465061111111111,0.465061111111111,0.772333630952381,0.265749206349206,0.688100623582766,0.465061111111111,0.872744552669553
"Cathepsin K",1,1,0.82382253968254,0.822161607142857,1,1,1,0.132874603174603,0.819393386243386,1,0.564717063492064
"Macrophage-stimulating protein receptor",1,1,1,0.43184246031746,1,1,1,1,1,1,1
"Cystinyl aminopeptidase",0.977577437641723,0.257444543650794,1,1,1,0.352117698412698,1,0,0.177166137566138,0.465061111111111,0.177166137566138
"Focal adhesion kinase 1",1,0.0166093253968254,0.343259391534392,0.936765952380952,1,1,0.406928472222222,0,1,1,1
"Mitogen-activated protein kinase kinase kinase 11",1,1,1,1,1,0.938426884920635,1,0.938426884920635,0.863684920634921,0.938426884920635,1
"Histone deacetylase 7",0.284731292517007,0.284731292517007,0.284731292517007,0.340491170634921,0.534820277777778,0.679472402597403,0.284731292517007,0.284731292517007,0.284731292517007,0.534820277777778,0.284731292517007
"Phosphodiesterase 11A",0.535650744047619,0.418555,0.517261848072562,0.21592123015873,0.21592123015873,1,0.992868562610229,0.21592123015873,1,0.517261848072562,0.21592123015873
"Cytochrome P450 11B2",0.874757804232804,1,1,1,1,1,1,0.874757804232804,1,1,0.874757804232804
"Protein-glutamine gamma-glutamyltransferase",1,1,1,1,0.963340873015873,1,1,1,0.298967857142857,1,1
"Phospholipase D2",1,1,1,0.797247619047619,1,1,1,1,1,1,1
"Metabotropic glutamate receptor 4",1,0.941195105820106,0.984102529761905,0.876972380952381,0.232530555555556,1,0.876972380952381,0.876972380952381,1,0.984102529761905,0.876972380952381
"C-C chemokine receptor type 5",0.635899886621315,1,0.635899886621315,1,0,0.635899886621315,1,0.0498279761904762,1,0.453988227513228,0.635899886621315
"Fibroblast growth factor receptor 3",1,1,1,1,1,1,1,1,1,1,1
"Phosphodiesterase 4B",1,1,0.896903571428571,1,1,1,1,1,1,1,1
"Ileal bile acid transporter",0.294222335600907,0.294222335600907,0.501970723104056,0.0913512896825397,0.369557490079365,0.64111996031746,0.972400505050505,0.294222335600907,0.083046626984127,0.0332186507936508,0.0885830687830688
"Integrin alpha-4",0.39862380952381,1,0.808320502645503,0.0664373015873016,0.906394614512472,0.808320502645503,1,0.39862380952381,1,1,0.39862380952381
"Sodium/hydrogen exchanger 1",1,0.730810317460318,0.132874603174603,1,1,1,0.730810317460318,0.149483928571429,1,0.343259391534392,1
"Acyl coenzyme A:cholesterol acyltransferase 1",1,1,1,1,1,1,1,1,1,1,1
"Estradiol 17-beta-dehydrogenase 2",1,0.957804431216931,0.110728835978836,0.110728835978836,0.219243095238095,1,1,1,0.110728835978836,0.219243095238095,1
"Vascular endothelial growth factor receptor 2",0.6754458994709,1,0.465061111111111,1,0.465061111111111,1,1,0.631154365079365,0.631154365079365,0.465061111111111,1
"Matrix metalloproteinase 13",0.919049338624339,1,1,0.919049338624339,1,1,1,1,0.919049338624339,1,1
"Tyrosine-protein kinase ZAP-70",0.511567222222222,0.511567222222222,0.0332186507936508,0.511567222222222,1,1,0.771410890652557,0.564717063492063,0.511567222222222,0.771410890652557,0.771410890652557
"LXR-alpha",1,0.232530555555556,0.0664373015873016,1,0.232530555555556,1,0.232530555555556,0.0664373015873016,1,0.0664373015873016,0.555226020408163
"Protein-glutamine gamma-glutamyltransferase K",1,1,0,1,0.0166093253968254,1,1,1,1,1,1
"Nerve growth factor receptor Trk-A",1,1,0.0664373015873016,0.697591666666667,1,1,1,0.697591666666667,1,1,1
"Coagulation factor XI",1,0.81717880952381,0.0332186507936508,0.81717880952381,1,1,1,0.946731547619048,0.81717880952381,0.81717880952381,1
"Casein kinase I delta",1,1,1,1,1,1,1,1,1,1,1
"Matrix metalloproteinase 3",1,1,0.0996559523809524,0.498279761904762,0.498279761904762,1,1,1,1,1,1
"Tyrosine-protein kinase JAK1",0.358761428571429,0.834157231040564,0.0664373015873016,0.343259391534392,0.537034854497355,0.834157231040564,0.834157231040564,1,0.358761428571429,0.199311904761905,0.986593928571429
"Dipeptidyl peptidase IV",1,0.764028968253968,0.116265277777778,1,0.116265277777778,1,1,1,0.764028968253968,0.764028968253968,1
"Serine/threonine-protein kinase mTOR",1,0.571360793650794,0.564717063492063,1,0.571360793650794,0.199311904761905,1,0.199311904761905,1,1,1
"Glycogen synthase kinase-3 alpha",1,1,1,1,1,1,1,1,1,1,1
"Renin",1,0.905208234126984,1,0.905208234126984,1,0.905208234126984,0.905208234126984,0.905208234126984,0.905208234126984,0.905208234126984,0.905208234126984
"Sigma opioid receptor",0.382014484126984,0.132874603174603,0,0.191007242063492,0.199311904761905,0.764028968253968,0.622849702380952,0.474552154195011,0.191007242063492,0.81717880952381,1
"Mitogen-activated protein kinase kinase kinase 9",0.930122222222222,0.651085555555556,0.0996559523809524,0.82572074829932,0.82572074829932,1,1,0.149483928571429,0.930122222222222,0.531498412698413,0.531498412698413
"Phosphodiesterase 4D",1,1,1,1,1,1,1,1,1,0.664373015873016,0.83046626984127
"Carbonic anhydrase III",1,1,0.0664373015873016,0.132874603174603,0.758492526455027,1,0.423537797619048,0.423537797619048,1,0.644441825396825,1
"Hematopoietic cell protein-tyrosine phosphatase 70Z-PEP",1,1,1,1,1,1,1,1,1,1,1
"Phosphodiesterase 3B",1,1,0.232530555555556,1,0,1,1,1,1,1,1
"Arachidonate 15-lipoxygenase",0.885830687830688,0.996559523809524,0.348795833333333,1,0.348795833333333,0.876972380952381,1,0.348795833333333,0.348795833333333,1,1
"Phosphodiesterase 4C",1,1,1,1,0.465061111111111,1,1,0.265749206349206,1,1,0.298967857142857
"Telomerase reverse transcriptase",1,1,0.863684920634921,0.863684920634921,1,1,1,0.863684920634921,1,1,1
"Protein kinase C gamma",1,0.984102529761905,0.21592123015873,0.984102529761905,0.984102529761905,0.984102529761905,0.984102529761905,0.21592123015873,1,0.686518783068783,1
"Cathepsin S",1,1,0.0332186507936508,0.957804431216931,0.957804431216931,0.12180171957672,1,1,0.12180171957672,1,0.957804431216931
"Sphingosine 1-phosphate receptor Edg-5",1,1,0.730810317460317,1,1,1,1,1,1,1,1
"Tyrosine-protein kinase ITK/TSK",0.780638293650794,0.298967857142857,0.639459027777778,0.298967857142857,0.780638293650794,0.941195105820106,0.639459027777778,1,1,0.780638293650794,0.780638293650794
"Dual specificity mitogen-activated protein kinase kinase 2",1,1,1,1,1,1,1,1,1,1,1
"Tyrosine-protein kinase JAK2",0.177166137566138,0.816229705215419,1,0.819393386243386,0.166093253968254,0.976628333333333,0.816229705215419,0.564717063492064,0.816229705215419,0.819393386243386,0.166093253968254
"Rho-associated protein kinase 2",1,0.852612037037037,0.664373015873016,1,0.664373015873016,1,1,1,1,1,1
"Cholecystokinin B receptor",1,1,0,0.680982341269841,0.0442915343915344,0.711828231292517,1,0.718353323412698,0.0442915343915344,0.639459027777778,0.680982341269841
"Protein kinase C alpha",0.730810317460317,0.518210952380952,0,0.747419642857143,0.315577182539683,1,1,0.664373015873016,0.782483774250441,0.149483928571429,0.221457671957672
"Protein kinase C delta",1,1,0.199311904761905,1,1,1,1,0.747419642857143,1,1,1
"P2X purinoceptor 3",0.256258163265306,0.0581326388888889,0,0.767719929453263,1,1,0.767719929453263,0,0.0730810317460318,0.0581326388888889,0.0941195105820106
"Multidrug resistance-associated protein 1",0.415233134920635,1,0.415233134920635,1,0.498279761904762,0.745046882086168,1,0.415233134920635,0.415233134920635,1,0.498279761904762
"Receptor protein-tyrosine kinase erbB-4",1,0.376478042328042,0.996559523809524,0.481670436507936,1,0.996559523809524,0.481670436507936,0.481670436507936,1,0.376478042328042,0
"Cyclin-dependent kinase 2",1,1,0.896903571428571,0.498279761904762,0.896903571428571,1,1,1,1,1,0.896903571428571
"Phosphodiesterase 7A",1,1,1,1,1,1,1,1,1,1,1
"Matriptase",0.640645408163265,0.603472156084656,0.603472156084656,1,0.603472156084656,1,1,0.603472156084656,0.603472156084656,0.0996559523809524,1
"Sphingosine kinase 2",0.323881845238095,0.484992301587302,0.323881845238095,0.974413756613757,0.974413756613757,0.974413756613757,0.974413756613757,1,1,0.323881845238095,0.323881845238095
"Serine/threonine-protein kinase PLK1",0.790603888888889,0.637798095238095,0.771410890652557,0.406928472222222,0.0664373015873016,0.797247619047619,0.640645408163265,0.771410890652557,0.640645408163265,0.166093253968254,0.406928472222222
"Carbonic anhydrase VI",0.0996559523809524,1,0.631154365079365,0.680982341269841,0.631154365079365,1,0.0996559523809524,1,1,0.680982341269841,1
"Protein kinase C beta",1,1,1,1,1,1,1,1,1,1,1
"Cyclin-dependent kinase 7",0.282358531746032,0.722505654761905,0.722505654761905,1,0.677660476190476,0.722505654761905,0.764028968253968,0.677660476190476,0.310040740740741,0.282358531746032,1
"Glycine transporter 2",1,1,0.0996559523809524,1,1,1,1,1,1,1,1
"Cyclin-dependent kinase 1",0.166093253968254,0.252461746031746,0.110728835978836,0.574208106575964,0.387550925925926,0.948577028218695,0.110728835978836,0.110728835978836,0.764028968253968,1,0.950053412698413
"Excitatory amino acid transporter 1",0.354332275132275,0.354332275132275,1,0.354332275132275,0.437378902116402,1,0.868430442176871,0.437378902116402,1,0.382014484126984,1
"Plasma retinol-binding protein",1,0.944358786848073,0.083046626984127,0.166093253968254,0.290663194444444,0.498279761904762,1,0.802784060846561,0.083046626984127,1,1
"Poly [ADP-ribose] polymerase-1",1,1,1,1,1,1,1,1,1,1,1
"Thymidine phosphorylase",1,0.996559523809524,1,1,1,1,1,1,1,0.498279761904762,0.0664373015873016
"Cyclin-dependent kinase 9",0.714200992063492,1,0.714200992063492,0.714200992063492,0.714200992063492,1,0.745046882086168,1,0.714200992063492,1,0.714200992063492
"PI3-kinase p110-delta subunit",1,1,0.21592123015873,1,1,1,1,1,1,0.21592123015873,1
"DNA-dependent protein kinase",1,0.132874603174603,0.152805793650794,0.160556812169312,1,1,0.152805793650794,0.152805793650794,0.527346081349206,0.132874603174603,0.294222335600907
"PI3-kinase p110-beta subunit",1,1,0,1,0.249139880952381,1,1,0.249139880952381,0.249139880952381,1,0.451773650793651
"Serotonin 7 (5-HT7) receptor",1,1,1,1,1,1,1,1,1,1,1
"Bradykinin B2 receptor",0.905208234126984,1,0.298967857142857,1,0.905208234126984,0.905208234126984,1,1,1,1,1
"Protein-tyrosine phosphatase 1C",1,1,0.0996559523809524,1,0.653300132275132,1,0.39862380952381,0.888598908730159,1,1,1
"Carboxylesterase 2",0.0332186507936508,1,0.484043197278912,0.265749206349206,0.43184246031746,0.177166137566138,1,0.0498279761904762,0.257444543650794,1,1
"Estradiol 17-beta-dehydrogenase 1",0.514889087301587,1,0.719737433862434,0.514889087301587,0.78986569664903,0.78986569664903,0.969984603174603,0.780638293650794,0.78986569664903,0.78986569664903,0.78986569664903
"Histone deacetylase 8",0.946731547619048,0.808320502645503,1,1,1,1,0.808320502645503,1,1,0.808320502645503,1
"Prolyl endopeptidase",1,0.747419642857143,1,1,0.764028968253968,1,0.747419642857143,1,1,0.182702579365079,0.182702579365079
"Matrix metalloproteinase 9",0.423537797619048,0.968086394557823,0.423537797619048,0.423537797619048,0.684304206349206,1,0.907976455026455,0.423537797619048,1,1,1
"CD22",1,0.988254861111111,0.597935714285714,1,0.597935714285714,0.988254861111111,0.988254861111111,0.0664373015873016,0.988254861111111,1,0.988254861111111
"Metabotropic glutamate receptor 5",0.792502097505669,1,0.15502037037037,0.819393386243386,0.15502037037037,0.819393386243386,0.792502097505669,0.166093253968254,0.132874603174603,0.880294246031746,0.792502097505669
"Sphingosine 1-phosphate receptor Edg-6",0.946731547619048,1,1,1,1,1,1,1,0.946731547619048,1,1
"Rho-associated protein kinase 1",1,1,1,1,1,1,1,1,1,1,1
"Tyrosine-protein kinase HCK",0.671016746031746,1,0.671016746031746,0.671016746031746,0.671016746031746,0.963340873015873,1,0.671016746031746,1,1,1
"Carbonic anhydrase XII",1,1,0.697591666666667,1,1,1,1,1,1,1,1
"Histone deacetylase 1",0.282358531746032,1,1,0.537034854497355,1,0.232530555555556,1,0.265749206349206,0.537034854497355,0.282358531746032,0.920631179138322
"Lysophosphatidic acid receptor Edg-7",1,1,1,1,1,1,1,1,1,1,1
"PI3-kinase p110-gamma subunit",1,1,1,1,1,1,1,1,1,1,1
"PI4-kinase beta subunit",0.340491170634921,0.340491170634921,0.340491170634921,0.340491170634921,0.340491170634921,1,0.476133994708995,0.340491170634921,0.514889087301587,0.340491170634921,0.340491170634921
"Cathepsin L2",0.92181755952381,1,1,0.919049338624339,0.919049338624339,1,1,0.0332186507936508,1,1,1
"Urokinase-type plasminogen activator",1,1,1,1,1,1,1,1,1,1,1
"Testis-specific androgen-binding protein",1,1,1,1,1,1,1,1,1,1,1
"Caspase-6",1,0.210384788359788,0.89136712962963,1,0.210384788359788,0.89136712962963,0.938426884920635,0,0.631154365079365,1,0.938426884920635
"Cyclin-dependent kinase 4",1,1,1,0.232530555555556,1,1,1,1,1,1,1
"Histone deacetylase 11",1,1,1,1,1,1,1,1,0.930122222222222,1,1
"Sodium-dependent proline transporter",1,0.925969890873016,0.41286037414966,0.41286037414966,0.0332186507936508,1,0.41286037414966,0.116265277777778,0.41286037414966,0.41286037414966,0.981795679012346
"Matrix metalloproteinase-1",0.406928472222222,0.406928472222222,0.786174735449735,1,1,1,1,0.786174735449735,0.406928472222222,1,0.406928472222222
"Matrix metalloproteinase-2",1,0.593190192743764,0.0664373015873016,0.0664373015873016,0.083046626984127,0.106299682539683,0.956697142857143,0.083046626984127,0.298967857142857,0.609008597883598,0.609008597883598
"Protein-tyrosine phosphatase 1B",0.323881845238095,0.870328650793651,1,0.635306696428571,0.321113624338624,0.321113624338624,0.635306696428571,0.635306696428571,0.321113624338624,0.645918209876543,0.635306696428571
"Acetyl-CoA carboxylase 1",0.564717063492064,1,0.804629541446208,0.423537797619048,1,0.581326388888889,0.221457671957672,0.701743998015873,0.683355102040816,0.083046626984127,0.083046626984127
"Serotonin 6 (5-HT6) receptor",1,1,0.465061111111111,1,0.376478042328042,1,1,0.376478042328042,0.376478042328042,0.465061111111111,1
"MAP kinase ERK1",1,1,1,1,1,1,1,1,1,1,1
"Cytochrome P450 2C9",0.83046626984127,0.952267989417989,0.83046626984127,0.979950198412698,0,1,0.979950198412698,0.0775101851851852,0.0498279761904762,0.979950198412698,0.979950198412698
"Probable G-protein coupled receptor 88",0.498279761904762,1,0.265749206349206,1,1,1,1,1,1,1,1
"Cytochrome P450 3A4",0.971645535714286,1,0.43184246031746,0.141179265873016,0.520425529100529,0.930122222222222,1,0.141179265873016,0.141179265873016,0.141179265873016,1
"Pregnane X receptor",1,0.166093253968254,0.132874603174603,1,0.531498412698413,0.531498412698413,0.531498412698413,1,0.531498412698413,0.82097522675737,1
"Carboxypeptidase B2 isoform A",0.737454047619048,0.0996559523809524,0.737454047619048,0,0.597935714285714,0.737454047619048,0.597935714285714,0.942201731601732,0.597935714285714,0.597935714285714,0.737454047619048
"Serotonin 5a (5-HT5a) receptor",1,1,1,0.498279761904762,0.624510634920635,0.498279761904762,1,0.199311904761905,0.199311904761905,1,1
"Estrogen-related receptor alpha",1,1,1,1,1,0.83046626984127,1,1,1,1,0.83046626984127
"Amine oxidase, copper containing",0.448451785714286,1,0.597935714285714,1,1,0.604579444444444,0.735555839002268,0.448451785714286,0.604579444444444,1,0.6754458994709
"Protein kinase C zeta",0.132874603174603,1,0.773520011337869,0.132874603174603,0.669909457671958,1,1,0.669909457671958,1,0.669909457671958,0.669909457671958
"Melanin-concentrating hormone receptor 1",1,0.498279761904762,1,1,0.73911498015873,1,1,0.498279761904762,1,1,0.73911498015873
"Caspase-7",0.282358531746032,1,1,0.442915343915344,0.456756448412698,1,1,0.282358531746032,1,1,1
"C-C chemokine receptor type 3",0.647763690476191,0.790603888888889,0.647763690476191,1,0.884446577380952,0.955958950617284,0.647763690476191,0.884446577380952,0.884446577380952,1,0.647763690476191
"Phospholipase A2 group IIA",1,0.586862830687831,0.531498412698413,0.644441825396825,1,0.644441825396825,0.683355102040816,1,1,0.498279761904762,0.683355102040816
"Plasminogen activator inhibitor-1",1,1,1,0.863684920634921,1,1,1,0.597935714285714,1,1,1
"Inhibitor of nuclear factor kappa B kinase alpha subunit",0.690947936507937,1,0.690947936507937,0.888598908730159,1,1,0.888598908730159,0.690947936507937,0.690947936507937,0.690947936507937,0.780638293650794
"Proteasome Macropain subunit",1,1,1,1,1,1,1,0.919049338624339,1,0.919049338624339,0.919049338624339
"Carbonic anhydrase XIV",0.848585533910534,0.848585533910534,0.642227248677249,0.365405158730159,0.597935714285714,0.848585533910534,0.848585533910534,0.132874603174603,0.848585533910534,0.597935714285714,0.642227248677249
"LDL-associated phospholipase A2",0.690947936507937,1,1,1,0.642227248677249,0.690947936507937,1,0.365405158730159,1,0.642227248677249,1
"Cytochrome P450 17A1",0.116265277777778,1,1,0.332186507936508,1,1,1,0.332186507936508,0.876972380952381,1,0.116265277777778
"Histone deacetylase 4",1,0.816229705215419,0.770672698412698,0.387550925925926,0.387550925925926,0.631154365079365,1,0.816229705215419,0.0332186507936508,1,1
"Inhibitor of nuclear factor kappa B kinase epsilon subunit",1,0.863684920634921,0.166093253968254,1,1,0.487206878306878,1,1,1,0.487206878306878,1
"Phosphodiesterase 9A",1,1,1,1,1,1,1,1,1,1,1
"Tyrosine-protein kinase TYK2",1,1,1,1,1,1,1,1,1,1,1
"Steryl-sulfatase",0.440147123015873,1,0.0664373015873016,0.768181299603175,0.531498412698413,0.848921075837743,1,0.232530555555556,0.232530555555556,0.458417380952381,0.531498412698413
"Nitric-oxide synthase, brain",0.751571974206349,0.860363055555556,0.751571974206349,0.751571974206349,0.756647045855379,0.751571974206349,0.751571974206349,0.751571974206349,0.751571974206349,0.924082467532468,0.751571974206349
"Cholesteryl ester transfer protein",0.243603439153439,0.736346759259259,0.116265277777778,0.736346759259259,1,0.873175963718821,1,0.116265277777778,1,1,0.736346759259259
"Protein kinase C epsilon",1,0.680982341269841,1,0.680982341269841,1,1,0.874757804232804,1,1,1,1
"Dual specificity mitogen-activated protein kinase kinase 1",1,1,0.531498412698413,1,0.531498412698413,1,1,1,1,0.531498412698413,1
"Adenosine kinase",0.232530555555556,0.393087367724868,0.0996559523809524,1,0.0166093253968254,1,0.545734977324263,0,0.0885830687830688,0.984102529761905,1
"Hormone sensitive lipase",0.880294246031746,0.880294246031746,0.697591666666667,1,0.880294246031746,0.880294246031746,0.880294246031746,0.863684920634921,0.880294246031746,0.697591666666667,0.697591666666667
"Carbonic anhydrase IX",0.730810317460317,1,0.166093253968254,0.465061111111111,1,0.730810317460317,1,0.730810317460317,0.465061111111111,0.465061111111111,1
"Protein kinase C eta",1,1,0.332186507936508,1,0.923478492063492,0.647763690476191,1,1,1,0.647763690476191,0.647763690476191
"Cytochrome P450 2C19",1,0.664373015873016,0.0996559523809524,0.465061111111111,0.664373015873016,0.919049338624339,0.919049338624339,0.116265277777778,0.491636031746032,0.287894973544974,1
"Quinone reductase 1)",0.481670436507937,0.625617923280423,1,0.625617923280423,0.625617923280423,1,0.847075595238095,0.0996559523809524,0.625617923280423,1,0.847075595238095
"Casein kinase II alpha",1,1,0.664373015873016,0.664373015873016,1,1,0.664373015873016,0.664373015873016,1,1,1
"Opioid growth factor receptor-like protein 1",0.239174285714286,0.239174285714286,0.0996559523809524,1,1,0.805552281746032,0.805552281746032,1,0.232530555555556,0.239174285714286,0.603472156084656
"Kininogen-1",0.70866455026455,0.398623809523809,0.298967857142857,0.398623809523809,1,0.70866455026455,0.398623809523809,0.310040740740741,0.70866455026455,0.310040740740741,1
"Acetyl-coenzyme A transporter 1",0.885830687830688,0.179380714285714,0.0996559523809524,0.179380714285714,0.885830687830688,0.764028968253968,1,0.179380714285714,0.885830687830688,0.179380714285714,1
"Fibroblast growth factor receptor 1",1,1,0.365405158730159,1,0.564717063492064,0.564717063492064,1,1,0.564717063492064,1,1
"PI4-kinase alpha subunit",0.676830009920635,0.0747419642857143,0,0.70866455026455,0.132874603174603,0.676830009920635,0.740775912698413,0.842545779220779,0.0747419642857143,0,0.376478042328042
"Arachidonate 12-lipoxygenase",0.841539153439153,1,1,0.841539153439153,0.841539153439153,1,0.841539153439153,0.498279761904762,0.813856944444445,1,1
"Autotaxin",0.778792813051146,0.741883201058201,0.778792813051146,0.741883201058201,1,0.741883201058201,0.773520011337869,1,0.714200992063492,0.714200992063492,0.741883201058201
"ADAM17",1,0.974413756613757,0.724166587301587,0.724166587301587,1,0.724166587301587,1,1,0.724166587301587,0.724166587301587,1
"Prostanoid EP3 receptor",1,1,0.564717063492064,0.811484183673469,1,0.811484183673469,1,0.811484183673469,0.811484183673469,0.811484183673469,0.811484183673469
"Hepatocyte growth factor receptor",1,1,1,1,1,1,1,0.265749206349206,1,1,1
"Carbonic anhydrase IV",0.923478492063492,1,0.0332186507936508,1,0.923478492063492,0.332186507936508,1,1,0.132874603174603,1,1
"11-beta-hydroxysteroid dehydrogenase 2",0.680982341269841,1,1,0.838770932539683,0.775101851851852,0.680982341269841,1,1,1,1,1
"Histamine H4 receptor",0.282358531746032,1,0.531498412698413,1,1,1,1,1,1,1,0.282358531746032
"Beta-glucosidase",0.807213214285714,0.564717063492063,0.0664373015873016,0.199311904761905,0.0332186507936508,0.564717063492063,0.471704841269841,0.593783382936508,0.440147123015873,0.807213214285714,1
"Urotensin II receptor",0.730810317460317,1,1,0.730810317460317,1,1,0.919049338624339,1,1,0.971645535714286,1
"Metabotropic glutamate receptor 1",1,1,1,1,1,1,1,1,1,1,1
"Dual specificity phosphatase Cdc25A",1,1,1,1,1,1,1,1,1,1,1
"Caspase-8",0.903547301587302,1,0.903547301587302,1,0.903547301587302,0.903547301587302,1,0.903547301587302,1,1,1
"Interleukin-1 receptor-associated kinase 4",1,1,0.282358531746032,0,0.578004523809524,0.808320502645503,1,0,0.210384788359788,1,1
"Histone acetyltransferase p300",1,1,1,1,0.465061111111111,1,1,1,1,1,1
"Hydroxycarboxylic acid receptor 2",0.540989455782313,1,0.597935714285714,0.210384788359788,0.332186507936508,1,0.597935714285714,0.210384788359788,0.418555,0.210384788359788,0.509352645502645
"Serine/threonine-protein kinase PLK4",1,1,1,1,1,1,1,1,1,1,1
"Melanocortin receptor 1",1,1,1,1,0.910191031746032,1,0.199311904761905,0.365405158730159,0.606240376984127,0.597935714285714,1
"Calcitonin gene-related peptide type 1 receptor",1,1,1,1,1,1,1,1,1,1,1
"T-cell protein-tyrosine phosphatase",1,0.149483928571429,0.437378902116402,0.348795833333333,1,1,0.42519873015873,0.0332186507936508,1,0.265749206349206,0.749792403628118
"Cytosolic phospholipase A2",1,1,1,1,1,1,1,1,1,1,1
"Hexokinase type IV",1,1,1,1,1,1,1,1,1,1,1
"Serine/threonine-protein kinase NEK2",0.913512896825397,0.913512896825397,0.913512896825397,0.913512896825397,1,1,1,0.913512896825397,0.913512896825397,1,0.953849829931973
"LIM domain kinase 1",1,1,1,1,1,1,1,1,1,1,1
"Cathepsin L",1,1,0.27682208994709,0.27682208994709,1,1,1,1,1,0,0.531498412698413
"Protein kinase C mu",1,0.930122222222222,0.930122222222222,0.15502037037037,0.930122222222222,0.930122222222222,1,0.116265277777778,0.0664373015873016,0.930122222222222,0.174397916666667
"Protein-tyrosine phosphatase 2C",0.841539153439153,0.780638293650794,0.780638293650794,1,0.780638293650794,1,1,1,0.841539153439153,1,0.780638293650794
"Matrix metalloproteinase 14",0.991023082010582,1,0.992868562610229,0.991023082010582,0.991023082010582,0.991023082010582,0.992868562610229,0.991023082010582,1,0.991023082010582,0.992868562610229
"Heat shock protein HSP 90-alpha",1,1,1,1,0.476133994708995,1,1,0.476133994708995,0.476133994708995,1,1
"Sodium/glucose cotransporter 2",0.343259391534392,0.343259391534392,0.981795679012346,1,0.343259391534392,1,0.981795679012346,0.343259391534392,0.343259391534392,0.559971541950113,0.343259391534392
"Calpain 1",1,1,1,1,1,1,1,1,1,1,1
"Sphingosine 1-phosphate receptor Edg-3",1,1,0.132874603174603,1,1,1,1,1,1,1,1
"Bone morphogenetic protein 1",0.420769576719577,0.448451785714286,1,0.573021726190476,0.448451785714286,1,0.448451785714286,0.0664373015873016,0.573021726190476,1,0.420769576719577
"Glutathione S-transferase Pi",1,1,0,0.332186507936508,1,1,1,0.0166093253968254,1,1,1
"Tyrosine-protein kinase Lyn",1,0.558073333333333,0.558073333333333,1,1,0.558073333333333,0.884446577380952,0.558073333333333,0.884446577380952,0.884446577380952,0.558073333333333
"Ribosomal protein S6 kinase alpha 2",1,1,1,1,1,1,0.564717063492064,1,0.564717063492064,1,1
"Carbonic anhydrase XIII",1,1,0.415233134920635,1,1,1,0.930122222222222,0.415233134920635,1,1,1
"Complement C1s",0.597935714285714,1,0.61454503968254,0.0996559523809524,1,0.61454503968254,1,0.819393386243386,0.819393386243386,0.871989583333333,0.871989583333333
"Protein kinase C theta",0.775101851851852,1,1,1,0.775101851851852,1,1,1,0.531498412698413,1,1
"Heparanase",0.43184246031746,0.622849702380952,0.717522857142857,0.43184246031746,1,1,1,0.575789947089947,1,1,1
"Methionine aminopeptidase 2",0.476133994708995,1,1,0.631154365079365,0.631154365079365,1,1,0.631154365079365,0.476133994708995,0.476133994708995,0.816229705215419
"Serine/threonine-protein kinase Aurora-C",1,1,1,1,1,1,1,1,0.963340873015873,1,1
"Quinone reductase 2",0,1,0.780638293650794,0.332186507936508,0.981795679012346,0.0664373015873016,0.780638293650794,0.40526753968254,0.177166137566138,1,0.780638293650794
"MAP kinase p38 beta",1,0.42519873015873,0.116265277777778,0.654881972789116,0.654881972789116,0.896903571428571,0.42519873015873,1,0.42519873015873,0.116265277777778,1
"Carbonic anhydrase VB",1,1,1,1,1,1,1,1,1,1,1
"GAR transformylase",1,1,1,1,1,1,1,1,1,1,1
"Proteinase-activated receptor 1",0.978104717813051,0.978104717813051,0.512516326530612,0.210384788359788,0.312255317460317,0.274053869047619,0.512516326530612,0.149483928571429,0,1,1
"Fructose-1,6-bisphosphatase",1,0.680982341269841,1,0.382014484126984,0.620081481481481,0.382014484126984,0.659627494331066,0.40526753968254,0.348795833333333,1,0.348795833333333
"Dipeptidyl peptidase II",0.959649911816579,0.70866455026455,0.199311904761905,0.70866455026455,0.70866455026455,0.631154365079365,0.797247619047619,0.959649911816579,0.70866455026455,1,1
"Peroxisome proliferator-activated receptor delta",0.621663321995465,1,0.621663321995465,0.456756448412698,0.456756448412698,0.456756448412698,0.621663321995465,1,1,1,0.456756448412698
"Serine/threonine-protein kinase 10",1,1,0.780638293650794,1,0.780638293650794,1,1,1,1,1,1
"Dual specificity protein kinase TTK",1,1,0.61454503968254,1,1,1,1,1,0.564717063492064,1,1
"Coagulation factor VII",1,1,1,1,1,1,1,1,0.166093253968254,1,1
"PI3-kinase p110-alpha subunit",1,1,0.631154365079365,0.631154365079365,1,1,0.631154365079365,0.631154365079365,1,1,1
"Tyrosine-protein kinase ABL2",1,1,0.737454047619048,0.442915343915344,0.741883201058201,1,1,0.0664373015873016,0.249139880952381,0.84470283446712,0.737454047619048
"C-C chemokine receptor type 2",0.520425529100529,0.0332186507936508,0,0.958595351473923,1,1,0.285680396825397,0.285680396825397,1,0.285680396825397,1
"Glutamate receptor ionotropic, AMPA 2",0.907976455026455,1,0.783960158730159,0.548107738095238,0.548107738095238,0.783960158730159,1,1,0.783960158730159,1,1
"Neuropeptide Y receptor type 2",0.847075595238095,0.847075595238095,0.0664373015873016,0.847075595238095,1,0.847075595238095,1,0.730810317460317,1,0.847075595238095,0.847075595238095
"HMG-CoA reductase",0.365405158730159,0.0775101851851852,0,0.85419387755102,0.915358377425044,0.915358377425044,0.357100496031746,0.0775101851851852,1,0.85419387755102,1
"Signal transducer and activator of transcription 3",1,1,1,0.963340873015873,1,0.963340873015873,1,1,1,0.963340873015873,1
"Interleukin-8 receptor A",0.913512896825397,1,0,1,1,0.913512896825397,0.913512896825397,0.265749206349206,0.913512896825397,1,1
"Cyclin-dependent kinase 5",1,0.378692619047619,0.792502097505669,1,0.354332275132275,0.487206878306878,0.805552281746032,0.199311904761905,0.199311904761905,1,0.378692619047619
"MAP kinase ERK2",0.841539153439153,1,0.465061111111111,0.539803075396825,0.465061111111111,1,0.704235396825397,1,0.465061111111111,1,1
"Cystic fibrosis transmembrane conductance regulator",1,1,1,1,1,1,0.896903571428571,1,1,1,1
"Chymase",0.813856944444445,0.332186507936508,0.0166093253968254,1,0.631154365079365,0.959649911816579,0.631154365079365,0,0.631154365079365,1,0.631154365079365
"Casein kinase II alpha (prime)",1,1,0.946731547619048,0.764028968253968,1,1,1,1,1,1,1
"Cathepsin B",1,1,1,1,1,0.232530555555556,1,1,1,0.232530555555556,0.775101851851852
"Matrix metalloproteinase 7",1,1,1,1,1,1,1,1,1,1,1
"Bombesin receptor subtype-3",0.692055224867725,1,0.692055224867725,0.959649911816579,0.514889087301587,0.764028968253968,0.514889087301587,0.692055224867725,0.692055224867725,0.764028968253968,1
"LXR-beta",0.39862380952381,1,0.916834761904762,1,0.476133994708995,0.476133994708995,0.647763690476191,1,1,1,1
"Neurotensin receptor 1",0.465061111111111,1,0,1,0.465061111111111,0.603472156084656,0.991814002267574,0.448451785714286,1,1,0.603472156084656
"Tyrosine-protein kinase TIE-2",0.979950198412698,1,1,1,1,1,1,0.963340873015873,1,1,1
"Fibroblast growth factor receptor 2",1,1,0.996559523809524,1,1,1,1,1,1,1,1
"Histone deacetylase 9",1,1,0.21592123015873,0.747419642857143,0.481670436507937,0.747419642857143,1,0.749792403628118,0.481670436507937,0.21592123015873,1
"Fatty acid synthase",1,1,1,1,1,1,1,1,1,1,1
"c-Jun N-terminal kinase 2",1,1,1,1,1,1,1,1,1,1,1
"Sodium channel protein type II alpha subunit",1,1,1,1,1,1,1,1,1,1,1
"Monoglyceride lipase",1,1,0.110728835978836,1,0.110728835978836,0.110728835978836,0.92458578042328,1,1,0.92458578042328,0.43184246031746
"Inhibitor of apoptosis protein 3",0.448451785714286,0.586862830687831,1,0.448451785714286,0.653300132275132,0.955958950617284,0.653300132275132,0.705896329365079,1,0.653300132275132,0.654881972789116
"Serine/threonine-protein kinase 2",1,1,1,1,1,1,1,1,1,1,1
"Dual specificity protein kinase CLK4",1,0.704235396825397,1,0.704235396825397,0.704235396825397,0.704235396825397,1,1,0.704235396825397,1,1
"MAP kinase signal-integrating kinase 2",1,1,1,1,1,1,1,1,1,1,1
"Proteasome component C5",1,1,1,1,1,1,1,1,1,1,1
"Tyrosine-protein kinase FRK",1,1,1,1,1,1,0.631154365079365,1,1,0.797247619047619,0.797247619047619
"Dual specificty protein kinase CLK1",0.110728835978836,0.110728835978836,0.083046626984127,0.43184246031746,0.0332186507936508,0.43184246031746,1,0.4724430335097,0.110728835978836,0.110728835978836,1
"Dual specificity protein kinase CLK2",0.987068480725623,0.987068480725623,0.15502037037037,0.0664373015873016,0.556412400793651,1,1,1,0.0996559523809524,0.987068480725623,1
"Lipoxin A4 receptor",0.0996559523809524,0.813856944444445,0.143947486772487,0.813856944444445,0.83046626984127,0.43184246031746,1,0.476133994708995,0.143947486772487,0.298967857142857,1
"Estradiol 17-beta-dehydrogenase 3",1,1,1,1,1,1,1,1,1,1,1
"11-beta-hydroxysteroid dehydrogenase 1",1,0.573021726190476,0.573021726190476,0.573021726190476,0.132874603174603,1,1,0.573021726190476,0.149483928571429,0.573021726190476,0.573021726190476
"Ribosomal protein S6 kinase alpha 5",0.797247619047619,1,1,1,1,1,1,1,1,1,1
"ALK tyrosine kinase receptor",0.83046626984127,1,0.83046626984127,1,1,1,1,0.83046626984127,1,0.83046626984127,1
"Hypoxia-inducible factor 1 alpha",1,0.642227248677249,1,0.642227248677249,0.642227248677249,1,1,0.365405158730159,0.365405158730159,0.642227248677249,1
"TGF-beta receptor type II",1,0.741883201058201,0.39862380952381,1,1,1,1,0.39862380952381,0.963340873015873,1,1
"Serine/threonine-protein kinase AKT",1,1,1,1,1,1,1,1,1,1,1
"Sodium channel protein type IX alpha subunit",0.892751240079365,0.43184246031746,0.453988227513228,1,0.282358531746032,0.43184246031746,0.967031834215168,0.232530555555556,0.892751240079365,0.453988227513228,1
"P-glycoprotein 1",0.686518783068783,1,0.514889087301587,1,1,1,1,0.514889087301587,1,1,1
"Heat shock protein HSP 90-beta",0.199311904761905,0.764028968253968,1,0.764028968253968,0.764028968253968,0.199311904761905,0.764028968253968,0.764028968253968,1,0.764028968253968,0.764028968253968
"Calcium-activated potassium channel subunit alpha-1",1,1,0.265749206349206,1,0.282358531746032,1,0.907976455026455,1,1,1,1
"Intermediate conductance calcium-activated potassium channel protein 4",0.0913512896825397,0.0913512896825397,0,0.41286037414966,0.199311904761905,1,0.43184246031746,0.446606305114638,1,0.0498279761904762,0.159449523809524
"Voltage-gated potassium channel subunit Kv1.5",1,1,0.697591666666667,1,1,1,1,1,1,1,1
"Bradykinin B1 receptor",1,1,1,0.544785873015873,1,0.544785873015873,1,0.415233134920635,0.415233134920635,1,0.544785873015873
"Purinergic receptor P2Y1",1,1,1,1,1,0.498279761904762,1,0.498279761904762,1,0.797247619047619,1
"Sphingosine 1-phosphate receptor Edg-1",1,0.43184246031746,0.556412400793651,1,0.780638293650794,1,0.780638293650794,1,0.43184246031746,0.43184246031746,1
"Purine nucleoside phosphorylase",1,1,1,1,1,1,0.0996559523809524,1,1,1,1
"Serine/threonine-protein kinase GAK",0.85893939909297,0.975797867063492,1,1,0.85893939909297,0.85893939909297,0.85893939909297,0.85893939909297,0.85893939909297,0.85893939909297,1
"Induced myeloid leukemia cell differentiation protein Mcl-1",1,1,0.979950198412698,1,1,0.979950198412698,1,1,1,1,1
"Dual-specificity tyrosine-phosphorylation regulated kinase 2",1,1,0.919049338624339,0.925376700680272,0.0996559523809524,0.890259841269841,1,0.265749206349206,0.890259841269841,1,0.265749206349206
"Gastric inhibitory polypeptide receptor",0.780638293650794,0.991023082010582,0.780638293650794,0.780638293650794,1,0.780638293650794,1,1,0.991023082010582,1,1
"Matrix metalloproteinase 12",1,1,0.741883201058201,0.39862380952381,0.39862380952381,1,0.741883201058201,1,1,0.365405158730159,0.365405158730159
"Sphingosine kinase 1",0.260212764550265,0.313204421768707,1,0.0664373015873016,0.191007242063492,1,0.166093253968254,1,0.191007242063492,1,0.260212764550265
"Phosphodiesterase 8B",0.332186507936508,1,0.40811485260771,0.365405158730159,0.332186507936508,0.40811485260771,0.922740299823633,0.332186507936508,0.332186507936508,0.672677678571429,1
"Phosphodiesterase 10A",0.315577182539683,0.315577182539683,0.315577182539683,1,0.315577182539683,1,0.315577182539683,0.315577182539683,0.678609580498866,0.743267311507936,1
"Free fatty acid receptor 1",1,0.874757804232804,1,0.874757804232804,0.874757804232804,0.874757804232804,0.874757804232804,0.874757804232804,1,1,1
"Prostanoid DP receptor",0.0415233134920635,0,0,1,0.859993959435626,0.379641723356009,0.0609008597883598,0,0.893581706349207,0.0465061111111111,0.573021726190476
"Neurokinin 3 receptor",1,1,1,1,1,1,1,1,1,1,1
"TGF-beta receptor type I",1,1,0.764028968253968,1,1,1,1,1,1,1,1
"C-X-C chemokine receptor type 3",0.409696693121693,1,1,1,1,0.298967857142857,1,1,0.166093253968254,1,1
"Vitamin K-dependent protein C",1,1,1,1,1,1,1,1,1,1,1
"Tyrosine-protein kinase FGR",0.116265277777778,1,0.116265277777778,0.310040740740741,1,0.365405158730159,1,0.504923492063492,1,0.725273875661376,1
"NAD-dependent deacetylase sirtuin 3",0.870328650793651,0.870328650793651,0.870328650793651,0.498279761904762,1,0.870328650793651,0.870328650793651,0.870328650793651,0.870328650793651,0.870328650793651,0.870328650793651
"NAD-dependent deacetylase sirtuin 2",0.730810317460317,1,0.647763690476191,1,0.182702579365079,1,0.730810317460317,0.806738662131519,0.182702579365079,0.647763690476191,1
"Acyl coenzyme A:cholesterol acyltransferase 2",0.287894973544974,1,0.0996559523809524,0.726064795918367,0.726064795918367,0.759876636904762,0.511567222222222,0.382014484126984,0.287894973544974,1,1
"Voltage-gated N-type calcium channel alpha-1B subunit",1,0.752956084656085,0.752956084656085,1,1,1,1,0.752956084656085,0.946731547619048,0.946731547619048,0.772333630952381
"Nitric oxide synthase, inducible",1,1,0.171629695767196,0.806738662131519,0.171629695767196,1,1,0.171629695767196,0.0996559523809524,0.171629695767196,0.171629695767196
"Serine/threonine-protein kinase PAK 4",0.465061111111111,0.465061111111111,0.332186507936508,0.465061111111111,1,0.83046626984127,0.83046626984127,0.83046626984127,0.39862380952381,0.465061111111111,0.83046626984127
"Ribosomal protein S6 kinase 1",1,1,1,1,1,1,1,1,1,1,1
"NAD-dependent deacetylase sirtuin 1",0.664373015873016,1,0.0332186507936508,0,0.323881845238095,0.904285493827161,0.904285493827161,0.323881845238095,0.591291984126984,0.904285493827161,1
"Glutaminyl-peptide cyclotransferase",1,1,1,1,1,1,1,1,1,1,1
"Serine/threonine-protein kinase PIM2",1,1,1,1,1,1,1,1,1,1,1
"TRAF2- and NCK-interacting kinase",1,0.644441825396825,0.644441825396825,0.0332186507936508,0.631154365079365,1,1,0.716573752834467,0.644441825396825,0.716573752834467,1
"Coagulation factor XIII",1,1,0.907976455026455,1,1,1,0.907976455026455,0.0664373015873016,1,1,1
"5-lipoxygenase activating protein",1,0.930122222222222,1,0.737454047619048,1,1,0.737454047619048,0.737454047619048,0.737454047619048,0.737454047619048,1
"Neuropeptide Y receptor type 5",0.0332186507936508,0.679472402597403,0.0664373015873016,0.240835218253968,0.507770804988662,0.679472402597403,0.679472402597403,0.240835218253968,0.679472402597403,0.365405158730159,0.365405158730159
"Kinesin-like protein 1",1,1,1,1,1,1,1,1,1,1,1
"Matrix metalloproteinase 8",0.415233134920635,1,0.967031834215168,1,0.476133994708995,0.967031834215168,0.967031834215168,0.415233134920635,0.597935714285714,0.967031834215168,0.967031834215168
"C-C chemokine receptor type 8",0.874757804232804,0.874757804232804,0.476133994708995,0.548107738095238,1,1,1,0.476133994708995,0.199311904761905,1,1
"Tyrosine kinase non-receptor protein 2",0.651916021825397,0.651916021825397,0.651916021825397,1,0.651916021825397,0.651916021825397,0.651916021825397,1,1,0.651916021825397,0.651916021825397
"Serine/threonine-protein kinase PAK 1",0.917665228174603,0.84470283446712,0,0.43184246031746,0.43184246031746,0.924082467532468,0.924082467532468,0.84470283446712,0.924082467532468,0.82382253968254,0.797247619047619
"Tyrosine-protein kinase BRK",1,0.232530555555556,0.930122222222222,1,0.930122222222222,1,1,0.930122222222222,0.409696693121693,0.232530555555556,0.606240376984127
"Melanocortin receptor 5",0.710879126984127,1,0.792502097505669,0.232530555555556,0.240835218253968,0.240835218253968,1,0.792502097505669,0.240835218253968,1,1
"Ghrelin receptor",1,1,0,1,0.0166093253968254,1,1,1,0.310040740740741,1,1
"Phenylethanolamine N-methyltransferase",0.813856944444445,1,0,0.249139880952381,1,0.476133994708995,1,1,1,1,1
"Leukotriene A4 hydrolase",0.83711,0.83711,0.83711,1,0.83711,0.656068353174603,0.83711,0.83711,0.656068353174603,0.656068353174603,0.656068353174603
"Apoptosis regulator Bcl-X",1,1,0.597935714285714,1,1,1,1,1,1,1,1
"Serine/threonine-protein kinase Chk1",0.494127430555556,0.127338161375661,0,0.127338161375661,0.127338161375661,0.677660476190476,1,0.41286037414966,0.0166093253968254,0.127338161375661,0.677660476190476
"Voltage-gated potassium channel subunit Kv1.3",1,1,0.506584424603175,0.506584424603175,0.517261848072562,0.506584424603175,0.517261848072562,0.606240376984127,1,0.506584424603175,0.517261848072562
"Voltage-gated T-type calcium channel alpha-1G subunit",1,1,1,1,1,1,1,1,1,1,1
"Melanocortin receptor 3",0.957804431216931,0.780638293650794,1,1,0.780638293650794,0.780638293650794,1,0.936765952380952,0.780638293650794,1,1
"Dipeptidyl peptidase VIII",1,1,1,1,0.0996559523809524,0.747419642857143,1,1,1,1,1
"Lymphocyte differentiation antigen CD38",0.74926512345679,0.74926512345679,0.597935714285714,0.74926512345679,0.597935714285714,0.74926512345679,0.74926512345679,1,1,0.74926512345679,0.74926512345679
"Proteasome Macropain subunit MB1",1,0.704235396825397,0.941195105820106,1,0.564717063492064,0.704235396825397,1,1,0.704235396825397,0.704235396825397,1
"Apoptosis regulator Bcl-W",0.512516326530612,0.651916021825397,1,0.512516326530612,0.458417380952381,1,0.315577182539683,0.315577182539683,0.0996559523809524,1,0.315577182539683
"Aldo-keto-reductase family 1 member C3",1,0.930122222222222,0.620081481481481,1,0.620081481481481,0.620081481481481,1,1,0.987068480725623,0.930122222222222,0.656068353174603
"Fibroblast activation protein alpha",1,1,0.979950198412698,1,0.996559523809524,1,1,1,1,1,0.979950198412698
"Indoleamine 2,3-dioxygenase",1,1,0.199311904761905,1,1,1,0.232530555555556,1,1,1,1
"Malonyl-CoA decarboxylase",1,1,0,1,1,0.880294246031746,1,0.983272063492064,1,0.880294246031746,0.880294246031746
"Isoprenylcysteine carboxyl methyltransferase",0.243603439153439,1,0.841539153439153,1,0.166093253968254,0.0664373015873016,0.714200992063492,0.764028968253968,1,1,1
"Serine/threonine-protein kinase Aurora-A",1,0.531498412698413,1,1,0.531498412698413,1,1,1,1,1,1
"C3a anaphylatoxin chemotactic receptor",0.692055224867725,0.478348571428571,0.083046626984127,1,1,0.132874603174603,1,0.149483928571429,1,1,0.083046626984127
"Vesicular acetylcholine transporter",0.298967857142857,0.298967857142857,0.919049338624339,1,0.298967857142857,0.476133994708995,0.298967857142857,0.0664373015873016,0.851227926587302,1,0.811484183673469
"Geranylgeranyl pyrophosphate synthetase",1,1,0.199311904761905,1,0.199311904761905,1,1,0.548107738095238,0.548107738095238,1,1
"Neuropeptide Y receptor type 1",1,1,0.498279761904762,0.544785873015873,0.498279761904762,1,1,1,1,0.498279761904762,0.498279761904762
"Carbonic anhydrase VA",1,1,1,1,1,1,1,1,1,1,1
"Endothelin-converting enzyme 1",0.847075595238095,1,0.471704841269841,0.692846145124717,0.177166137566138,0.471704841269841,1,0.581326388888889,1,0.177166137566138,0.177166137566138
"Orexin receptor 2",1,0.883616111111111,1,0.883616111111111,0.883616111111111,1,1,0.883616111111111,0.883616111111111,1,1
"Dipeptidyl peptidase IX",0.847075595238095,1,0,1,0.15502037037037,0.15502037037037,1,0.61454503968254,1,0.724166587301587,1
"Vanilloid receptor",1,1,1,1,1,1,1,1,1,1,1
"Caspase-1",1,1,0.199311904761905,1,1,0.265749206349206,1,1,1,1,1
"Nitric-oxide synthase, endothelial",1,0.87614191468254,0.43184246031746,0.43184246031746,0.87614191468254,0.43184246031746,1,0.504923492063492,0.0332186507936508,0.542571296296296,1
"Dual specificity phosphatase Cdc25B",1,1,1,1,1,1,1,1,1,1,1
"P2X purinoceptor 7",1,1,1,1,1,1,1,1,1,1,1
"Serine/threonine-protein kinase AKT3",0.677660476190476,0.601626675485009,0,0.498279761904762,0.601626675485009,0.601626675485009,1,0.601626675485009,0.601626675485009,0.601626675485009,0.601626675485009
"Beta-secretase 1",0.836002711640212,1,0.836002711640212,0.873175963718821,0.836002711640212,1,0.836002711640212,0.836002711640212,1,0.836002711640212,1
"Acetyl-CoA carboxylase 2",0.868430442176871,0.736346759259259,0.265749206349206,0.736346759259259,0.882139726631393,0.736346759259259,1,1,0.736346759259259,0.882139726631393,0.736346759259259
"L-lactate dehydrogenase A chain",1,1,1,0.465061111111111,1,1,1,1,1,1,1
"C-X3-C chemokine receptor 1",1,1,0.907976455026455,1,0.907976455026455,1,1,1,0.907976455026455,1,1
"Eukaryotic translation initation factor",0.132874603174603,0.132874603174603,0.468752072310406,0.219243095238095,0.315577182539683,0.238066997354497,0.315577182539683,0.842545779220779,0.132874603174603,0.219243095238095,0.764028968253968
"Apoptosis regulator Bcl-2",0.509352645502645,1,1,1,1,1,1,0.509352645502645,0.697591666666667,1,0.509352645502645
"Cytochrome P450 1B1",0.618697371031746,0.221457671957672,0.116265277777778,0.30727251984127,0.116265277777778,1,1,0.618697371031746,0.451773650793651,1,0.618697371031746
"Tyrosine-protein kinase receptor UFO",1,0.223039512471655,0.166093253968254,0.12180171957672,0.83046626984127,1,0.12180171957672,0.12180171957672,0.210384788359788,0.210384788359788,0.743267311507936
"Neurotrophic tyrosine kinase receptor type 2",1,1,0.556412400793651,0.39862380952381,1,0.0332186507936508,0.556412400793651,0.735555839002268,1,0.735555839002268,0.735555839002268
"Mitogen-activated protein kinase kinase kinase 8",1,1,1,1,1,1,1,1,1,1,1
"Low molecular weight phosphotyrosine protein phosphatase",0.0664373015873016,1,0.484043197278912,0.107960615079365,1,0.484043197278912,0.107960615079365,0.484043197278912,1,0.107960615079365,0.942579216269841
"Casein kinase I epsilon",1,1,1,0.110728835978836,0.232530555555556,1,0.677660476190476,0.110728835978836,0,1,0.963340873015873
"L-lactate dehydrogenase B chain",0.325542777777778,0.709671176046176,0,0.709671176046176,0.315577182539683,0.650136451247166,0.709671176046176,0.631154365079365,0.709671176046176,0.199311904761905,0.182702579365079
"S-methyl-5-thioadenosine phosphorylase",1,1,1,1,1,1,1,1,1,1,1
"Proto-oncogene c-JUN",1,1,0.531498412698413,1,1,1,1,1,1,1,1
"Sodium/glucose cotransporter 1",0.548107738095238,0.110728835978836,0,0.453988227513228,0.613035101010101,0.531498412698413,0.110728835978836,0.240835218253968,0.548107738095238,0.285680396825397,0.455570068027211
"Transketolase",1,1,0.116265277777778,0.116265277777778,1,1,1,1,1,1,1
"Serine/threonine-protein kinase RIPK2",0.819393386243386,0.819393386243386,1,1,1,0.531498412698413,1,0.531498412698413,0.531498412698413,1,0.531498412698413
"p53-binding protein Mdm-2",1,0.788942956349206,0.166093253968254,1,1,0.564717063492063,0.564717063492063,1,1,1,1
"Serine-protein kinase ATR",0.971645535714286,1,0.658836574074074,0.949104308390023,1,1,0.658836574074074,0.43184246031746,0.43184246031746,0.43184246031746,0.43184246031746
"ADAM10",1,1,1,1,1,1,1,1,1,1,1
"Endoplasmic reticulum aminopeptidase 2",1,0.847075595238095,0.847075595238095,1,0.847075595238095,0.847075595238095,0.847075595238095,0.847075595238095,0.847075595238095,1,0.847075595238095
"G protein-coupled receptor 44",0.981795679012346,1,0.442915343915344,0.938426884920635,0.166093253968254,0.697591666666667,1,0.938426884920635,0.442915343915344,0.938426884920635,0.697591666666667
"Endothelial lipase",1,0.752956084656085,0.752956084656085,1,0.84375373015873,0.991814002267574,0.991814002267574,1,1,0.664373015873016,0.813856944444445
"Histone deacetylase 10",1,1,1,1,1,1,1,1,1,1,1
"GABA receptor alpha-5 subunit",1,1,1,1,1,1,1,1,1,1,1
"Orexin receptor 1",0.747419642857143,0.581326388888889,0.747419642857143,1,0.581326388888889,0.747419642857143,0.747419642857143,0.747419642857143,0.747419642857143,0.581326388888889,0.581326388888889
"Discoidin domain-containing receptor 2",1,1,1,0.963340873015873,0.963340873015873,1,1,0.963340873015873,0.963340873015873,1,1
"Metabotropic glutamate receptor 2",0.952267989417989,1,1,0.952267989417989,0.880294246031746,1,0.952267989417989,0.952267989417989,1,1,0.880294246031746
"Cytochrome P450 26A1",1,1,0.43184246031746,1,1,1,1,1,1,1,1
"Serine/threonine-protein kinase B-raf",1,1,1,1,1,1,1,1,1,1,1
"Ephrin type-B receptor 4",0.132874603174603,0.872744552669553,0.727119356261023,0.872744552669553,0.382014484126984,0.520425529100529,0.631154365079365,0.631154365079365,0.653300132275132,0.727119356261023,0.727119356261023
"Neuropilin-1",1,1,0.963340873015873,1,0.963340873015873,0.996559523809524,1,1,1,1,1
"dUTP pyrophosphatase",1,1,0.332186507936508,1,1,1,1,0.0664373015873016,1,1,1
"Serine/threonine-protein kinase ILK-1",1,0.805552281746032,0.27682208994709,0.27682208994709,0.805552281746032,0.498279761904762,0.498279761904762,1,0.27682208994709,1,0.805552281746032
"Tyrosine-protein kinase BTK",0.905208234126984,1,0.166093253968254,0.415233134920635,1,1,1,0.963340873015873,0.905208234126984,1,1
"Serine/threonine-protein kinase TNNI3K",0.971645535714286,0.971645535714286,0.61454503968254,0.975420382395382,0.971645535714286,0.61454503968254,0.975420382395382,0.971645535714286,0.971645535714286,0.975420382395382,0.971645535714286
"Cytochrome P450 2A6",0.232530555555556,0.455570068027211,0.455570068027211,0.653300132275132,0.455570068027211,0.653300132275132,0.987499891774892,0.455570068027211,0.298967857142857,0.455570068027211,0.750741507936508
"Mitogen-activated protein kinase kinase kinase 5",1,1,1,1,1,1,1,1,1,1,1
"Tyrosine-protein kinase receptor TYRO3",1,1,1,1,1,1,1,1,1,1,1
"Epithelial discoidin domain-containing receptor 1",0.157788591269841,0.282358531746032,0.574682658730159,0.157788591269841,0.157788591269841,0.574682658730159,0.282358531746032,0.872744552669553,0.157788591269841,0.282358531746032,0.282358531746032
"Proto-oncogene tyrosine-protein kinase MER",1,1,1,1,0.43184246031746,1,1,1,1,1,0.43184246031746
"Baculoviral IAP repeat-containing protein 3",1,1,0.930122222222222,1,0.442915343915344,0.790603888888889,1,1,0.514889087301587,0.442915343915344,0.199311904761905
"Poly [ADP-ribose] polymerase 2",1,0.279036666666667,0.370150680272109,0.279036666666667,1,1,1,0.370150680272109,0.279036666666667,0.279036666666667,0.279036666666667
"P-selectin",1,1,1,1,1,1,1,1,1,1,1
"ATP-binding cassette sub-family G member 2",0.61454503968254,1,0.61454503968254,0.265749206349206,1,0.61454503968254,1,0.744097777777778,1,0.92458578042328,1
"Pituitary adenylate cyclase-activating polypeptide type I receptor",1,1,1,1,1,1,1,1,1,1,1
"Serine/threonine-protein kinase PIM3",0.930122222222222,1,1,1,1,0.0664373015873016,1,0.415233134920635,0.465061111111111,1,1
"G-protein coupled bile acid receptor 1",1,0.959188541666667,0.959188541666667,0.959188541666667,0.930122222222222,1,0.631154365079365,0.930122222222222,0.880294246031746,1,0.930122222222222
"Metastin receptor",0.692846145124717,1,0.692846145124717,0.692846145124717,0.692846145124717,1,0.692846145124717,0.692846145124717,1,1,0.692846145124717
"Cell division cycle 7-related protein kinase",0.448451785714286,1,0.282358531746032,1,1,1,1,0.282358531746032,1,1,0.365405158730159
"Sodium channel protein type X alpha subunit",1,1,1,1,1,1,1,1,1,1,1
"Baculoviral IAP repeat-containing protein 2",1,0.863684920634921,1,1,0.95503621031746,1,1,0.95503621031746,0.95503621031746,1,1
"Receptor-interacting serine/threonine-protein kinase 1",0.680982341269841,0.548107738095238,0.548107738095238,1,1,0.680982341269841,0.680982341269841,0.0996559523809524,1,0.680982341269841,0.548107738095238
"Protein tyrosine kinase 2 beta",0.0498279761904762,0.0498279761904762,0.465061111111111,0.126230873015873,0.213548469387755,0.177166137566138,0.465061111111111,0.0498279761904762,0.427690128968254,0.0498279761904762,0.827446392496393
"Perforin-1",0.21592123015873,0.39862380952381,0.21592123015873,0.240835218253968,0.39862380952381,1,1,0.240835218253968,0.39862380952381,0.730810317460317,0.39862380952381
"D-amino-acid oxidase",0.287894973544974,0.287894973544974,0.221457671957672,0.574208106575964,1,0.627002033730159,0.21592123015873,0.959649911816579,0.287894973544974,0.21592123015873,1
"Serine/threonine-protein kinase WEE1",0.365405158730159,1,0.332186507936508,1,1,0.365405158730159,1,1,1,1,1
"Histone acetyltransferase PCAF",0.166093253968254,1,0.221457671957672,0.166093253968254,1,1,1,0.622849702380952,1,1,1
"Secreted frizzled-related protein 1",0.199311904761905,1,1,0.448451785714286,1,1,1,1,1,1,1
"Transient receptor potential cation channel subfamily V member 3",0.589631051587302,1,1,0.589631051587302,0.589631051587302,1,0.589631051587302,1,1,1,1
"Protein-arginine N-methyltransferase 1",1,0,0,1,0.402314770723104,0.402314770723104,0.151856689342404,0.0166093253968254,0.0332186507936508,0.0110728835978836,0.12180171957672
"Nuclear factor NF-kappa-B p65 subunit",1,1,0.857041190476191,0.884446577380952,0.857041190476191,1,0.884446577380952,0.857041190476191,0.884446577380952,0.857041190476191,0.857041190476191
"Dual specificity tyrosine-phosphorylation-regulated kinase 1B",0.597935714285714,0.207616567460317,0.0664373015873016,0.411080803571429,0.951261363636364,0.411080803571429,0.132874603174603,0.083046626984127,0.833788134920635,0.411080803571429,0.411080803571429
"Acyl-CoA desaturase",1,1,0.0332186507936508,0.98548664021164,1,1,1,0.98548664021164,1,1,1
"Proto-oncogene tyrosine-protein kinase ROS",1,1,1,1,1,1,1,1,1,1,1
"Lysyl-tRNA synthetase",1,0.354332275132275,0.132874603174603,0.0664373015873016,0.624510634920635,1,0.564717063492064,1,1,1,1
"DNA-(apurinic or apyrimidinic site) lyase",1,0.730810317460317,0.43184246031746,1,0.55364417989418,1,0.916834761904762,1,0.55364417989418,1,1
"Glucose-dependent insulinotropic receptor",0.602088045634921,1,0.0664373015873016,0.602088045634921,1,0.602088045634921,0.937504144620811,0.365405158730159,0.365405158730159,0.602088045634921,0.602088045634921
"Prostaglandin E synthase",1,1,0.166093253968254,1,1,1,1,1,1,1,1
"G protein-coupled receptor kinase 5",1,1,0.946731547619048,0.946731547619048,0.946731547619048,1,1,1,0.946731547619048,1,1
"Egl nine homolog 1",0.384387244897959,0.33772294973545,0.546262257495591,0.33772294973545,0.33772294973545,0.684304206349206,0.494127430555556,0.7730886002886,0.33772294973545,0.33772294973545,0.33772294973545
"Elongation of very long chain fatty acids protein 6",1,1,1,1,1,1,1,1,1,1,1
"Glucagon",1,1,1,1,1,1,1,1,1,1,1
"CREB-binding protein",0.249139880952381,0.365405158730159,0.249139880952381,0.149483928571429,1,0.149483928571429,1,1,0.249139880952381,1,0.249139880952381
"Mitogen-activated protein kinase kinase kinase 7",1,0.812011463844797,0.809704613095238,0.809704613095238,0.910191031746032,0.809704613095238,0.809704613095238,0.27682208994709,0,0.809704613095238,0.27682208994709
"Interferon-induced, double-stranded RNA-activated protein kinase",0.654407420634921,0.265749206349206,0.653300132275132,0.593783382936508,1,0.298967857142857,0.132874603174603,0.593783382936508,0.548107738095238,0.298967857142857,0.372048888888889
"Aldo-keto reductase family 1 member C2",1,1,0.298967857142857,1,1,1,1,1,1,1,1
"Trace amine-associated receptor 1",0.963340873015873,1,1,0.963340873015873,1,0.979950198412698,1,1,0.863684920634921,1,1
"Nuclear receptor ROR-alpha",1,1,1,0.631154365079365,0.631154365079365,1,1,1,1,1,1
"Heat shock factor protein 1",1,0.969984603174603,0,0.740301360544218,0.0221457671957672,0.819393386243386,0.697591666666667,0.819393386243386,0.671016746031746,0.0166093253968254,0.671016746031746
"Hematopoietic prostaglandin D synthase",0.847075595238095,1,0.0996559523809524,0.52319375,1,0.0332186507936508,0.847075595238095,0.664373015873016,0.847075595238095,1,0.52319375
"Aldo-keto reductase family 1 member C1",1,1,1,1,1,1,1,1,1,1,1
"Bifunctional protein NCOAT",0.702337188208617,0.556412400793651,0.556412400793651,1,0.702337188208617,1,0.702337188208617,1,0.43184246031746,0.759876636904762,0.556412400793651
"LIM domain kinase 2",0.916834761904762,0.916834761904762,0.916834761904762,0.916834761904762,1,1,1,0.916834761904762,1,1,1
"Serine/threonine-protein kinase PLK2",1,1,1,1,1,1,1,1,1,1,1
"Neuropeptide FF receptor 1",1,1,1,1,1,1,1,1,1,1,1
"Neuropeptide FF receptor 2",1,0.597935714285714,1,1,0.465061111111111,0.597935714285714,0.597935714285714,0.597935714285714,1,0.597935714285714,0.597935714285714
"IgG receptor FcRn large subunit p51",0.511567222222222,0.520425529100529,0.511567222222222,0.511567222222222,0.892751240079365,0.892751240079365,0.956697142857143,1,0.900594532627866,0.511567222222222,0.511567222222222
"Smoothened homolog",1,1,1,1,1,1,1,1,1,1,1
"Aldo-keto reductase family 1 member B10",0.972400505050505,0.963340873015873,0.797247619047619,0.847075595238095,0.166093253968254,0.972400505050505,0.797247619047619,0.972400505050505,0.972400505050505,0.972400505050505,0.972400505050505
"Serine/threonine-protein kinase 33",0.84944835600907,1,0.0332186507936508,0.737454047619048,0.265749206349206,1,0.265749206349206,0.265749206349206,1,0.84944835600907,1
"Transient receptor potential cation channel subfamily A member 1",1,1,0.564717063492063,0.564717063492063,0.564717063492063,1,1,1,0.564717063492063,0.564717063492063,0.564717063492063
"Diacylglycerol O-acyltransferase 1",1,1,0.506584424603175,1,1,1,1,0.506584424603175,0.506584424603175,1,0.506584424603175
"Histone-lysine N-methyltransferase, H3 lysine-9 specific 3",0.956697142857143,1,0.639459027777778,1,1,0.639459027777778,1,1,0.639459027777778,0.639459027777778,1
"Lysine-specific histone demethylase 1",1,1,0.166093253968254,1,1,1,1,0.348795833333333,1,1,1
"Alpha-synuclein",1,1,1,1,1,1,1,1,1,1,1
"Tankyrase-2",0.61454503968254,0.651085555555556,0.531498412698413,1,0.61454503968254,0.61454503968254,1,1,1,1,1
"Tankyrase-1",1,0.627002033730159,0.0664373015873016,0.627002033730159,0.43184246031746,1,0.627002033730159,0.627002033730159,0.589631051587302,0.564717063492063,1
"Mitogen-activated protein kinase kinase kinase kinase 4",1,0.531498412698413,1,0.491636031746032,0.0996559523809524,0.984102529761905,0.984102529761905,1,0.491636031746032,0.491636031746032,0.491636031746032
"Lysine-specific demethylase 4C",1,0.256258163265306,0.132874603174603,0.232530555555556,0.323881845238095,0.494588800705467,0.624510634920635,0.232530555555556,0.232530555555556,0.256258163265306,0.256258163265306
