"","EGFR","Hypoxia","JAK.STAT","MAPK","NFkB","PI3K","TGFb","TNFa","Trail","VEGF","p53"
"Arginase-1",0.132874603174603,1,0.382014484126984,0.232530555555556,1,1,0.243603439153439,0.644441825396825,1,1,1
"Leucine-rich repeat serine/threonine-protein kinase 2",0.415233134920635,1,0,1,1,0.950053412698413,1,1,1,0.487206878306878,0.950053412698413
"Tyrosyl-DNA phosphodiesterase 1",1,1,1,1,0.149483928571429,1,1,0.149483928571429,1,1,1
"Transitional endoplasmic reticulum ATPase",1,1,1,1,1,1,1,1,1,0.996559523809524,0.996559523809524
"Glucokinase regulatory protein",0,0.645390929705215,0.0083046626984127,0,0.620081481481481,0.66022068452381,1,0,0.43184246031746,0.989177601410935,1
"Pyruvate kinase isozymes M1/M2",0.083046626984127,0.889521649029982,0.645390929705215,1,0.404160251322751,0,0.0332186507936508,0.0166093253968254,0.404160251322751,1,0.797247619047619
"Transient receptor potential cation channel subfamily M member 8",1,1,1,1,1,1,1,1,1,1,1
"G-protein coupled receptor 55",0,0.775101851851852,0.775101851851852,0,0.793095287698413,0.343259391534392,1,0.967031834215168,0.506584424603175,0.793095287698413,1
"Endoplasmin",0,0.833788134920635,0.754537925170068,0.083046626984127,0.754537925170068,0.833788134920635,0.754537925170068,0.881804184704185,0.754537925170068,0.833788134920635,0.453988227513228
"Serine/threonine-protein kinase/endoribonuclease IRE1",0.737454047619048,0.841539153439153,0.930122222222222,0.0996559523809524,0.0221457671957672,0.930122222222222,0.930122222222222,0,0.930122222222222,0.930122222222222,0.0166093253968254
"NADPH oxidase 4",0,0.31742266313933,0.055364417989418,0,0.31742266313933,0.385336349206349,0.182702579365079,0.204848346560847,0.410703318903319,0.261003684807256,0.204848346560847
"Ketohexokinase",1,1,1,1,0.996559523809524,1,1,1,1,1,1
"Lethal(3)malignant brain tumor-like protein 1",1,0.787756575963719,0.787756575963719,0.859993959435626,0,0.787756575963719,0.859993959435626,0,0.787756575963719,0.787756575963719,1
"Microtubule-associated protein tau",0.132874603174603,1,1,0,1,1,1,1,0.871989583333333,1,0.132874603174603
"15-hydroxyprostaglandin dehydrogenase [NAD+]",0.0249139880952381,0.0664373015873016,0.0664373015873016,0,0,0.109146995464853,0.582836327561328,0,0.42519873015873,0.128722271825397,0.354332275132275
"G-protein coupled receptor 35",0.85419387755102,1,0.85419387755102,0.531498412698413,0.85419387755102,0.85419387755102,0.531498412698413,1,0.85419387755102,1,1
"ATP-sensitive inward rectifier potassium channel 1",0.321113624338624,1,0.321113624338624,0.321113624338624,1,0.92458578042328,1,1,0.92458578042328,1,0.92458578042328
"Neuropeptides B/W receptor type 1",1,0.365405158730159,1,1,0.0996559523809524,1,1,0.265749206349206,1,1,1
"Nuclear receptor ROR-gamma",1,1,0.83046626984127,1,0,1,0.0996559523809524,0,1,1,1
"DNA topoisomerase I",0.132874603174603,1,0.177166137566138,0.132874603174603,1,1,1,1,1,1,1
"Farnesyl diphosphate synthase",0,1,1,0,0.352117698412698,1,0.688100623582766,1,0.0221457671957672,0.688100623582766,0.352117698412698
"Glucagon-like peptide 1 receptor",1,1,0.132874603174603,1,1,0.315577182539683,1,0.714200992063492,0.686518783068783,1,1
"Endothelin receptor ET-B",1,0.207616567460317,0.0498279761904762,0.792502097505669,0.0498279761904762,1,1,0.0885830687830688,1,0.792502097505669,0.792502097505669
"Steroid 5-alpha-reductase 1",0.182702579365079,1,0.398623809523809,0.182702579365079,0.478348571428571,0.815702425044092,0.618697371031746,0.542571296296296,0.618697371031746,0.85039746031746,0.478348571428571
"Vasopressin V2 receptor",1,1,1,1,1,1,1,1,1,1,1
"Somatostatin receptor 5",0.0166093253968254,0.446079024943311,0.672677678571429,0.055364417989418,0.199311904761905,1,0.446079024943311,0.083046626984127,1,0.0166093253968254,1
"Histone-lysine N-methyltransferase, H3 lysine-79 specific",1,0.274053869047619,0.132874603174603,1,0.0166093253968254,1,1,0.0166093253968254,1,0.604579444444444,1
"Bromodomain-containing protein 3",1,1,1,0.332186507936508,1,1,1,1,1,0.348795833333333,1
"Cysteinyl leukotriene receptor 1",0.0664373015873016,0.382014484126984,0.146162063492064,0.39862380952381,0.0166093253968254,0.560564732142857,0.146162063492064,0,0.813856944444445,0.813856944444445,1
"Plasminogen",0,0.867837251984127,0.588444671201814,0,0.259105476190476,1,0.210384788359788,0.581326388888889,0.240835218253968,1,1
"Leukocyte adhesion glycoprotein LFA-1 alpha",0,0.98548664021164,0.0249139880952381,0,0.0221457671957672,1,0.469806632653061,1,0.556412400793651,0.0996559523809524,0.469806632653061
"Somatostatin receptor 2",0,0.0996559523809524,0.0996559523809524,0.0166093253968254,0.0442915343915344,0.332186507936508,0.361252827380952,0.332186507936508,0.860665043290043,0.740775912698413,0.682827821869489
"Muscarinic acetylcholine receptor M4",0.199311904761905,1,0.254676322751323,0.254676322751323,0.880294246031746,1,1,0.680982341269841,1,1,0.880294246031746
"Inosine-5'-monophosphate dehydrogenase 1",0.714200992063492,1,1,1,1,1,1,0.714200992063492,1,1,1
"Receptor protein-tyrosine kinase erbB-2",0.85419387755102,1,0.85419387755102,1,0.586862830687831,0.85419387755102,1,0.0332186507936508,1,0.282358531746032,0.85419387755102
"TNF-alpha",0.0996559523809524,1,0.27682208994709,0,1,1,1,1,1,1,0.664373015873016
"Phosphodiesterase 5A",1,0.232530555555556,0.15502037037037,0.778265532879819,0.345473968253968,0.840431865079365,0.840431865079365,0,0.813856944444445,0.49274332010582,0.15502037037037
"Serotonin 2b (5-HT2b) receptor",1,0.631154365079365,0.199311904761905,1,0.315577182539683,0.315577182539683,1,0.298967857142857,1,1,1
"Thromboxane-A synthase",0.735555839002268,0.538142142857143,1,0.348795833333333,1,1,0.880294246031746,0.348795833333333,0.348795833333333,0.735555839002268,0.0664373015873016
"Prostanoid EP4 receptor",0.0664373015873016,1,1,0.298967857142857,1,1,0.664373015873016,0.298967857142857,0.664373015873016,1,1
"Dopamine D5 receptor",0.132874603174603,0.852612037037037,0.852612037037037,0.852612037037037,1,1,0.852612037037037,0.852612037037037,0.852612037037037,0.852612037037037,0.852612037037037
"Somatostatin receptor 4",1,1,1,1,1,1,1,1,1,1,1
"Gonadotropin-releasing hormone receptor",0.343259391534392,0.343259391534392,1,1,0.343259391534392,1,1,0.365405158730159,1,1,0.989915793650794
"4-hydroxyphenylpyruvate dioxygenase",0.711828231292517,0.680982341269841,0.680982341269841,1,0.680982341269841,0.680982341269841,0.514889087301587,0.0332186507936508,1,0.826313938492064,1
"Tyrosine-protein kinase ABL",0.177166137566138,1,0.132874603174603,0,1,0.783960158730159,0.705896329365079,1,1,1,1
"Vascular endothelial growth factor receptor 1",0.083046626984127,0.697591666666667,0.772333630952381,1,1,0.969984603174603,1,1,1,1,0.083046626984127
"Tissue-type plasminogen activator",0.620081481481481,1,0.265749206349206,0.199311904761905,0.749792403628118,0.669909457671958,0.669909457671958,0.83046626984127,1,1,0.669909457671958
"Calcium sensing receptor",0.132874603174603,0.332186507936508,0.915358377425044,0.332186507936508,0.332186507936508,0.606240376984127,0.332186507936508,0.332186507936508,1,1,0.370150680272109
"Neuronal acetylcholine receptor protein alpha-4 subunit",0.558073333333333,0.926800357142857,0.859532589285714,0.859532589285714,0.373709821428571,0.859532589285714,0.867375881834215,0,0.945221608946609,0.0885830687830688,0.0664373015873016
"Potassium channel, inwardly rectifying, subfamily J, member 11",1,1,1,1,0,1,0.705896329365079,0,1,0.564717063492063,1
"Vasopressin V1a receptor",0.30727251984127,0.30727251984127,1,0.30727251984127,0.657729285714286,0.845230114638448,0.768181299603175,1,0.758492526455027,0.30727251984127,0.768181299603175
"Glutamate carboxypeptidase II",1,0.481670436507937,1,0.481670436507937,0.199311904761905,0.816229705215419,0.758492526455027,0.0996559523809524,0.571360793650794,1,0.842923263888889
"Serotonin 1b (5-HT1b) receptor",0.934867743764172,0.514889087301587,0.332186507936508,1,0.730810317460317,1,0.730810317460317,0.343259391534392,0.332186507936508,1,1
"Serotonin 3a (5-HT3a) receptor",0.348795833333333,1,0.465061111111111,0.83046626984127,0.83046626984127,1,0.982322959183673,0.348795833333333,1,0.982322959183673,1
"Aldose reductase",1,1,0.338830238095238,1,0.282358531746032,0.797247619047619,0.338830238095238,0,0.338830238095238,0.642227248677249,1
"Glutamate [NMDA] receptor subunit epsilon 2",0.243603439153439,0.315577182539683,0.70866455026455,0.0498279761904762,1,1,1,0.0498279761904762,0.70866455026455,1,1
"Serine/threonine-protein kinase RAF",0.332186507936508,0.332186507936508,0.332186507936508,0.166093253968254,0.437378902116402,0.813856944444445,1,1,0.974413756613757,0.437378902116402,0.512516326530612
"Aminopeptidase N",0.166093253968254,0.538142142857143,0.960019007936508,0.166093253968254,0.43184246031746,0.960019007936508,0.960019007936508,0.538142142857143,0.960019007936508,1,0.960019007936508
"Cytochrome P450 11B1",1,1,1,1,1,1,1,1,1,1,1
"Butyrylcholinesterase",0.310040740740741,1,0.265749206349206,1,1,0.083046626984127,1,0.0166093253968254,1,0.0221457671957672,0
"Alpha-2c adrenergic receptor",0,1,1,0.083046626984127,0.12180171957672,1,1,1,0.232530555555556,1,1
"Melatonin receptor 1A",0,1,0.12180171957672,0.0166093253968254,0.359868716931217,1,0.776485962301587,0.182702579365079,0.325542777777778,0.776485962301587,1
"Melatonin receptor 1B",0.0442915343915344,1,0.43184246031746,0,1,1,1,0.0166093253968254,0.43184246031746,0.43184246031746,1
"Thyroid hormone receptor beta-1",0.438486190476191,1,0.734962648809524,0.734962648809524,0,0.373709821428571,0.734962648809524,0,0.373709821428571,1,1
"Cyclophilin A",0.930122222222222,0.916834761904762,0.597935714285714,0,0.916834761904762,0.916834761904762,0.597935714285714,0.597935714285714,0.869221362433862,0.916834761904762,0.750741507936508
"Thymidylate synthase",0,1,1,0.188239021164021,0.571360793650794,0.678609580498866,0.586862830687831,0.149483928571429,0.315577182539683,1,1
"Vascular endothelial growth factor receptor 3",0.816229705215419,0.39862380952381,0.816229705215419,0.816229705215419,0.816229705215419,1,0.39862380952381,1,1,0.816229705215419,1
"Insulin-like growth factor I receptor",1,0.98548664021164,1,1,0.98548664021164,1,1,0.43184246031746,1,1,1
"Epoxide hydrolase 1",0.0498279761904762,1,1,0,1,1,1,1,0.55364417989418,0.847075595238095,1
"Tyrosine-protein kinase receptor FLT3",0,0.254676322751323,1,0.0166093253968254,0.0332186507936508,1,0.446079024943311,0.0332186507936508,0.254676322751323,0.915358377425044,0.564717063492064
"Vitamin D receptor",0.346423072562358,0.346423072562358,0.346423072562358,0.642227248677249,0.132874603174603,0.083046626984127,0.664373015873016,0.083046626984127,0.141179265873016,1,0.423537797619048
"Cytochrome P450 19A1",0,1,1,0.0664373015873016,1,1,1,1,1,1,1
"Insulin receptor",0.578953628117914,0.884446577380952,0.564717063492064,0.578953628117914,0.0996559523809524,0.963340873015873,0.564717063492064,0.21592123015873,0.963340873015873,0.509352645502645,1
"Serotonin 1d (5-HT1d) receptor",0.305611587301587,0.43184246031746,0.182702579365079,0.539803075396825,0,0.976628333333333,1,0,0.55364417989418,0.43184246031746,0
"Inhibitor of nuclear factor kappa B kinase beta subunit",0.52319375,0.783960158730159,0.783960158730159,1,0.0498279761904762,0.734962648809524,0.704235396825397,0,0.734962648809524,0.52319375,0.734962648809524
"Prostanoid IP receptor",0,0.0110728835978836,0.213548469387755,0,0.671754938271605,0.448451785714286,0.0465061111111111,1,0.213548469387755,0.883616111111111,0.0415233134920635
"Equilibrative nucleoside transporter 1",0.934274553571429,0.934274553571429,1,0.934274553571429,0,1,0.934274553571429,0.0166093253968254,1,0.934274553571429,0.354332275132275
"Purinergic receptor P2Y12",1,0.0996559523809524,0.0332186507936508,0.192668174603175,0.880294246031746,0.498279761904762,0.0996559523809524,0.645390929705215,0.880294246031746,0.0996559523809524,0.880294246031746
"Retinoic acid receptor gamma",0.780638293650794,1,1,0.780638293650794,0.913512896825397,1,1,1,1,1,0.913512896825397
"Platelet-derived growth factor receptor alpha",0.110728835978836,0.12456994047619,0.402776140873016,0.110728835978836,0.193775462962963,1,1,0.110728835978836,0.193775462962963,1,0.313204421768707
"Retinoic acid receptor beta",1,0.793556657848325,0.298967857142857,0.232530555555556,0.149483928571429,0.986593928571429,0.239174285714286,0,0.793556657848325,0.239174285714286,0.793556657848325
"Nociceptin receptor",0.21592123015873,1,0.707557261904762,0.390319146825397,0.15502037037037,0.0332186507936508,0.345473968253968,0.390319146825397,0.620081481481482,0.390319146825397,0.0332186507936508
"Dihydrofolate reductase",0.786174735449735,1,1,0,1,1,1,1,1,1,0.0996559523809524
"Epidermal growth factor receptor erbB1",0.531498412698413,0.631154365079365,0.514889087301587,0.498279761904762,1,0.531498412698413,1,0.716573752834467,0.531498412698413,1,1
"Muscarinic acetylcholine receptor M5",0.887412528344671,0.764028968253968,0.465061111111111,0.887412528344671,0.887412528344671,0.950883878968254,1,0.887412528344671,1,1,0.887412528344671
"Peptidyl-prolyl cis-trans isomerase FKBP5",0.292324126984127,0.542571296296296,0.292324126984127,0.292324126984127,1,0.292324126984127,1,1,1,1,0.292324126984127
"Retinoic acid receptor alpha",0.592399272486772,0.592399272486772,0.0996559523809524,1,0.0996559523809524,1,0.83046626984127,0.0996559523809524,0.0996559523809524,1,1
"Estrogen receptor alpha",0,0.538142142857143,0.110728835978836,0,1,1,0.651916021825397,1,0.332186507936508,0.651916021825397,0.651916021825397
"Beta-2 adrenergic receptor",0.384387244897959,0.243603439153439,0.384387244897959,1,0,0.867837251984127,0.996559523809524,0.0332186507936508,1,0.384387244897959,0.384387244897959
"Cyclin T1",0.564717063492064,0.950053412698413,0.950053412698413,1,0.950053412698413,1,0.950053412698413,1,1,1,1
"Muscarinic acetylcholine receptor M2",0.0221457671957672,0.109146995464853,0.660682054673721,0.0609008597883598,0.0221457671957672,0.694571789321789,0.157788591269841,0.0221457671957672,0.694571789321789,0.0609008597883598,0.0609008597883598
"Beta-1 adrenergic receptor",0.56886939484127,0.352117698412698,0.191007242063492,0.56886939484127,0.0498279761904762,1,0.143947486772487,0.0498279761904762,0.354332275132275,1,1
"Dopamine D2 receptor",1,0.797247619047619,0.556412400793651,0.822161607142857,0.0664373015873016,1,1,0.481670436507937,0.556412400793651,0.822161607142857,0.822161607142857
"Beta-glucocerebrosidase",0.465061111111111,0.465061111111111,1,0.631154365079365,0.282358531746032,1,0.654881972789116,0.0332186507936508,1,0.654881972789116,1
"Motilin receptor",0.989915793650794,0.780638293650794,0.631154365079365,0.780638293650794,0.390319146825397,0.265749206349206,0.390319146825397,0.348795833333333,1,0.780638293650794,0.83046626984127
"MAP kinase-activated protein kinase 2",0,0.943409682539682,1,0,0.159449523809524,0.427690128968254,0.210384788359788,0.465061111111111,0.0332186507936508,0.256258163265306,0.0913512896825397
"Cyclooxygenase-1",1,1,1,0.956697142857143,0.956697142857143,1,0.956697142857143,1,1,0.956697142857143,0.956697142857143
"Norepinephrine transporter",0.292324126984127,1,0.116265277777778,0.116265277777778,0.282358531746032,1,1,0.282358531746032,0.919049338624339,1,1
"Anandamide amidohydrolase",0.116265277777778,0.735555839002268,0.199311904761905,0.0996559523809524,0.340491170634921,0.571360793650794,0.847075595238095,0.6754458994709,1,1,0.937504144620811
"Serotonin 2c (5-HT2c) receptor",0.0332186507936508,1,0.378692619047619,0,0.0442915343915344,0.834618601190476,0.387550925925926,0.12456994047619,1,0.948577028218695,0.683355102040816
"Dipeptidyl peptidase I",0.332186507936508,0.448451785714286,1,0.448451785714286,0.972831916099773,1,0.972831916099773,1,0.671016746031746,1,0.448451785714286
"Serotonin transporter",0.597935714285714,0.656068353174603,0.298967857142857,0.730810317460317,1,1,1,1,0.730810317460317,1,0.597935714285714
"Peroxisome proliferator-activated receptor alpha",1,1,1,0.498279761904762,0.838770932539683,1,1,0.838770932539683,0.838770932539683,1,1
"HERG",1,0.282358531746032,0.840431865079365,0.224225892857143,0,0.509352645502646,0.0498279761904762,0.0664373015873016,0.282358531746032,0.303713378684807,0.452604117063492
"Epoxide hydratase",1,1,1,1,0.752956084656085,1,0.752956084656085,0.465061111111111,1,1,1
"Phosphodiesterase 3A",0.877921485260771,0.581326388888889,1,1,0.149483928571429,1,0.581326388888889,0.149483928571429,0.877921485260771,0.84375373015873,1
"C-C chemokine receptor type 1",0.0166093253968254,1,0.0885830687830688,0,1,1,1,1,1,1,1
"C-C chemokine receptor type 4",0.991814002267574,0.991814002267574,1,0.664373015873016,0.0332186507936508,1,0.991814002267574,0.991814002267574,1,0.991814002267574,1
"Estrogen receptor beta",0.445129920634921,0.6754458994709,1,0.382014484126984,0.199311904761905,0.958595351473923,0.445129920634921,0.445129920634921,1,1,1
"Glyoxalase I",0.741883201058201,0.741883201058201,1,0.730810317460317,1,1,1,0.938426884920635,1,1,1
"Myosin light chain kinase, smooth muscle",1,0.0664373015873016,1,1,0.465061111111111,0.847075595238095,1,1,1,1,0.083046626984127
"Serine/threonine-protein kinase AKT2",1,1,1,1,0.15502037037037,1,0.116265277777778,0,0.257444543650794,1,1
"Interleukin-8 receptor B",1,0.0332186507936508,0.786174735449735,1,0,0.786174735449735,1,0,1,1,0.249139880952381
"Myeloperoxidase",0.116265277777778,0.863684920634921,0.84375373015873,0.116265277777778,0.415233134920635,0.955958950617284,0.950883878968254,0.254676322751323,1,0.950883878968254,1
"Coagulation factor X",0.290663194444444,0.684304206349206,0.70866455026455,0.290663194444444,0.938426884920635,1,1,0.290663194444444,1,0.754537925170068,0.290663194444444
"Deoxycytidine kinase",0.489975099206349,0.935658664021164,0.489975099206349,0.489975099206349,0.558073333333333,0.953375277777778,0.953375277777778,0,1,0.953375277777778,0.953375277777778
"Muscarinic acetylcholine receptor M3",0.182702579365079,0.885830687830688,0.906869166666667,0.166093253968254,0.310040740740741,1,0.885830687830688,0.906869166666667,0.885830687830688,0.906869166666667,0.906869166666667
"Beta-3 adrenergic receptor",0.0083046626984127,0.110728835978836,1,0.0083046626984127,0,0.759876636904762,1,0.0083046626984127,1,0.039862380952381,0.493534240362812
"Death-associated protein kinase 3",0,1,1,1,0.0775101851851852,0.138411044973545,0.0863684920634921,0,0.0863684920634921,0.707082709750567,1
"Methionine aminopeptidase 1",0.0332186507936508,1,1,1,1,1,1,1,1,0.797247619047619,1
"Leukocyte elastase",0.232530555555556,0.450297266313933,0,0.232530555555556,0.0332186507936508,1,0.232530555555556,0,0.0913512896825397,1,0.139518333333333
"Beta amyloid A4 protein",0.0996559523809524,0.571360793650794,0.332186507936508,0.332186507936508,0.332186507936508,0.917665228174603,1,0.917665228174603,0.917665228174603,1,1
"Neurokinin 1 receptor",1,1,1,0.498279761904762,1,1,1,0.498279761904762,1,1,1
"Neuronal acetylcholine receptor protein alpha-7 subunit",0.257444543650794,1,0.855380257936508,0.257444543650794,0.257444543650794,0.581326388888889,0.285680396825397,0.257444543650794,0.726064795918367,1,0.863684920634921
"Adenosine A2a receptor",0.438486190476191,0.382014484126984,0.166093253968254,0.186024444444444,0.0664373015873016,0.528478535353535,0.0664373015873016,0.382014484126984,0.382014484126984,0.438486190476191,0.174397916666667
"Endothelin receptor ET-A",1,1,1,1,0.365405158730159,1,1,0.481670436507937,1,1,0.996559523809524
"Beta secretase 2",1,1,1,0.930122222222222,0.232530555555556,1,1,0.232530555555556,1,0.321113624338624,0.606240376984127
"Serine/threonine-protein kinase Chk2",0.907976455026455,0.465061111111111,1,0.465061111111111,1,0.249139880952381,0.465061111111111,1,1,1,0
"Cannabinoid CB2 receptor",0.0110728835978836,1,0,0.0110728835978836,1,1,0.166093253968254,1,1,1,1
"3-phosphoinositide dependent protein kinase-1",1,0.265749206349206,0.0664373015873016,0.637798095238095,0,1,0.714200992063492,0.0166093253968254,0.970722795414462,0.970722795414462,0.970722795414462
"Phospholipase D1",1,1,0.653300132275132,1,0.653300132275132,1,1,1,1,0.653300132275132,1
"Phosphodiesterase 4A",0.0664373015873016,0.159449523809524,1,0.0664373015873016,0.0775101851851852,1,1,0.157788591269841,1,1,1
"Adenosine A2b receptor",0.642227248677249,1,0.642227248677249,1,0.0664373015873016,1,1,0.0332186507936508,0.642227248677249,1,0.642227248677249
"Carboxypeptidase B",0.199311904761905,0.199311904761905,0.199311904761905,0.445129920634921,1,0.718353323412698,1,0.718353323412698,1,0.445129920634921,0.718353323412698
"Adenosine A3 receptor",0.777316428571429,1,0.777316428571429,0.777316428571429,1,1,1,0.777316428571429,0.777316428571429,1,1
"Histone deacetylase 5",0.409696693121693,0.484992301587302,0.409696693121693,0.409696693121693,1,0.933813183421517,0.484992301587302,0.808320502645503,0.933813183421517,0.933813183421517,1
"Liver glycogen phosphorylase",0.166093253968254,0.199311904761905,1,0.0664373015873016,0.199311904761905,1,0.199311904761905,0.199311904761905,0.559971541950113,1,0.963340873015873
"Tyrosine-protein kinase LCK",0.0332186507936508,0.70866455026455,0.0885830687830688,0.157788591269841,0.0885830687830688,0.91166741622575,0.564717063492064,0.863684920634921,0.84944835600907,0.930122222222222,1
"Cathepsin D",0.656068353174603,1,1,1,0.0442915343915344,0.836002711640212,1,0,0.836002711640212,1,0.0332186507936508
"Melanocortin receptor 4",0.484992301587302,0.948577028218695,0.265749206349206,0.948577028218695,0.348795833333333,0.574208106575964,0.976628333333333,0.265749206349206,0.310040740740741,0.574208106575964,1
"Peptide N-myristoyltransferase 1",1,1,1,1,1,1,1,1,1,1,1
"Tyrosine-protein kinase SYK",1,0.876972380952381,1,0.876972380952381,1,1,0.876972380952381,0.631154365079365,1,1,0.631154365079365
"MAP kinase p38 alpha",1,1,1,1,0.0664373015873016,1,1,0.0664373015873016,1,1,0.509352645502645
"Carbonic anhydrase I",0,1,0.725273875661376,0,1,1,0.354332275132275,0.968086394557823,0.714200992063492,1,0.725273875661376
"Furin",0.239174285714286,0.441333503401361,0.239174285714286,0,0.239174285714286,1,1,1,0.282358531746032,1,0.239174285714286
"Tryptase beta-1",0.055364417989418,1,0,0,0.336932029478458,0.336932029478458,0.933813183421517,0.373709821428571,1,0.336932029478458,0.336932029478458
"Glycogen synthase kinase-3 beta",1,0.711828231292517,0.0664373015873016,0.484992301587302,0,0.487206878306878,1,0,1,1,0.141179265873016
"Dual specificity protein phosphatase 3",0.0249139880952381,1,0,0.0110728835978836,0,0.651916021825397,0.607426757369614,0.41191126984127,0.656991093474427,1,0.43184246031746
"c-Jun N-terminal kinase 3",1,0.819393386243386,1,1,0.0996559523809524,1,1,0.819393386243386,0.838770932539683,1,1
"Histamine H3 receptor",0.112943412698413,0.460908779761905,1,0.107960615079365,0,0.460908779761905,0.0775101851851852,0.0332186507936508,0.415233134920635,0.483515917107584,1
"Phosphodiesterase 2A",0.0110728835978836,0.0415233134920635,1,0.112943412698413,0,1,1,0.0110728835978836,1,1,0.89136712962963
"Adenosylhomocysteinase",0.770672698412698,0.166093253968254,1,1,0.298967857142857,0.440147123015873,0.166093253968254,0.934867743764172,0.791711177248677,1,1
"Tyrosine-protein kinase SRC",0.225886825396825,1,0.66022068452381,0.225886825396825,0,0.574208106575964,0.738192239858907,0,0.0996559523809524,1,0.574208106575964
"Cathepsin K",1,1,1,1,1,1,1,1,1,1,1
"Macrophage-stimulating protein receptor",1,0.780638293650794,0.979950198412698,1,0.631154365079365,0.979950198412698,1,0.874757804232804,0.979950198412698,1,1
"Cystinyl aminopeptidase",0.41191126984127,1,0,0.0166093253968254,1,0.476133994708995,1,1,1,0.157788591269841,0.157788591269841
"Focal adhesion kinase 1",0.236682886904762,0,0,0.232530555555556,0,1,0,0,0.236682886904762,1,1
"Mitogen-activated protein kinase kinase kinase 11",1,1,1,1,1,1,1,1,1,1,1
"Histone deacetylase 7",0.0664373015873016,0.689287003968254,0,0.689287003968254,0.689287003968254,1,0.177166137566138,0.689287003968254,1,0.415233134920635,1
"Phosphodiesterase 11A",0.0913512896825397,0.271285648148148,0.950883878968254,0.0498279761904762,1,1,1,0.0913512896825397,0.450824546485261,0.271285648148148,0.0332186507936508
"Cytochrome P450 11B2",0.0498279761904762,1,0.0775101851851852,0,1,0.705896329365079,1,1,0.858148478835979,0.858148478835979,1
"Protein-glutamine gamma-glutamyltransferase",1,0.992868562610229,0.166093253968254,0.42519873015873,0,0.42519873015873,1,0,0.992407192460317,0.612172278911565,0.470597552910053
"Phospholipase D2",0.210384788359788,1,1,0,0.438486190476191,0.901055902777778,0.438486190476191,0.493534240362812,1,0.493534240362812,0.0996559523809524
"Metabotropic glutamate receptor 4",0.664373015873016,0.664373015873016,1,0.440147123015873,0.39862380952381,0.664373015873016,0.409696693121693,0.39862380952381,1,1,0.664373015873016
"C-C chemokine receptor type 5",0.602088045634921,0.570253505291005,0.631154365079365,0.570253505291005,0.132874603174603,0.602088045634921,1,0.570253505291005,0.847075595238095,0.570253505291005,0.199311904761905
"Fibroblast growth factor receptor 3",0.725273875661376,0.918042712842713,0.83046626984127,0.725273875661376,0.725273875661376,0.918042712842713,0.725273875661376,0.918042712842713,0.918042712842713,0.725273875661376,0.725273875661376
"Phosphodiesterase 4B",1,1,1,1,1,1,0,1,1,1,1
"Ileal bile acid transporter",0.149483928571429,0.282358531746032,0.602088045634921,0.941195105820106,0.0332186507936508,1,0.313204421768707,0.285680396825397,0.313204421768707,0.282358531746032,1
"Integrin alpha-4",0.0498279761904762,1,0.575789947089947,0.0498279761904762,1,1,1,1,1,1,0.581326388888889
"Sodium/hydrogen exchanger 1",0.669118537414966,0.116265277777778,0.575789947089947,0.834157231040564,0.669118537414966,0.822161607142857,1,0.0664373015873016,1,0.669118537414966,0.669118537414966
"Acyl coenzyme A:cholesterol acyltransferase 1",0.654881972789116,0.654881972789116,0.851227926587302,0.654881972789116,0.654881972789116,1,0.989915793650794,0.654881972789116,0.654881972789116,0.654881972789116,0.926431261022928
"Estradiol 17-beta-dehydrogenase 2",1,0.548107738095238,0.938426884920635,0.83711,0.938426884920635,0.938426884920635,0.548107738095238,0.531498412698413,1,1,0.531498412698413
"Vascular endothelial growth factor receptor 2",1,1,1,1,1,1,1,0.39862380952381,1,1,1
"Matrix metalloproteinase 13",0.637798095238095,0.132874603174603,0.637798095238095,0.21592123015873,0.714200992063492,1,1,1,1,1,0.321113624338624
"Tyrosine-protein kinase ZAP-70",1,1,0.285680396825397,0,0.0332186507936508,1,0.141179265873016,0,1,1,1
"LXR-alpha",0.132874603174603,0.838770932539683,0.132874603174603,0.758492526455027,0,1,1,0.758492526455027,1,0.838770932539683,0.0498279761904762
"Protein-glutamine gamma-glutamyltransferase K",0.806738662131519,0,1,1,0,1,0.806738662131519,0.0221457671957672,0.684304206349206,0.684304206349206,1
"Nerve growth factor receptor Trk-A",0.0747419642857143,1,0.0747419642857143,0.0747419642857143,1,0.119587142857143,1,1,1,0.370941600529101,0.0747419642857143
"Coagulation factor XI",0.341677551020408,0.341677551020408,0.166093253968254,0.166093253968254,0.318899047619048,1,1,0.318899047619048,1,1,0.310040740740741
"Casein kinase I delta",0.042709693877551,0.00664373015873016,0.00664373015873016,0,0.00664373015873016,0.815702425044092,1,0.00664373015873016,0.815702425044092,1,0.027682208994709
"Matrix metalloproteinase 3",1,0.607426757369614,0.607426757369614,0.607426757369614,0.607426757369614,1,1,0.199311904761905,0.199311904761905,0.607426757369614,1
"Tyrosine-protein kinase JAK1",0.440147123015873,0.978104717813051,1,0.607426757369614,0.282358531746032,0.978104717813051,0.607426757369614,0.440147123015873,1,0.607426757369614,0.282358531746032
"Dipeptidyl peptidase IV",0.0166093253968254,0.219243095238095,0.0166093253968254,0.265749206349206,0.219243095238095,0.219243095238095,1,0.747419642857143,0.303713378684807,1,1
"Serine/threonine-protein kinase mTOR",1,1,1,0.952267989417989,1,1,1,1,0.952267989417989,0.952267989417989,1
"Glycogen synthase kinase-3 alpha",0.343259391534392,1,1,0.343259391534392,0.780638293650794,1,1,0.0332186507936508,1,1,1
"Renin",0.298967857142857,0.900594532627866,0.0996559523809524,1,0.900594532627866,0.298967857142857,0.900594532627866,0.453988227513228,0.298967857142857,1,0.453988227513228
"Sigma opioid receptor",1,1,1,0.539803075396825,1,0.365405158730159,1,0.365405158730159,0.539803075396825,1,1
"Mitogen-activated protein kinase kinase kinase 9",0.0664373015873016,0.978104717813051,1,0.0996559523809524,0.858148478835979,0.959188541666667,0.83711,0.0996559523809524,0.959188541666667,1,0.83711
"Phosphodiesterase 4D",0.465061111111111,0.43184246031746,0.465061111111111,0.512516326530612,0.512516326530612,0.465061111111111,1,1,0.465061111111111,1,1
"Carbonic anhydrase III",0.382014484126984,1,0.382014484126984,1,1,0.604579444444444,0.382014484126984,0.382014484126984,1,1,1
"Hematopoietic cell protein-tyrosine phosphatase 70Z-PEP",0.0332186507936508,1,1,0.055364417989418,1,1,1,0.182702579365079,0.055364417989418,1,1
"Phosphodiesterase 3B",0.182702579365079,0.0442915343915344,0.182702579365079,0.890259841269841,0.132874603174603,0.550480498866213,0.841539153439153,0.0166093253968254,1,0.841539153439153,0.0166093253968254
"Arachidonate 15-lipoxygenase",1,0.981795679012346,1,0.83046626984127,0.882667006802721,0.882667006802721,0.981795679012346,0.631154365079365,0.83046626984127,0.631154365079365,0.882667006802721
"Phosphodiesterase 4C",0.453988227513228,0.083046626984127,1,0.473365773809524,1,0.791711177248677,0.791711177248677,1,1,0.792502097505669,0.083046626984127
"Telomerase reverse transcriptase",1,0.726064795918367,0.664373015873016,1,0.726064795918367,1,0.726064795918367,0.726064795918367,0.726064795918367,1,0.726064795918367
"Protein kinase C gamma",0.999881388888889,0.204848346560847,0.0730810317460318,0.0332186507936508,0,0.262058245149912,0.0415233134920635,0,0.262058245149912,1,0.262058245149912
"Cathepsin S",0,0.110728835978836,0.0110728835978836,0,0.0996559523809524,0.220073561507936,0.132874603174603,0.43184246031746,0.110728835978836,0.491636031746032,1
"Sphingosine 1-phosphate receptor Edg-5",1,1,1,1,1,1,1,1,1,1,1
"Tyrosine-protein kinase ITK/TSK",0.226994113756614,0.0221457671957672,1,0.0415233134920635,0,1,0.581326388888889,0,0.581326388888889,1,0.226994113756614
"Dual specificity mitogen-activated protein kinase kinase 2",0.0166093253968254,0.465061111111111,1,0.0166093253968254,0.0166093253968254,1,1,0.0166093253968254,1,0.465061111111111,1
"Tyrosine-protein kinase JAK2",1,1,1,0.764028968253968,0.764028968253968,1,1,1,1,1,1
"Rho-associated protein kinase 2",1,0.487206878306878,0.385336349206349,1,0.385336349206349,0.116265277777778,0.892158049886621,0.0664373015873016,1,0.385336349206349,1
"Cholecystokinin B receptor",0,1,1,0,0.537034854497355,1,0.471704841269841,0.166093253968254,1,0.357100496031746,0.920631179138322
"Protein kinase C alpha",1,0.226994113756614,0,0.340491170634921,0.0110728835978836,0.0597935714285714,0.332186507936508,0,0.863684920634921,0.0498279761904762,0.976628333333333
"Protein kinase C delta",1,0.930122222222222,1,1,1,1,1,1,1,1,0.797247619047619
"P2X purinoceptor 3",1,1,1,1,1,1,1,1,1,1,1
"Multidrug resistance-associated protein 1",0.27682208994709,0.27682208994709,0.41191126984127,0.740775912698413,0.0664373015873016,0.740775912698413,0.41191126984127,0.740775912698413,0.49274332010582,0.740775912698413,1
"Receptor protein-tyrosine kinase erbB-4",0.465061111111111,1,1,0.714200992063492,0,1,1,0,1,1,1
"Cyclin-dependent kinase 2",1,0.730810317460317,1,1,1,1,1,1,1,0.730810317460317,1
"Phosphodiesterase 7A",0.0387550925925926,0.0387550925925926,0.0387550925925926,0.821406637806638,0,0.254676322751323,0.0387550925925926,0.0664373015873016,0.548107738095238,0.254676322751323,0.0387550925925926
"Matriptase",0.365405158730159,0.991023082010582,1,1,0.991023082010582,0.991023082010582,1,0.991023082010582,1,1,0.991023082010582
"Sphingosine kinase 2",0.78986569664903,0.78986569664903,0.78986569664903,0.265749206349206,0.0996559523809524,0.78986569664903,1,0.265749206349206,0.78986569664903,0.78986569664903,1
"Serine/threonine-protein kinase PLK1",0.704973589065256,0.797247619047619,0.239174285714286,0.0332186507936508,0.737454047619048,0.33772294973545,0.239174285714286,0.704973589065256,0.704973589065256,0.239174285714286,0.239174285714286
"Carbonic anhydrase VI",0.0498279761904762,1,1,0.332186507936508,0.149483928571429,1,0.149483928571429,0.0332186507936508,0.332186507936508,1,1
"Protein kinase C beta",0.116265277777778,0.39862380952381,0.800938580246914,0,1,0.800938580246914,0.39862380952381,0.800938580246914,0.27682208994709,1,0.459524669312169
"Cyclin-dependent kinase 7",0.0996559523809524,1,0.672677678571429,0.0664373015873016,0.672677678571429,1,1,1,1,1,1
"Glycine transporter 2",0,1,1,0.0775101851851852,0.345473968253968,0.606240376984127,0.0913512896825397,1,0.0498279761904762,0.498279761904762,0.420769576719577
"Cyclin-dependent kinase 1",0.232530555555556,0.415233134920635,0.967031834215168,0.415233134920635,0.382014484126984,0.996559523809524,0.488788718820862,0.418555,0.967031834215168,0.488788718820862,1
"Excitatory amino acid transporter 1",1,0.73911498015873,0.683355102040816,0.531498412698413,0.531498412698413,1,0.531498412698413,0,0.683355102040816,0.531498412698413,1
"Plasma retinol-binding protein",0.310040740740741,0.310040740740741,0.310040740740741,0.941195105820106,1,0.967493204365079,1,1,0.941195105820106,0.967493204365079,0.941195105820106
"Poly [ADP-ribose] polymerase-1",0,0.172736984126984,0.542571296296296,0.0221457671957672,0.730810317460317,1,0.0221457671957672,0.0913512896825397,1,1,1
"Thymidine phosphorylase",0.182702579365079,0.0332186507936508,0.0221457671957672,0.246767120181406,0,0.539803075396825,0.716046472663139,0,1,1,0.166093253968254
"Cyclin-dependent kinase 9",0.149483928571429,1,1,0.0996559523809524,1,1,1,0.287894973544974,1,1,1
"PI3-kinase p110-delta subunit",0.944358786848073,1,0.944358786848073,0.631154365079365,1,0.944358786848073,1,0.631154365079365,1,0.944358786848073,0.944358786848073
"DNA-dependent protein kinase",1,1,0.332186507936508,0.574208106575964,0.232530555555556,0.332186507936508,0.352117698412698,0.332186507936508,1,0.743267311507936,0.525961970899471
"PI3-kinase p110-beta subunit",1,0.803891349206349,0,1,1,0.741883201058201,1,0.741883201058201,1,0.803891349206349,1
"Serotonin 7 (5-HT7) receptor",0.182702579365079,0.365405158730159,1,0.365405158730159,1,0.365405158730159,0.0664373015873016,0.848921075837743,0.365405158730159,0.379641723356009,0.755724305555556
"Bradykinin B2 receptor",1,1,1,0.730810317460317,1,1,0.730810317460317,1,1,1,0.199311904761905
"Protein-tyrosine phosphatase 1C",0.315577182539683,1,1,0.210384788359788,0.315577182539683,1,0.116265277777778,0.116265277777778,0.384387244897959,1,0.315577182539683
"Carboxylesterase 2",0.0332186507936508,0.0332186507936508,0.136565564373898,0.0110728835978836,0.0110728835978836,0.120417609126984,0.0110728835978836,0.0166093253968254,1,1,0.109146995464853
"Estradiol 17-beta-dehydrogenase 1",0.0166093253968254,0.606240376984127,0.365405158730159,0,1,0.992868562610229,0.780638293650794,1,0.972831916099773,0.992868562610229,0.697591666666667
"Histone deacetylase 8",0.055364417989418,0.055364417989418,0.225886825396825,0,0.398623809523809,0.896903571428571,1,0.896903571428571,0.896903571428571,1,0.225886825396825
"Prolyl endopeptidase",0.863684920634921,1,0.642227248677249,0.863684920634921,0.415233134920635,0.597935714285714,0.642227248677249,0.967031834215168,1,0.597935714285714,0
"Matrix metalloproteinase 9",0.0996559523809524,0.751571974206349,0,0.315577182539683,0.751571974206349,1,0.751571974206349,0.967031834215168,1,0.0498279761904762,0.624510634920635
"CD22",0.963340873015873,0.963340873015873,0.963340873015873,1,0.963340873015873,1,1,1,1,1,1
"Metabotropic glutamate receptor 5",0.409696693121693,0.631154365079365,0.631154365079365,0.970722795414462,0,0.631154365079365,0.631154365079365,0,1,0.631154365079365,1
"Sphingosine 1-phosphate receptor Edg-6",0,0.244987549603175,0.218293990929705,0,0.106299682539683,0.116265277777778,1,0.0664373015873016,0.491636031746032,0.457679188712522,0
"Rho-associated protein kinase 1",0,0.265749206349206,1,0.0498279761904762,1,1,1,0.265749206349206,0.42519873015873,1,1
"Tyrosine-protein kinase HCK",1,1,1,1,0,1,1,1,1,1,0.39862380952381
"Carbonic anhydrase XII",0.448451785714286,1,0.801993140589569,0.564717063492064,0.448451785714286,0.801993140589569,0.801993140589569,0.564717063492064,1,1,1
"Histone deacetylase 1",1,0.376478042328042,0.382014484126984,1,1,1,0.376478042328042,1,1,0.365405158730159,1
"Lysophosphatidic acid receptor Edg-7",0.650136451247166,0.842923263888889,0.650136451247166,0.650136451247166,0.650136451247166,0.650136451247166,0.650136451247166,1,0.631154365079365,1,1
"PI3-kinase p110-gamma subunit",1,1,1,1,1,0.930122222222222,1,1,1,1,1
"PI4-kinase beta subunit",1,0.116265277777778,0.0498279761904762,0.970722795414462,0.888598908730159,0.550480498866213,1,0.0498279761904762,0.0775101851851852,0.550480498866213,0.126230873015873
"Cathepsin L2",0,0.942201731601732,0.279036666666667,0,0.651916021825397,0.651916021825397,0.15502037037037,0.257444543650794,0.916834761904762,0.359868716931217,0.682827821869489
"Urokinase-type plasminogen activator",1,1,0.941195105820106,1,1,1,1,0.0664373015873016,1,1,0.730810317460317
"Testis-specific androgen-binding protein",0.0332186507936508,0.292324126984127,0.724166587301587,0.654881972789116,0.0332186507936508,0.722505654761905,0.654881972789116,0,0.292324126984127,0.724166587301587,0.881804184704185
"Caspase-6",0.441808055555556,0.0442915343915344,0.441808055555556,0.441808055555556,0.0332186507936508,0.622094733044733,0.441808055555556,0,0.441808055555556,0.441808055555556,0.191007242063492
"Cyclin-dependent kinase 4",0.726657986111111,0.686518783068783,0.686518783068783,0.686518783068783,0.083046626984127,1,0.726657986111111,0,1,1,0.686518783068783
"Histone deacetylase 11",0.627002033730159,0.0913512896825397,0.0913512896825397,1,0,0.232530555555556,1,0,0.374896201814059,0.232530555555556,0.970722795414462
"Sodium-dependent proline transporter",0.938426884920635,0.938426884920635,0.199311904761905,0.938426884920635,0.498279761904762,0.938426884920635,1,0.531498412698413,1,1,0.938426884920635
"Matrix metalloproteinase-1",1,0.863684920634921,0.863684920634921,1,1,0.936765952380952,0.863684920634921,0.936765952380952,1,1,1
"Matrix metalloproteinase-2",0.21592123015873,0.537034854497355,0.845230114638448,0.537034854497355,0.0996559523809524,1,0.845230114638448,0.354332275132275,0.537034854497355,0.845230114638448,1
"Protein-tyrosine phosphatase 1B",1,1,1,1,1,1,1,1,1,1,1
"Acetyl-CoA carboxylase 1",0.488788718820862,0.488788718820862,0.488788718820862,0.488788718820862,0.488788718820862,0.803287373737374,0.803287373737374,0.803287373737374,0.793095287698413,0.488788718820862,0.488788718820862
"Serotonin 6 (5-HT6) receptor",1,1,0.332186507936508,1,1,1,1,1,1,1,1
"MAP kinase ERK1",0.0332186507936508,1,0.0664373015873016,0.0775101851851852,0.279985770975057,0.166093253968254,0.243603439153439,0.132874603174603,1,0.808320502645503,0.357100496031746
"Cytochrome P450 2C9",0.119587142857143,0.564717063492063,0.119587142857143,0.0332186507936508,0.682827821869489,0.0775101851851852,0.682827821869489,0.0332186507936508,0.382014484126984,1,1
"Probable G-protein coupled receptor 88",0.564717063492064,0.764028968253968,0.564717063492064,0.863684920634921,0.0996559523809524,0.801993140589569,1,0.863684920634921,0.564717063492064,0.801993140589569,1
"Cytochrome P450 3A4",0.55364417989418,1,1,0.55364417989418,1,1,0.759283446712018,0.759283446712018,0.759283446712018,0.759283446712018,0.55364417989418
"Pregnane X receptor",0.420769576719577,0.420769576719577,0.519041418650794,0.420769576719577,0.420769576719577,0.420769576719577,0.59424475308642,0.519041418650794,1,0.647763690476191,0.265749206349206
"Carboxypeptidase B2 isoform A",0.0664373015873016,0.0719737433862434,0.498279761904762,0,0,1,0.693900705467372,0,0.0415233134920635,1,0.0996559523809524
"Serotonin 5a (5-HT5a) receptor",0.0996559523809524,0.107037874779541,0.791207864357864,0.107037874779541,0.791207864357864,0.0996559523809524,0.0332186507936508,0.0332186507936508,0.083046626984127,0.107037874779541,0.0332186507936508
"Estrogen-related receptor alpha",0,1,0.540989455782313,0.0332186507936508,0.540989455782313,1,1,0.95503621031746,0.540989455782313,0.0332186507936508,0.0332186507936508
"Amine oxidase, copper containing",0.265749206349206,0.730810317460317,0.76956541005291,0.747419642857143,0.747419642857143,1,0.813856944444445,0.76956541005291,1,1,0.813856944444445
"Protein kinase C zeta",1,1,1,1,1,0.232530555555556,1,0.885830687830688,1,1,0.0664373015873016
"Melanin-concentrating hormone receptor 1",0.935658664021164,0.274053869047619,0.996559523809524,0.959649911816579,0.0996559523809524,1,0.958595351473923,0.0996559523809524,0.591291984126984,0.959649911816579,0.0996559523809524
"Caspase-7",1,1,1,1,1,1,1,1,1,1,1
"C-C chemokine receptor type 3",0,0.446606305114638,0.322695464852608,0.0332186507936508,0.160556812169312,1,0.365405158730159,0.160556812169312,0.724166587301587,0.0581326388888889,0
"Phospholipase A2 group IIA",1,1,0.232530555555556,0.514889087301587,0.166093253968254,1,0.285680396825397,1,1,0.285680396825397,0.285680396825397
"Plasminogen activator inhibitor-1",0.254676322751323,1,1,1,1,1,1,1,1,0.254676322751323,0.254676322751323
"Inhibitor of nuclear factor kappa B kinase alpha subunit",0.622849702380952,0.669909457671958,1,0,1,1,0.669909457671958,0.199311904761905,0.199311904761905,1,1
"Proteasome Macropain subunit",0,0.510736755952381,0.172736984126984,0.0221457671957672,0.282358531746032,0.132874603174603,0.745574162257496,0,1,0.510736755952381,1
"Carbonic anhydrase XIV",0.0332186507936508,1,0.15502037037037,0.0332186507936508,0.373709821428571,1,1,1,1,0.657729285714286,1
"LDL-associated phospholipase A2",0.453988227513228,1,0.656068353174603,0.0332186507936508,1,1,0.956697142857143,0.0332186507936508,1,1,1
"Cytochrome P450 17A1",0.232530555555556,1,1,0.0166093253968254,0.083046626984127,1,1,0.0166093253968254,1,1,0.083046626984127
"Histone deacetylase 4",0,0.256258163265306,0.365405158730159,0,1,0.885830687830688,1,0.0110728835978836,0.0415233134920635,0.143947486772487,0.0531498412698413
"Inhibitor of nuclear factor kappa B kinase epsilon subunit",0,1,1,0.143947486772487,0.30727251984127,1,1,0.0498279761904762,1,1,1
"Phosphodiesterase 9A",1,1,1,0.664373015873016,1,1,1,1,1,1,0.664373015873016
"Tyrosine-protein kinase TYK2",1,1,0.697591666666667,1,1,0.43184246031746,1,0.697591666666667,1,1,1
"Steryl-sulfatase",0.941195105820106,1,0.941195105820106,1,1,1,1,0.941195105820106,1,1,1
"Nitric-oxide synthase, brain",1,0.631154365079365,0.631154365079365,0.730810317460318,0.680982341269841,1,1,1,1,1,0.631154365079365
"Cholesteryl ester transfer protein",0.764028968253968,0.451773650793651,1,0.451773650793651,0.287894973544974,1,1,0.287894973544974,1,0.968086394557823,0.287894973544974
"Protein kinase C epsilon",0.406928472222222,1,0.21592123015873,0.406928472222222,0.415233134920635,0.415233134920635,0.446079024943311,0.21592123015873,1,0.91166741622575,0.539803075396825
"Dual specificity mitogen-activated protein kinase kinase 1",0.892158049886621,0.0775101851851852,0.892158049886621,0.870328650793651,0,0.116265277777778,1,0,1,1,1
"Adenosine kinase",0.157788591269841,0.205955634920635,0.581326388888889,0.581326388888889,0.157788591269841,0.87576443001443,0.531498412698413,0.581326388888889,0.157788591269841,0.404160251322751,0.157788591269841
"Hormone sensitive lipase",0.252461746031746,1,1,0.0332186507936508,0,1,1,0.0166093253968254,1,1,0.252461746031746
"Carbonic anhydrase IX",0,1,0,0,0.635899886621315,0.282358531746032,0.597935714285714,0.597935714285714,1,1,1
"Protein kinase C eta",0.0498279761904762,1,0.0597935714285714,0.0498279761904762,0.0498279761904762,0.607426757369614,1,0.0498279761904762,1,1,0.199311904761905
"Cytochrome P450 2C19",0.0996559523809524,1,1,0.0996559523809524,1,1,1,0.188239021164021,1,1,0.631154365079365
"Quinone reductase 1)",1,1,0.509352645502645,0.944358786848073,0.944358786848073,0.509352645502645,0.944358786848073,0.0332186507936508,1,1,0.805552281746032
"Casein kinase II alpha",0.083046626984127,0.15502037037037,0.516399025974026,0,0.516399025974026,0.516399025974026,0.516399025974026,0.516399025974026,0.516399025974026,0.498279761904762,0.323881845238095
"Opioid growth factor receptor-like protein 1",1,0.453988227513228,1,1,0,1,1,0,1,1,1
"Kininogen-1",1,0,0.701743998015873,0.611223174603175,0.199311904761905,1,0.701743998015873,0.611223174603175,1,0.611223174603175,0.680982341269841
"Acetyl-coenzyme A transporter 1",0.0166093253968254,0.0110728835978836,0.0132874603174603,0.149483928571429,0,0.0132874603174603,0.859993959435626,0.0110728835978836,1,1,0.0569462585034014
"Fibroblast growth factor receptor 1",0,0.393878287981859,0.546262257495591,0.0996559523809524,0.717522857142857,1,0.0996559523809524,0.411080803571429,0.378692619047619,0.393878287981859,0.378692619047619
"PI4-kinase alpha subunit",1,1,1,1,1,1,1,1,1,1,1
"Arachidonate 12-lipoxygenase",1,1,0.182702579365079,0.182702579365079,1,1,0.254676322751323,1,1,1,1
"Autotaxin",0.0166093253968254,0,0.805552281746032,0.212599365079365,0,0.805552281746032,1,0,0.415233134920635,1,0.907976455026455
"ADAM17",0.188239021164021,0.465061111111111,1,0.21592123015873,0,0.465061111111111,0.465061111111111,0,1,0.704973589065256,0.543955406746032
"Prostanoid EP3 receptor",1,1,1,1,0.564717063492064,1,1,1,0.564717063492064,1,1
"Hepatocyte growth factor receptor",0,0.697591666666667,0.697591666666667,0.0166093253968254,0.697591666666667,0.803891349206349,0.697591666666667,0.697591666666667,0.697591666666667,1,0.697591666666667
"Carbonic anhydrase IV",1,1,1,1,0.996559523809524,1,1,1,1,1,1
"11-beta-hydroxysteroid dehydrogenase 2",0.919049338624339,0.43658798185941,1,0.199311904761905,0.166093253968254,0.199311904761905,0.199311904761905,0.199311904761905,0.901055902777778,1,0.166093253968254
"Histamine H4 receptor",1,0.489975099206349,0.489975099206349,0.489975099206349,0.489975099206349,1,1,1,1,1,1
"Beta-glucosidase",0.465061111111111,0.919049338624339,1,0.398623809523809,0.398623809523809,0.551429603174603,0.919049338624339,0.398623809523809,0.919049338624339,0.950053412698413,0.919049338624339
"Urotensin II receptor",0.265749206349206,0.819393386243386,1,0.298967857142857,1,0.406928472222222,1,0.298967857142857,1,1,0.637798095238095
"Metabotropic glutamate receptor 1",1,1,1,1,1,1,1,1,1,1,1
"Dual specificity phosphatase Cdc25A",0.575789947089947,1,1,1,0.575789947089947,0.589631051587302,1,0.575789947089947,1,0.617866904761905,1
"Caspase-8",0.0498279761904762,0.593190192743764,0.243603439153439,0,1,0.593190192743764,1,0.382014484126984,0.465061111111111,0.751571974206349,1
"Interleukin-1 receptor-associated kinase 4",0.39862380952381,1,0.39862380952381,1,1,0.149483928571429,0.0332186507936508,0.332186507936508,1,0.27682208994709,0.345473968253968
"Histone acetyltransferase p300",1,0.0498279761904762,1,0.370941600529101,0.0332186507936508,1,0.0332186507936508,0,1,0.112943412698413,1
"Hydroxycarboxylic acid receptor 2",0,1,0.110728835978836,0,1,1,1,1,1,1,0.871989583333333
"Serine/threonine-protein kinase PLK4",0.974413756613757,0.974413756613757,0.974413756613757,1,0.974413756613757,0.974413756613757,0.974413756613757,0.974413756613757,1,0.974413756613757,0.974413756613757
"Melanocortin receptor 1",0.240835218253968,0.240835218253968,0.813856944444444,1,0,1,0.813856944444444,0,0.905208234126984,0.974413756613757,0.901649092970522
"Calcitonin gene-related peptide type 1 receptor",1,0.298967857142857,1,1,1,1,1,0.548107738095238,1,1,1
"T-cell protein-tyrosine phosphatase",1,1,1,1,0.182702579365079,1,1,0.182702579365079,1,1,1
"Cytosolic phospholipase A2",0,0.683355102040816,0.312255317460317,0,0.33772294973545,1,1,0.312255317460317,0.312255317460317,0.889521649029982,0.867837251984127
"Hexokinase type IV",0.352117698412698,0.110728835978836,0.352117698412698,0.957301118326118,0,0.207616567460317,0.352117698412698,0,0.352117698412698,0.352117698412698,0.312255317460317
"Serine/threonine-protein kinase NEK2",1,1,1,1,1,1,1,1,1,1,1
"LIM domain kinase 1",1,1,0.315577182539683,1,0.232530555555556,0.531498412698413,0.531498412698413,0.531498412698413,1,0.70866455026455,0.749792403628118
"Cathepsin L",1,1,1,1,1,1,1,1,1,1,1
"Protein kinase C mu",0.647763690476191,1,1,0.514889087301587,0.991023082010582,1,1,0.783960158730159,0.647763690476191,1,0.514889087301587
"Protein-tyrosine phosphatase 2C",0.786174735449735,0.815702425044092,0.815702425044092,0.15502037037037,0.15502037037037,1,0.232530555555556,0,1,0.815702425044092,0.21592123015873
"Matrix metalloproteinase 14",0.907976455026455,1,1,0.907976455026455,1,1,1,1,1,1,0.39862380952381
"Heat shock protein HSP 90-alpha",0,1,1,0.0166093253968254,1,0.453988227513228,1,1,1,1,1
"Sodium/glucose cotransporter 2",0.43184246031746,0.930122222222222,0.43184246031746,1,0.597935714285714,1,1,0.43184246031746,0.863684920634921,1,0.85039746031746
"Calpain 1",0.754537925170068,0.30727251984127,0.49274332010582,0.800569484126984,0.110728835978836,0.110728835978836,0.110728835978836,0.800569484126984,1,0.800569484126984,0.49274332010582
"Sphingosine 1-phosphate receptor Edg-3",0,0.132874603174603,0.12180171957672,0.0110728835978836,0,0.236682886904762,0.701282627865961,0.119587142857143,0.119587142857143,0.73986994949495,0.73986994949495
"Bone morphogenetic protein 1",1,0.498279761904762,1,1,0.274053869047619,0.950883878968254,0.950883878968254,0.0996559523809524,0.254676322751323,0.498279761904762,0.182702579365079
"Glutathione S-transferase Pi",0.0332186507936508,0.811484183673469,1,0.055364417989418,0.332186507936508,1,0.055364417989418,1,1,0.811484183673469,0.811484183673469
"Tyrosine-protein kinase Lyn",0.0332186507936508,0.0996559523809524,0.374896201814059,0,0.419385466269841,1,1,0.304504298941799,0.0996559523809524,0.996559523809524,0
"Ribosomal protein S6 kinase alpha 2",0.559180621693122,0.332186507936508,1,1,0.559180621693122,0.559180621693122,0.559180621693122,1,1,0.559180621693122,1
"Carbonic anhydrase XIII",0,1,0.95503621031746,0.0166093253968254,0.0913512896825397,1,1,0.055364417989418,0.95503621031746,0.442915343915344,0.279036666666667
"Complement C1s",1,1,1,1,1,1,1,1,1,1,1
"Protein kinase C theta",0.332186507936508,0.498279761904762,1,0.570253505291005,0.635899886621315,1,1,0.332186507936508,0.892751240079365,0.332186507936508,0.332186507936508
"Heparanase",0.199311904761905,0.759283446712018,0.759283446712018,0.166093253968254,0.889521649029982,0.290663194444444,0.199311904761905,1,0.940087817460317,0.889521649029982,0.372048888888889
"Methionine aminopeptidase 2",1,1,0.564717063492064,0.265749206349206,1,0.617866904761905,0.265749206349206,1,1,0.321113624338624,1
"Serine/threonine-protein kinase Aurora-C",0.654881972789116,0.207616567460317,0.66022068452381,0.870328650793651,0,1,0.378692619047619,0.654881972789116,0.870328650793651,0.110728835978836,0.0996559523809524
"Quinone reductase 2",0.305611587301587,0.0775101851851852,0.21592123015873,0.0332186507936508,0.21592123015873,0.613035101010101,0.246767120181406,0.12456994047619,0.249139880952381,0.305611587301587,0
"MAP kinase p38 beta",0,0.724166587301587,0.0110728835978836,0,0.730810317460317,0.332186507936508,1,1,1,1,1
"Carbonic anhydrase VB",1,1,0.631154365079365,1,1,1,1,1,1,1,1
"GAR transformylase",0,1,0.680982341269841,0.249139880952381,1,1,1,0.680982341269841,1,0.680982341269841,0.680982341269841
"Proteinase-activated receptor 1",0.341677551020408,0.0730810317460318,0.981460137085137,0.419385466269841,0,0.664373015873016,0.704235396825397,0.0166093253968254,0.33772294973545,0.0221457671957672,0.0730810317460318
"Fructose-1,6-bisphosphatase",0.446079024943311,0,0.446079024943311,0.116265277777778,0.446079024943311,0.446079024943311,1,0.543955406746032,1,0.254676322751323,1
"Dipeptidyl peptidase II",0.764028968253968,1,0.901055902777778,0.764028968253968,0.764028968253968,1,1,0.901055902777778,0.764028968253968,0.764028968253968,0.764028968253968
"Peroxisome proliferator-activated receptor delta",0.149483928571429,1,1,0.0498279761904762,0.0664373015873016,1,1,1,1,0.225886825396825,0.0498279761904762
"Serine/threonine-protein kinase 10",0,0.0110728835978836,1,0.0265749206349206,0.0166093253968254,1,1,0,1,1,1
"Dual specificity protein kinase TTK",0.332186507936508,0.524854682539683,0.524854682539683,0.524854682539683,0.524854682539683,1,0.852612037037037,0.883616111111111,0.813856944444445,0.70866455026455,0.813856944444445
"Coagulation factor VII",0.269901537698413,0,0.269901537698413,0.376478042328042,0,0.531498412698413,0.139518333333333,0.0221457671957672,0.269901537698413,0.673432647907648,0.139518333333333
"PI3-kinase p110-alpha subunit",0.332186507936508,1,0.188239021164021,0.188239021164021,1,0.352117698412698,0.188239021164021,1,0.692846145124717,0.43184246031746,1
"Tyrosine-protein kinase ABL2",1,0.620081481481481,0.0775101851851852,0.0775101851851852,0.967493204365079,0.0775101851851852,1,0.199311904761905,1,0.759283446712018,0.212599365079365
"C-C chemokine receptor type 2",0.498279761904762,0.979950198412698,0,0.678609580498866,0.678609580498866,0.143947486772487,0.743267311507936,0.0664373015873016,0.979950198412698,1,0.678609580498866
"Glutamate receptor ionotropic, AMPA 2",0.730810317460317,1,0.764028968253968,0.764028968253968,0.730810317460317,1,1,0.764028968253968,1,1,1
"Neuropeptide Y receptor type 2",1,1,1,0.82382253968254,1,1,0.382014484126984,1,0.82382253968254,0.382014484126984,0.82382253968254
"HMG-CoA reductase",0,1,0.816229705215419,0,0.305611587301587,1,0.816229705215419,0.0221457671957672,1,0.290663194444444,0.863684920634921
"Signal transducer and activator of transcription 3",1,0.597935714285714,0.332186507936508,1,1,1,1,1,1,1,1
"Interleukin-8 receptor A",0,0.107960615079365,1,0.107960615079365,0.107960615079365,0.484043197278912,0.126230873015873,0.243603439153439,0.873650515873016,0.873650515873016,0.656068353174603
"Cyclin-dependent kinase 5",0.777316428571429,1,1,1,0.487206878306878,1,0.487206878306878,0.777316428571429,0.487206878306878,1,1
"MAP kinase ERK2",0.0442915343915344,0.525961970899471,1,0.0442915343915344,0.41191126984127,0.718353323412698,1,0,0.616917800453515,1,0.357100496031746
"Cystic fibrosis transmembrane conductance regulator",0,0.43658798185941,0.906869166666667,0.43658798185941,0.0110728835978836,0.936161976911977,0.199311904761905,0,0.838770932539683,0.252461746031746,0.906869166666667
"Chymase",0.642227248677249,0.642227248677249,0.642227248677249,0.465061111111111,0.642227248677249,0.642227248677249,0.465061111111111,0.642227248677249,0.989915793650794,0.642227248677249,1
"Casein kinase II alpha (prime)",1,0.938426884920635,1,1,1,1,0.938426884920635,1,0.938426884920635,1,0.938426884920635
"Cathepsin B",0.609008597883598,0.609008597883598,1,0.609008597883598,0.775101851851852,0.609008597883598,0.73911498015873,0.609008597883598,0.999881388888889,0.609008597883598,0.73911498015873
"Matrix metalloproteinase 7",0.166093253968254,0.332186507936508,0.212599365079365,0.166093253968254,0.212599365079365,0.332186507936508,0.332186507936508,0.856302998236332,0.996559523809524,0.188239021164021,0.996559523809524
"Bombesin receptor subtype-3",0.0498279761904762,0.531498412698413,0.531498412698413,0.0498279761904762,0.73911498015873,0.642227248677249,0.760338007054674,0.642227248677249,1,1,0.73911498015873
"LXR-beta",0.586862830687831,1,1,0.689287003968254,0,1,1,0.0664373015873016,1,1,1
"Neurotensin receptor 1",0.0664373015873016,0.6754458994709,0.52319375,0,0.6754458994709,0.6754458994709,0.52319375,0.851605411255411,0.6754458994709,0.734132182539683,0.6754458994709
"Tyrosine-protein kinase TIE-2",0.654881972789116,0.332186507936508,1,0.654881972789116,0.654881972789116,1,0.43184246031746,1,0.61454503968254,0.476133994708995,1
"Fibroblast growth factor receptor 2",0.976628333333333,1,1,0.298967857142857,1,0.976628333333333,0.976628333333333,1,1,1,0.976628333333333
"Histone deacetylase 9",0.0166093253968254,0.710048660714286,0,0,0.039862380952381,0.664373015873016,1,0.0166093253968254,0.719737433862434,0.570253505291005,1
"Fatty acid synthase",0,0.420769576719577,1,0.0332186507936508,0.0996559523809524,0.838770932539683,0.323881845238095,0.420769576719577,1,1,0.669118537414966
"c-Jun N-terminal kinase 2",1,0.232530555555556,1,1,0.232530555555556,1,1,1,1,1,1
"Sodium channel protein type II alpha subunit",1,0.631154365079365,0.243603439153439,1,0.730810317460317,0.285680396825397,0.631154365079365,1,0.243603439153439,0.285680396825397,0
"Monoglyceride lipase",0.0166093253968254,0.943409682539682,0.180329818594104,0.0166093253968254,0.0996559523809524,1,0.361252827380952,0.180329818594104,0.159449523809524,0.0996559523809524,0.383859964726631
"Inhibitor of apoptosis protein 3",1,0.868430442176871,1,1,0.868430442176871,0.868430442176871,1,0.868430442176871,0.868430442176871,0.868430442176871,0.868430442176871
"Serine/threonine-protein kinase 2",0.240835218253968,1,0.240835218253968,0.240835218253968,1,1,0.703128108465608,1,1,0.690947936507937,0.240835218253968
"Dual specificity protein kinase CLK4",0.0664373015873016,0.631154365079365,0.489975099206349,0.489975099206349,0.83046626984127,1,0.83046626984127,0.0332186507936508,0.664373015873016,1,1
"MAP kinase signal-integrating kinase 2",0.469213442460317,0.833788134920635,0.257444543650794,0.0332186507936508,0.257444543650794,0.469213442460317,0.469213442460317,0.469213442460317,0.542571296296296,1,0.199311904761905
"Proteasome component C5",1,1,1,1,0.387550925925926,1,1,1,0.481670436507937,0.387550925925926,0.232530555555556
"Tyrosine-protein kinase FRK",1,1,1,1,1,0.564717063492064,1,0.564717063492064,1,1,1
"Dual specificty protein kinase CLK1",1,1,0.348795833333333,1,0.372048888888889,0.474552154195011,0.372048888888889,0.474552154195011,0.348795833333333,0.701743998015873,0.372048888888889
"Dual specificity protein kinase CLK2",1,1,1,1,1,1,1,1,1,1,1
"Lipoxin A4 receptor",0.149483928571429,0.772333630952381,0.678609580498866,0.0996559523809524,0.12180171957672,0.78986569664903,1,0.12180171957672,0.678609580498866,1,0.418555
"Estradiol 17-beta-dehydrogenase 3",0.039862380952381,0.039862380952381,0.0332186507936508,0.550480498866213,0.039862380952381,1,1,0.039862380952381,1,1,0.476133994708995
"11-beta-hydroxysteroid dehydrogenase 1",1,1,0.764028968253968,1,1,1,1,1,1,1,0.764028968253968
"Ribosomal protein S6 kinase alpha 5",0.0166093253968254,1,0.343259391534392,0,1,1,0.902440013227513,0.902440013227513,1,1,0.902440013227513
"ALK tyrosine kinase receptor",0.730810317460317,1,1,0.730810317460317,0.730810317460317,0.730810317460317,0.730810317460317,1,0.730810317460317,0.730810317460317,1
"Hypoxia-inducible factor 1 alpha",0.0664373015873016,0.631154365079365,0.571360793650794,0.382014484126984,0.520425529100529,0.571360793650794,0.924082467532468,0.577174057539683,0.577174057539683,0.577174057539683,0.590553791887125
"TGF-beta receptor type II",0.930122222222222,0.939613265306122,1,0.930122222222222,0.930122222222222,1,1,0,0.797247619047619,1,0.465061111111111
"Serine/threonine-protein kinase AKT",0,0.438486190476191,0.438486190476191,0.0332186507936508,0.438486190476191,1,0.880294246031746,0.880294246031746,0.880294246031746,0.725273875661376,0.880294246031746
"Sodium channel protein type IX alpha subunit",1,0.819393386243386,0.0664373015873016,0.484992301587302,1,0.819393386243386,0.570253505291005,0.0664373015873016,0.0775101851851852,0.819393386243386,0.141179265873016
"P-glycoprotein 1",0.41286037414966,0.146162063492064,0.92106259018759,0.055364417989418,0,0.557335141093474,0.177166137566138,0.0166093253968254,0.92106259018759,0.427690128968254,0.146162063492064
"Heat shock protein HSP 90-beta",0.0332186507936508,0.863684920634921,0.321113624338624,0,1,0.551429603174603,0.465061111111111,0.688100623582766,1,1,0.688100623582766
"Calcium-activated potassium channel subunit alpha-1",0.0083046626984127,0.588444671201814,0.343259391534392,0,0.645918209876543,1,0.780638293650794,0.0083046626984127,0.643611359126984,0.0730810317460318,0.0083046626984127
"Intermediate conductance calcium-activated potassium channel protein 4",1,0.656068353174603,1,1,0,0.801993140589569,0.942579216269841,0,0.656068353174603,0.801993140589569,0.801993140589569
"Voltage-gated potassium channel subunit Kv1.5",0.690947936507937,1,0.690947936507937,1,1,0.690947936507937,1,1,0.690947936507937,0.690947936507937,1
"Bradykinin B1 receptor",0,1,0.0249139880952381,0,0.745046882086168,0.745046882086168,0.776485962301587,0,1,1,0.745046882086168
"Purinergic receptor P2Y1",1,0.972831916099773,1,1,0,1,0.972831916099773,0.972831916099773,0.972831916099773,0.972831916099773,0.972831916099773
"Sphingosine 1-phosphate receptor Edg-1",0.514889087301587,0.896903571428571,1,1,0.896903571428571,0.922740299823633,0.166093253968254,0.896903571428571,0.922740299823633,0.896903571428571,0.896903571428571
"Purine nucleoside phosphorylase",0.398623809523809,0.398623809523809,0.0332186507936508,0.398623809523809,0.0166093253968254,1,1,0,1,1,1
"Serine/threonine-protein kinase GAK",1,0.323881845238095,1,1,0,1,0.323881845238095,0.498279761904762,0.323881845238095,1,1
"Induced myeloid leukemia cell differentiation protein Mcl-1",0.0581326388888889,1,0.0730810317460318,0.0581326388888889,0.0581326388888889,1,1,0,0.271285648148148,1,1
"Dual-specificity tyrosine-phosphorylation regulated kinase 2",1,1,1,1,1,1,1,1,1,1,1
"Gastric inhibitory polypeptide receptor",0.210384788359788,0.504923492063492,1,0.0166093253968254,0,1,0.625617923280423,1,1,1,0.39862380952381
"Matrix metalloproteinase 12",0,1,0.151856689342404,0.0332186507936508,0.0110728835978836,1,0.055364417989418,0,0.0531498412698413,0.274053869047619,0.896903571428571
"Sphingosine kinase 1",1,1,0.149483928571429,0.0332186507936508,0,1,0.42519873015873,0.149483928571429,1,1,1
"Phosphodiesterase 8B",0.896903571428571,1,0.896903571428571,1,1,1,1,1,1,1,1
"Phosphodiesterase 10A",0.0996559523809524,0,0.238066997354497,0.275240249433107,0.132874603174603,0.502432093253968,0.770672698412698,0.166093253968254,0.132874603174603,1,0.730810317460317
"Free fatty acid receptor 1",1,0.265749206349206,1,0.265749206349206,0.166093253968254,1,0.372048888888889,0.265749206349206,1,1,1
"Prostanoid DP receptor",0.126230873015873,0.116265277777778,1,0.226994113756614,0,0.911140136054422,1,0.0885830687830688,1,1,0.0664373015873016
"Neurokinin 3 receptor",0.282358531746032,0.650136451247166,0,0.0442915343915344,0,1,0.282358531746032,0.116265277777778,1,1,1
"TGF-beta receptor type I",0.586862830687831,0.586862830687831,1,1,1,1,1,1,1,0.586862830687831,1
"C-X-C chemokine receptor type 3",0.484992301587302,0.484992301587302,0.265749206349206,0.658836574074074,0.265749206349206,1,0.974413756613757,0.484992301587302,1,0.754537925170068,0.863684920634921
"Vitamin K-dependent protein C",0,0.672677678571429,1,0.0166093253968254,0.186024444444444,0.542571296296296,0.186024444444444,1,0.0885830687830688,0.574208106575964,1
"Tyrosine-protein kinase FGR",0.0332186507936508,0.0332186507936508,0.721319274376417,0.292324126984127,0.0332186507936508,1,0.293431415343915,0.224225892857143,0.986593928571429,0.986593928571429,0.986593928571429
"NAD-dependent deacetylase sirtuin 3",1,1,1,1,0.597935714285714,1,1,1,1,1,1
"NAD-dependent deacetylase sirtuin 2",1,0.348795833333333,1,0.538142142857143,1,0.911140136054422,0.538142142857143,0.538142142857143,0.664373015873016,0.232530555555556,1
"Acyl coenzyme A:cholesterol acyltransferase 2",1,1,0.265749206349206,0.848921075837743,0.352117698412698,0.274053869047619,0.848921075837743,0.274053869047619,0.645390929705215,0.586862830687831,0.265749206349206
"Voltage-gated N-type calcium channel alpha-1B subunit",0.0332186507936508,0.149483928571429,0.304504298941799,0.323881845238095,0.313204421768707,1,0.239174285714286,1,0.856302998236332,0.191007242063492,0.177166137566138
"Nitric oxide synthase, inducible",0.365405158730159,0.365405158730159,1,0.764028968253968,0.764028968253968,1,1,0.764028968253968,1,1,0.946731547619048
"Serine/threonine-protein kinase PAK 4",1,0.166093253968254,1,1,1,0.950053412698413,0.950053412698413,1,0.786174735449735,1,0.166093253968254
"Ribosomal protein S6 kinase 1",0.764028968253968,1,0.376478042328042,0.376478042328042,1,1,1,1,1,1,0.376478042328042
"NAD-dependent deacetylase sirtuin 1",0.223039512471655,0.778792813051146,0.177166137566138,1,0,0.778792813051146,0.223039512471655,0.177166137566138,1,0.223039512471655,0.223039512471655
"Glutaminyl-peptide cyclotransferase",0.82097522675737,0.43184246031746,1,0.637798095238095,1,0.43184246031746,1,0.43184246031746,1,0.82097522675737,0.0664373015873016
"Serine/threonine-protein kinase PIM2",0.780638293650794,0.321113624338624,0.867375881834215,1,0.321113624338624,0.867375881834215,0.867375881834215,0.456756448412698,0.780638293650794,1,0.321113624338624
"TRAF2- and NCK-interacting kinase",1,1,1,0,0.0332186507936508,1,0.315577182539683,0,1,1,1
"Coagulation factor XIII",0.784790625,0.509352645502645,0.365405158730159,1,0.458417380952381,1,0.365405158730159,0.0996559523809524,0.593190192743764,0.458417380952381,1
"5-lipoxygenase activating protein",0.920631179138322,1,0.188239021164021,0.188239021164021,0.188239021164021,1,0.920631179138322,1,0.920631179138322,0.920631179138322,1
"Neuropeptide Y receptor type 5",0.469806632653061,0.191007242063492,1,0.225886825396825,0.0166093253968254,1,0.714200992063492,0,0.191007242063492,1,0.43184246031746
"Kinesin-like protein 1",0.372048888888889,1,0.243603439153439,0.372048888888889,1,0.892158049886621,0.232530555555556,1,0.49274332010582,1,0.132874603174603
"Matrix metalloproteinase 8",0.310040740740741,1,0.310040740740741,0.310040740740741,0.782483774250441,1,0.389132766439909,0.389132766439909,0.348795833333333,0.389132766439909,0.782483774250441
"C-C chemokine receptor type 8",0.0249139880952381,0,0.526752891156463,0.0249139880952381,0,1,0.69343933531746,0.481670436507936,0.478348571428571,1,1
"Tyrosine kinase non-receptor protein 2",0.668525347222222,0.668525347222222,1,0.668525347222222,0.668525347222222,0.793556657848325,0.668525347222222,0.668525347222222,1,0.668525347222222,0.0664373015873016
"Serine/threonine-protein kinase PAK 1",0.172736984126984,0.501970723104056,0.172736984126984,0.172736984126984,0.460908779761905,0.359868716931217,0.460908779761905,0.132874603174603,0.631154365079365,0.78516810966811,0.172736984126984
"Tyrosine-protein kinase BRK",0.558073333333333,0.506584424603175,0.917665228174603,1,1,0.847075595238095,0.177166137566138,0.917665228174603,1,0.177166137566138,0.0996559523809524
"Melanocortin receptor 5",0.919049338624339,1,1,1,0,1,1,0.0166093253968254,1,1,1
"Ghrelin receptor",0.365405158730159,0.806738662131519,0.806738662131519,0.365405158730159,0.806738662131519,1,0.913512896825397,0.298967857142857,0.365405158730159,1,1
"Phenylethanolamine N-methyltransferase",0.0332186507936508,0.174397916666667,1,0.0885830687830688,1,0.0885830687830688,1,0.279036666666667,1,1,0.354332275132275
"Leukotriene A4 hydrolase",0.686518783068783,1,1,0.298967857142857,1,1,1,1,0.298967857142857,1,1
"Apoptosis regulator Bcl-X",1,1,1,1,0.132874603174603,1,1,1,1,1,0.132874603174603
"Serine/threonine-protein kinase Chk1",0,1,0.905208234126984,0.21592123015873,0.409696693121693,1,1,0.936765952380952,1,1,1
"Voltage-gated potassium channel subunit Kv1.3",0.0885830687830688,1,1,0.365405158730159,0.531498412698413,1,0.139518333333333,0.0332186507936508,0.293431415343915,0.139518333333333,0
"Voltage-gated T-type calcium channel alpha-1G subunit",0,0.56886939484127,0.249139880952381,0.0166093253968254,0.279036666666667,1,1,0.221457671957672,0.415233134920635,1,0.498279761904762
"Melanocortin receptor 3",1,1,1,1,1,1,1,1,1,1,1
"Dipeptidyl peptidase VIII",1,1,1,1,1,1,1,1,1,1,1
"Lymphocyte differentiation antigen CD38",1,1,1,1,1,1,1,1,1,1,1
"Proteasome Macropain subunit MB1",0.511567222222222,0.420769576719577,0.63484532627866,0.249139880952381,0.249139880952381,1,0.511567222222222,0.63484532627866,0.63484532627866,0.85039746031746,0.63484532627866
"Apoptosis regulator Bcl-W",0.390319146825397,1,0.390319146825397,0.390319146825397,0.972831916099773,1,0.664373015873016,0.747419642857143,0.390319146825397,1,1
"Aldo-keto-reductase family 1 member C3",0.642227248677249,0.348795833333333,1,0.232530555555556,0.642227248677249,0.348795833333333,1,1,1,1,0.315577182539683
"Fibroblast activation protein alpha",1,0.43184246031746,0.913512896825397,1,1,1,0.43184246031746,1,0.913512896825397,1,1
"Indoleamine 2,3-dioxygenase",1,0.132874603174603,0.531498412698413,0.132874603174603,1,1,0.797247619047619,0.531498412698413,1,0,0.489975099206349
"Malonyl-CoA decarboxylase",1,0.896903571428571,0.896903571428571,1,0.265749206349206,1,1,1,0.896903571428571,1,1
"Isoprenylcysteine carboxyl methyltransferase",0.0332186507936508,0.265749206349206,1,0,0,0.672677678571429,1,0,0.265749206349206,1,0.172736984126984
"Serine/threonine-protein kinase Aurora-A",0.110728835978836,0.644441825396825,0.110728835978836,0.0166093253968254,0,0.597935714285714,0.597935714285714,0.055364417989418,0.806307251082251,0.597935714285714,0.110728835978836
"C3a anaphylatoxin chemotactic receptor",0,1,0.0664373015873016,0.778265532879819,1,1,0.332186507936508,0.332186507936508,1,0.509352645502645,0
"Vesicular acetylcholine transporter",0.205955634920635,1,0,0.0664373015873016,0.199311904761905,0.218293990929705,0.218293990929705,0,1,0.892751240079365,1
"Geranylgeranyl pyrophosphate synthetase",1,1,1,1,1,1,1,1,1,1,1
"Neuropeptide Y receptor type 1",0.310040740740741,0.519041418650794,1,0.355914115646258,0.355914115646258,0.355914115646258,0.355914115646258,0.310040740740741,1,0.310040740740741,1
"Carbonic anhydrase VA",0.210384788359788,1,1,1,0.507770804988662,0.132874603174603,0.132874603174603,0.249139880952381,1,0.507770804988662,0.507770804988662
"Endothelin-converting enzyme 1",0.055364417989418,1,1,0.246767120181406,0.481670436507937,0.981795679012346,0.0664373015873016,0.055364417989418,0.182702579365079,0.0863684920634921,0
"Orexin receptor 2",0.83521179138322,1,1,0,0.83521179138322,1,0.83521179138322,0.83521179138322,0.83521179138322,0.83521179138322,1
"Dipeptidyl peptidase IX",0.697591666666667,1,0.697591666666667,0.697591666666667,0.697591666666667,1,1,0.332186507936508,1,0.697591666666667,1
"Vanilloid receptor",0.0996559523809524,1,1,0.365405158730159,1,1,1,1,1,1,1
"Caspase-1",0.332186507936508,1,1,1,1,1,1,0.332186507936508,1,1,1
"Nitric-oxide synthase, endothelial",1,0.481670436507937,1,1,0.481670436507937,1,1,1,1,1,1
"Dual specificity phosphatase Cdc25B",1,0.132874603174603,0.387550925925926,0.409696693121693,1,0.409696693121693,0.409696693121693,0.683355102040816,1,1,0.132874603174603
"P2X purinoceptor 7",0.0664373015873016,1,1,0.725273875661376,0.43184246031746,0.476133994708995,1,0.725273875661376,1,1,0.725273875661376
"Serine/threonine-protein kinase AKT3",1,1,0.373709821428571,1,1,0.373709821428571,0.373709821428571,0.952267989417989,0.40526753968254,1,0.373709821428571
"Beta-secretase 1",0,1,0.910191031746032,0,0.910191031746032,0.910191031746032,0.910191031746032,0.498279761904762,0.910191031746032,0.453988227513228,0.910191031746032
"Acetyl-CoA carboxylase 2",0.631154365079365,1,1,0.0166093253968254,0.0442915343915344,1,1,0.0166093253968254,1,1,1
"L-lactate dehydrogenase A chain",1,1,1,1,1,1,1,1,1,1,1
"C-X3-C chemokine receptor 1",0.0885830687830688,0.393878287981859,0.174397916666667,0.0332186507936508,0.535650744047619,0.205955634920635,0.365405158730159,0.0885830687830688,1,1,0.819393386243386
"Eukaryotic translation initation factor",0.0664373015873016,1,1,0,0.298967857142857,1,1,1,1,1,1
"Apoptosis regulator Bcl-2",0,1,1,0.0110728835978836,1,1,0.520425529100529,0.259105476190476,0.224225892857143,1,0
"Cytochrome P450 1B1",0,0.701743998015873,0.518210952380952,0.0664373015873016,0.166093253968254,0.597935714285714,1,0.518210952380952,0.701743998015873,1,1
"Tyrosine-protein kinase receptor UFO",0.177166137566138,0.969984603174603,0.298967857142857,0,0.207616567460317,0.177166137566138,0.560564732142857,0.442915343915344,0.627463403880071,1,0.540989455782313
"Neurotrophic tyrosine kinase receptor type 2",0.707082709750567,0.905963203463203,0.707082709750567,0.723428395061728,0.564717063492064,0.707082709750567,0.564717063492064,0.723428395061728,0.707082709750567,0.707082709750567,0.905963203463203
"Mitogen-activated protein kinase kinase kinase 8",1,1,1,1,0.0664373015873016,1,1,1,1,1,0.448451785714286
"Low molecular weight phosphotyrosine protein phosphatase",0.39862380952381,0.39862380952381,0.0332186507936508,0.182702579365079,1,1,1,0.85039746031746,1,1,0.930122222222222
"Casein kinase I epsilon",1,0.631154365079365,1,1,1,1,1,0.631154365079365,1,1,1
"L-lactate dehydrogenase B chain",0.310040740740741,1,0.597935714285714,0.819393386243386,1,0.797247619047619,1,0.0664373015873016,0.182702579365079,1,1
"S-methyl-5-thioadenosine phosphorylase",0.0332186507936508,0.823084347442681,0.564717063492064,0.759876636904762,0.055364417989418,0.357100496031746,1,0,0.953375277777778,0.759876636904762,0.759876636904762
"Proto-oncogene c-JUN",0.934274553571429,0.85419387755102,0.149483928571429,0.85419387755102,0,1,1,0.85419387755102,0.520425529100529,1,0.85419387755102
"Sodium/glucose cotransporter 1",0.132874603174603,0.243603439153439,0.243603439153439,1,1,1,1,1,1,1,1
"Transketolase",0.470597552910053,1,0.470597552910053,0.470597552910053,1,0.470597552910053,0.470597552910053,0.855380257936508,0.616917800453515,1,0.470597552910053
"Serine/threonine-protein kinase RIPK2",1,1,1,1,1,1,1,1,1,1,1
"p53-binding protein Mdm-2",1,1,1,1,1,1,1,1,1,1,1
"Serine-protein kinase ATR",1,0.338830238095238,0.207616567460317,1,0.618697371031746,0.465061111111111,0.207616567460317,0.207616567460317,1,0.593190192743764,0.207616567460317
"ADAM10",0,0.907976455026455,1,0.0664373015873016,1,1,0.631154365079365,0.254676322751323,0.907976455026455,1,1
"Endoplasmic reticulum aminopeptidase 2",0.597935714285714,0.678609580498866,0.597935714285714,0.597935714285714,1,0.132874603174603,0.597935714285714,1,0.597935714285714,1,1
"G protein-coupled receptor 44",0.0332186507936508,0.51304360670194,0.341677551020408,0.341677551020408,0.341677551020408,0.323881845238095,0.68249227994228,0.0332186507936508,0.51304360670194,0.667694880952381,0.0332186507936508
"Endothelial lipase",0.863684920634921,1,1,0.863684920634921,0.863684920634921,1,1,0.863684920634921,1,1,0.870328650793651
"Histone deacetylase 10",0.232530555555556,0.570253505291005,0.232530555555556,0,1,0.631154365079365,1,0.570253505291005,0.199311904761905,1,1
"GABA receptor alpha-5 subunit",1,1,0.916834761904762,1,1,1,0.916834761904762,0.916834761904762,1,0.916834761904762,0.916834761904762
"Orexin receptor 1",0,0.886937976190476,0.105192394179894,0,0,0.166093253968254,1,0.0083046626984127,0.886937976190476,0.348795833333333,0.0332186507936508
"Discoidin domain-containing receptor 2",0,1,1,0,1,1,0.958595351473923,0.958595351473923,0.958595351473923,0.958595351473923,0.958595351473923
"Metabotropic glutamate receptor 2",0.376478042328042,1,1,1,0.348795833333333,0.697591666666667,1,0.697591666666667,1,1,0.348795833333333
"Cytochrome P450 26A1",0,0.896903571428572,0.0110728835978836,0,1,1,1,0.896903571428572,1,1,1
"Serine/threonine-protein kinase B-raf",0.116265277777778,0.0664373015873016,0.188239021164021,0.40811485260771,0.116265277777778,1,0.188239021164021,0.0664373015873016,1,1,1
"Ephrin type-B receptor 4",0.790603888888889,0.318899047619048,1,0.555226020408163,0.132874603174603,0.318899047619048,0.132874603174603,0.790603888888889,0,0.790603888888889,0.321113624338624
"Neuropilin-1",0.0996559523809524,1,0.723428395061728,0.323881845238095,1,0.323881845238095,0.323881845238095,0.723428395061728,0.723428395061728,0.723428395061728,0.458417380952381
"dUTP pyrophosphatase",1,1,1,1,1,1,1,1,1,1,1
"Serine/threonine-protein kinase ILK-1",0,0.915885657596372,1,0,1,0.988254861111111,0.915885657596372,0.915885657596372,0.448451785714286,1,0.298967857142857
"Tyrosine-protein kinase BTK",0.473365773809524,0.315577182539683,0.315577182539683,1,1,1,1,0.473365773809524,1,1,1
"Serine/threonine-protein kinase TNNI3K",0.332186507936508,1,0.0332186507936508,0.332186507936508,1,0.697591666666667,1,1,1,1,0.83046626984127
"Cytochrome P450 2A6",1,1,0.0664373015873016,1,1,1,1,1,1,1,1
"Mitogen-activated protein kinase kinase kinase 5",0.930122222222222,1,0.930122222222222,1,1,0.930122222222222,1,0.664373015873016,1,1,0.969984603174603
"Tyrosine-protein kinase receptor TYRO3",1,1,0.979950198412698,1,1,0.797247619047619,1,1,1,1,1
"Epithelial discoidin domain-containing receptor 1",0.926800357142857,1,0.926800357142857,0.926800357142857,0.926800357142857,0.926800357142857,0.332186507936508,0.332186507936508,0.926800357142857,0.926800357142857,0.298967857142857
"Proto-oncogene tyrosine-protein kinase MER",0.384387244897959,0.384387244897959,0.166093253968254,0.0332186507936508,0.254676322751323,0.384387244897959,0.751571974206349,1,0.384387244897959,1,1
"Baculoviral IAP repeat-containing protein 3",1,1,1,1,1,1,1,1,1,1,1
"Poly [ADP-ribose] polymerase 2",0.442915343915344,0.458417380952381,0.726657986111111,0.442915343915344,0.442915343915344,1,0.458417380952381,1,0.548107738095238,1,0.726657986111111
"P-selectin",0.315577182539683,1,0.298967857142857,0.793095287698413,0.653300132275132,1,0.298967857142857,0.298967857142857,0.787756575963719,0.338830238095238,1
"ATP-binding cassette sub-family G member 2",0.166093253968254,0.692055224867725,1,0.692055224867725,0.166093253968254,0.863684920634921,1,0.506584424603175,1,0.166093253968254,1
"Pituitary adenylate cyclase-activating polypeptide type I receptor",0.61454503968254,0.942579216269841,0.564717063492064,1,0.697591666666667,0.942579216269841,0.942579216269841,1,0.942579216269841,0.942579216269841,1
"Serine/threonine-protein kinase PIM3",0.243603439153439,1,0.498279761904762,1,0.677660476190476,0.243603439153439,0.0664373015873016,1,1,0.836002711640212,1
"G-protein coupled bile acid receptor 1",0.225886825396825,0,0.540989455782313,0.225886825396825,0.0332186507936508,1,1,0.225886825396825,0.989177601410935,0.382014484126984,0.797247619047619
"Metastin receptor",0.95503621031746,1,1,0.95503621031746,0.232530555555556,1,0.95503621031746,0.95503621031746,0.95503621031746,0.95503621031746,0.95503621031746
"Cell division cycle 7-related protein kinase",0.469806632653061,0.473365773809524,1,0.469806632653061,0.469806632653061,1,0.298967857142857,0.469806632653061,1,0.469806632653061,0.469806632653061
"Sodium channel protein type X alpha subunit",0.265749206349206,1,1,0.354332275132275,0.880294246031746,0.573021726190476,1,0.166093253968254,1,1,0.81717880952381
"Baculoviral IAP repeat-containing protein 2",0.0166093253968254,0.146162063492064,0.374896201814059,0,0.374896201814059,0.860363055555556,0.860363055555556,0.146162063492064,0.860363055555556,1,0.146162063492064
"Receptor-interacting serine/threonine-protein kinase 1",1,0.583699149659864,0.69343933531746,0.852612037037037,0.0996559523809524,0.570253505291005,0.149483928571429,0.174397916666667,0.174397916666667,0.870328650793651,0.570253505291005
"Protein tyrosine kinase 2 beta",0.315577182539683,0.933444087301587,0.315577182539683,0.210384788359788,1,0.465061111111111,0.465061111111111,0.210384788359788,0.315577182539683,0.546262257495591,0.0332186507936508
"Perforin-1",0.298967857142857,1,0.42709693877551,0.232530555555556,0.357100496031746,0.42709693877551,0.42709693877551,0.298967857142857,0.884446577380952,1,1
"D-amino-acid oxidase",0.0930122222222222,0.0442915343915344,1,0.0442915343915344,0.0442915343915344,0.191007242063492,1,0.083046626984127,0.142365646258503,0.837848192239859,0.110728835978836
"Serine/threonine-protein kinase WEE1",1,1,1,0.43184246031746,1,0.43184246031746,1,1,1,1,0.43184246031746
"Histone acetyltransferase PCAF",0.996559523809524,1,1,0.166093253968254,1,0.996559523809524,0.996559523809524,0.453988227513228,1,0.39862380952381,0.996559523809524
"Secreted frizzled-related protein 1",0.387550925925926,0.340491170634921,0.522007369614512,0,0.166093253968254,1,1,0,0.672677678571429,1,0.387550925925926
"Transient receptor potential cation channel subfamily V member 3",1,0.730810317460317,0.730810317460317,1,0.664373015873016,1,1,1,1,1,1
"Protein-arginine N-methyltransferase 1",0.442915343915344,0.853719325396825,0.718353323412698,0.659627494331066,1,0.442915343915344,0.659627494331066,0.83046626984127,0.659627494331066,0.659627494331066,0.442915343915344
"Nuclear factor NF-kappa-B p65 subunit",1,0.717522857142857,0.631154365079365,0.717522857142857,0.717522857142857,0.717522857142857,0.717522857142857,0.717522857142857,0.717522857142857,0.498279761904762,0.717522857142857
"Dual specificity tyrosine-phosphorylation-regulated kinase 1B",0.166093253968254,1,1,0,0.323881845238095,1,0.531498412698413,0,1,0.620081481481481,1
"Acyl-CoA desaturase",0.764028968253968,0.0664373015873016,0.219243095238095,0.970722795414462,0.083046626984127,0.970722795414462,0.520425529100529,0.0664373015873016,1,1,0.083046626984127
"Proto-oncogene tyrosine-protein kinase ROS",1,0.243603439153439,1,0.0664373015873016,1,0.721319274376417,0.357100496031746,0.083046626984127,0.721319274376417,1,0.721319274376417
"Lysyl-tRNA synthetase",0.0664373015873016,1,1,0.21592123015873,1,1,1,1,1,1,1
"DNA-(apurinic or apyrimidinic site) lyase",0.166093253968254,1,1,1,1,1,1,1,1,1,1
"Glucose-dependent insulinotropic receptor",0.0332186507936508,0.240835218253968,0.240835218253968,0,0.226994113756614,0.0415233134920635,0.754063373015873,0.192668174603175,0.43184246031746,1,0
"Prostaglandin E synthase",0.900594532627866,0.12180171957672,0.786174735449735,0.900594532627866,0,1,0.657729285714286,0,0.900594532627866,1,0.657729285714286
"G protein-coupled receptor kinase 5",0,0.977577437641723,0.0110728835978836,0,0.292324126984127,1,1,0.977577437641723,0.0498279761904762,1,1
"Egl nine homolog 1",0,0.501970723104056,0.0132874603174603,0,0.132874603174603,1,0.185075340136054,0,0.348795833333333,0.0083046626984127,1
"Elongation of very long chain fatty acids protein 6",0.874757804232804,0.0885830687830688,1,0.146162063492064,1,1,0.146162063492064,1,0.0664373015873016,1,0.0885830687830688
"Glucagon",0,0.484992301587302,0.484992301587302,0,0,1,0.0719737433862434,0,0.0719737433862434,0.484992301587302,0.40811485260771
"CREB-binding protein",0.735555839002268,1,0.653300132275132,0.653300132275132,1,0.735555839002268,0.735555839002268,0.735555839002268,1,1,0.653300132275132
"Mitogen-activated protein kinase kinase kinase 7",1,1,1,1,1,1,1,1,1,1,1
"Interferon-induced, double-stranded RNA-activated protein kinase",0.61454503968254,0.960019007936508,0.960019007936508,0.61454503968254,0.61454503968254,0.61454503968254,0.61454503968254,0.61454503968254,0.960019007936508,0.993539646464647,0.688100623582766
"Aldo-keto reductase family 1 member C2",1,0.232530555555556,1,0.40526753968254,0.40526753968254,1,1,0.40526753968254,1,0.40526753968254,1
"Trace amine-associated receptor 1",0,0.351168594104308,0.957301118326118,0,0.132874603174603,0.338830238095238,0.338830238095238,0.351168594104308,0.714200992063492,0.660682054673721,0.593783382936508
"Nuclear receptor ROR-alpha",1,0.520425529100529,0.736346759259259,1,0.736346759259259,1,0.736346759259259,0.182702579365079,1,0.968086394557823,0.182702579365079
"Heat shock factor protein 1",0.0332186507936508,1,0.905208234126984,0.343259391534392,0.98548664021164,0.905208234126984,0.343259391534392,0.631154365079365,0.905208234126984,1,0.631154365079365
"Hematopoietic prostaglandin D synthase",0,0.575789947089947,0,0.110728835978836,1,0.406928472222222,1,1,0.575789947089947,1,1
"Aldo-keto reductase family 1 member C1",0.182702579365079,1,0.946731547619048,0.0664373015873016,1,1,1,1,1,0.83046626984127,1
"Bifunctional protein NCOAT",0,0.531498412698413,0.0110728835978836,0,1,1,0.406928472222222,1,1,1,1
"LIM domain kinase 2",0.365405158730159,0.498279761904762,0.42519873015873,0.616390520282187,0.42519873015873,0.166093253968254,1,0.498279761904762,0.42519873015873,0.847075595238095,0.498279761904762
"Serine/threonine-protein kinase PLK2",0,0.85039746031746,1,0,0.446079024943311,0.446079024943311,0.446079024943311,0.446079024943311,0.446079024943311,0.686518783068783,0.473365773809524
"Neuropeptide FF receptor 1",0,1,1,1,1,1,1,1,1,1,1
"Neuropeptide FF receptor 2",0.0996559523809524,1,1,0.710879126984127,1,0.0332186507936508,0.083046626984127,1,1,1,0.52319375
"IgG receptor FcRn large subunit p51",0.265749206349206,0.265749206349206,1,1,0.491636031746032,1,0.836002711640212,0.232530555555556,1,1,0.0996559523809524
"Smoothened homolog",0,0.232530555555556,0.221457671957672,0,0.688100623582766,0.647763690476191,0.647763690476191,1,1,1,1
"Aldo-keto reductase family 1 member B10",0.597935714285714,0.859993959435626,0.910191031746032,0.232530555555556,0.859993959435626,0.859993959435626,0.859993959435626,0.744097777777778,0.597935714285714,1,0.415233134920635
"Serine/threonine-protein kinase 33",0,1,1,0.963340873015873,0.83046626984127,0.963340873015873,1,0.0332186507936508,0.963340873015873,1,1
"Transient receptor potential cation channel subfamily A member 1",0,0.404160251322751,0.132874603174603,0,0.0110728835978836,0.428151499118166,1,0.116265277777778,0.428151499118166,0.740775912698413,0.428151499118166
"Diacylglycerol O-acyltransferase 1",0,0,1,0.0442915343915344,0.0913512896825397,0.984102529761905,0.597935714285714,0.591291984126984,0.982322959183673,1,1
"Histone-lysine N-methyltransferase, H3 lysine-9 specific 3",1,1,0.780638293650794,1,1,1,1,0.780638293650794,1,1,1
"Lysine-specific histone demethylase 1",0.0166093253968254,1,0.815702425044092,0,1,0.569462585034014,0.815702425044092,0.298967857142857,0.12180171957672,0.305611587301587,0.569462585034014
"Alpha-synuclein",0.308458900226757,0.166093253968254,0.166093253968254,0.0664373015873016,0.245818015873016,0.654407420634921,0.387550925925926,0.0664373015873016,0.332186507936508,0.27682208994709,1
"Tankyrase-2",0.887412528344671,1,1,0.0221457671957672,0.0221457671957672,1,0.724166587301587,0,0.149483928571429,0.887412528344671,1
"Tankyrase-1",0,1,0.172736984126984,0.172736984126984,0.38616681547619,0.38616681547619,0.172736984126984,0.376478042328042,1,1,0.172736984126984
"Mitogen-activated protein kinase kinase kinase kinase 4",0.556412400793651,0.055364417989418,1,1,0,1,1,0.055364417989418,1,1,1
"Lysine-specific demethylase 4C",1,0.52319375,0.890259841269841,0.930122222222222,0.0332186507936508,0.52319375,1,0,1,1,1
