"","EGFR","Hypoxia","JAK.STAT","MAPK","NFkB","PI3K","TGFb","TNFa","Trail","VEGF","p53"
"Arginase-1",0.004,0.211,0.046,0.014,0.476,0.433,0.022,0.097,0.433,0.186,0.52
"Leucine-rich repeat serine/threonine-protein kinase 2",0.025,0.31,0,0.311,0.347,0.137,0.36,0.205,0.605,0.044,0.143
"Tyrosyl-DNA phosphodiesterase 1",0.405,0.383,0.158,0.392,0.007,0.348,0.42,0.009,0.373,0.289,0.403
"Transitional endoplasmic reticulum ATPase",0.347,0.139,0.292,0.484,0.201,0.275,0.341,0.167,0.399,0.06,0.031
"Glucokinase regulatory protein",0,0.136,0.001,0,0.112,0.159,0.395,0,0.065,0.268,0.313
"Pyruvate kinase isozymes M1/M2",0.01,0.241,0.136,0.389,0.073,0,0.003,0.001,0.066,0.355,0.192
"Transient receptor potential cation channel subfamily M member 8",0.232,0.37,0.369,0.397,0.399,0.317,0.186,0.124,0.073,0.442,0.088
"G-protein coupled receptor 55",0,0.126,0.14,0,0.189,0.031,0.346,0.262,0.061,0.191,0.41
"Endoplasmin",0,0.247,0.159,0.005,0.156,0.251,0.156,0.292,0.149,0.25,0.041
"Serine/threonine-protein kinase/endoribonuclease IRE1",0.111,0.152,0.262,0.012,0.002,0.199,0.297,0,0.308,0.241,0.001
"NADPH oxidase 4",0,0.081,0.005,0,0.086,0.116,0.022,0.036,0.136,0.055,0.037
"Ketohexokinase",0.386,0.075,0.491,0.511,0.03,0.369,0.176,0.478,0.36,0.388,0.347
"Lethal(3)malignant brain tumor-like protein 1",0.352,0.086,0.127,0.216,0,0.146,0.233,0,0.166,0.135,0.312
"Microtubule-associated protein tau",0.011,0.154,0.384,0,0.223,0.516,0.189,0.299,0.105,0.443,0.012
"15-hydroxyprostaglandin dehydrogenase [NAD+]",0.003,0.012,0.011,0,0,0.023,0.193,0,0.128,0.031,0.096
"G-protein coupled receptor 35",0.13,0.252,0.167,0.024,0.178,0.18,0.032,0.275,0.098,0.453,0.437
"ATP-sensitive inward rectifier potassium channel 1",0.029,0.399,0.025,0.01,0.229,0.149,0.417,0.487,0.167,0.368,0.153
"Neuropeptides B/W receptor type 1",0.141,0.033,0.336,0.376,0.003,0.3,0.274,0.016,0.496,0.155,0.186
"Nuclear receptor ROR-gamma",0.233,0.261,0.1,0.413,0,0.197,0.009,0,0.44,0.294,0.202
"DNA topoisomerase I",0.004,0.413,0.016,0.008,0.39,0.431,0.521,0.222,0.203,0.214,0.251
"Farnesyl diphosphate synthase",0,0.277,0.318,0,0.053,0.48,0.145,0.331,0.002,0.132,0.045
"Glucagon-like peptide 1 receptor",0.253,0.535,0.004,0.19,0.352,0.019,0.55,0.086,0.062,0.256,0.166
"Endothelin receptor ET-B",0.245,0.025,0.003,0.167,0.002,0.509,0.389,0.008,0.41,0.123,0.156
"Steroid 5-alpha-reductase 1",0.011,0.44,0.036,0.009,0.068,0.221,0.149,0.098,0.145,0.256,0.072
"Vasopressin V2 receptor",0.277,0.448,0.456,0.533,0.405,0.478,0.11,0.264,0.26,0.099,0.185
"Somatostatin receptor 5",0.001,0.092,0.162,0.005,0.03,0.289,0.094,0.01,0.475,0.001,0.319
"Histone-lysine N-methyltransferase, H3 lysine-79 specific",0.308,0.033,0.012,0.312,0.001,0.343,0.494,0.001,0.365,0.091,0.183
"Bromodomain-containing protein 3",0.108,0.244,0.289,0.01,0.481,0.351,0.241,0.27,0.403,0.021,0.264
"Cysteinyl leukotriene receptor 1",0.006,0.069,0.021,0.084,0.001,0.135,0.022,0,0.245,0.245,0.344
"Plasminogen",0,0.209,0.124,0,0.039,0.381,0.019,0.105,0.029,0.337,0.335
"Leukocyte adhesion glycoprotein LFA-1 alpha",0,0.267,0.003,0,0.002,0.525,0.099,0.461,0.134,0.015,0.087
"Somatostatin receptor 2",0,0.013,0.015,0.001,0.004,0.062,0.087,0.07,0.285,0.223,0.185
"Muscarinic acetylcholine receptor M4",0.006,0.281,0.023,0.018,0.156,0.326,0.453,0.082,0.305,0.43,0.159
"Inosine-5'-monophosphate dehydrogenase 1",0.043,0.421,0.334,0.182,0.188,0.517,0.401,0.028,0.365,0.418,0.408
"Receptor protein-tyrosine kinase erbB-2",0.18,0.429,0.144,0.367,0.053,0.157,0.329,0.001,0.249,0.017,0.154
"TNF-alpha",0.006,0.505,0.025,0,0.365,0.591,0.202,0.565,0.181,0.212,0.08
"Phosphodiesterase 5A",0.347,0.028,0.014,0.164,0.052,0.243,0.253,0,0.196,0.089,0.011
"Serotonin 2b (5-HT2b) receptor",0.331,0.095,0.006,0.286,0.038,0.034,0.404,0.018,0.48,0.215,0.344
"Thromboxane-A synthase",0.155,0.081,0.407,0.037,0.35,0.348,0.212,0.035,0.042,0.14,0.002
"Prostanoid EP4 receptor",0.002,0.258,0.258,0.027,0.498,0.245,0.097,0.021,0.1,0.367,0.366
"Dopamine D5 receptor",0.004,0.127,0.216,0.158,0.457,0.305,0.201,0.207,0.182,0.231,0.183
"Somatostatin receptor 4",0.239,0.087,0.386,0.473,0.357,0.101,0.232,0.142,0.365,0.224,0.045
"Gonadotropin-releasing hormone receptor",0.015,0.03,0.298,0.509,0.031,0.232,0.389,0.044,0.429,0.544,0.149
"4-hydroxyphenylpyruvate dioxygenase",0.15,0.12,0.069,0.289,0.123,0.11,0.031,0.001,0.587,0.199,0.394
"Tyrosine-protein kinase ABL",0.016,0.598,0.008,0,0.524,0.118,0.085,0.419,0.279,0.561,0.271
"Vascular endothelial growth factor receptor 1",0.004,0.063,0.093,0.408,0.191,0.146,0.358,0.472,0.229,0.381,0.005
"Tissue-type plasminogen activator",0.056,0.376,0.016,0.006,0.158,0.115,0.121,0.2,0.481,0.317,0.081
"Calcium sensing receptor",0.004,0.06,0.248,0.05,0.053,0.146,0.027,0.052,0.432,0.489,0.078
"Neuronal acetylcholine receptor protein alpha-4 subunit",0.084,0.279,0.184,0.191,0.045,0.207,0.235,0,0.313,0.008,0.004
"Potassium channel, inwardly rectifying, subfamily J, member 11",0.524,0.269,0.189,0.192,0,0.447,0.085,0,0.498,0.051,0.516
"Vasopressin V1a receptor",0.012,0.037,0.478,0.036,0.099,0.229,0.179,0.35,0.137,0.019,0.185
"Glutamate carboxypeptidase II",0.479,0.058,0.303,0.051,0.012,0.172,0.137,0.003,0.086,0.374,0.203
"Serotonin 1b (5-HT1b) receptor",0.197,0.062,0.015,0.3,0.132,0.455,0.116,0.031,0.02,0.375,0.267
"Serotonin 3a (5-HT3a) receptor",0.021,0.445,0.042,0.117,0.125,0.415,0.207,0.011,0.314,0.191,0.402
"Aldose reductase",0.338,0.424,0.037,0.384,0.017,0.168,0.05,0,0.051,0.116,0.423
"Glutamate [NMDA] receptor subunit epsilon 2",0.022,0.038,0.107,0.002,0.361,0.244,0.238,0.003,0.128,0.482,0.529
"Serine/threonine-protein kinase RAF",0.023,0.04,0.032,0.005,0.066,0.196,0.339,0.594,0.264,0.079,0.108
"Aminopeptidase N",0.01,0.081,0.208,0.009,0.039,0.289,0.186,0.079,0.278,0.418,0.283
"Cytochrome P450 11B1",0.407,0.393,0.093,0.146,0.366,0.262,0.031,0.387,0.374,0.361,0.268
"Butyrylcholinesterase",0.056,0.483,0.04,0.316,0.376,0.01,0.255,0.001,0.214,0.002,0
"Alpha-2c adrenergic receptor",0,0.358,0.396,0.005,0.011,0.202,0.255,0.282,0.028,0.475,0.3
"Melatonin receptor 1A",0,0.471,0.011,0.001,0.065,0.45,0.167,0.022,0.049,0.187,0.32
"Melatonin receptor 1B",0.004,0.381,0.063,0,0.228,0.339,0.386,0.001,0.071,0.078,0.256
"Thyroid hormone receptor beta-1",0.066,0.345,0.177,0.175,0,0.045,0.165,0,0.036,0.356,0.275
"Cyclophilin A",0.308,0.276,0.046,0,0.251,0.24,0.072,0.066,0.157,0.194,0.113
"Thymidylate synthase",0,0.438,0.395,0.017,0.086,0.143,0.106,0.009,0.038,0.389,0.361
"Vascular endothelial growth factor receptor 3",0.172,0.017,0.152,0.104,0.131,0.376,0.024,0.272,0.315,0.126,0.452
"Insulin-like growth factor I receptor",0.367,0.06,0.34,0.223,0.089,0.449,0.353,0.013,0.162,0.199,0.352
"Epoxide hydrolase 1",0.003,0.305,0.288,0,0.268,0.47,0.491,0.53,0.05,0.102,0.467
"Tyrosine-protein kinase receptor FLT3",0,0.044,0.37,0.001,0.004,0.343,0.094,0.003,0.046,0.248,0.136
"Vitamin D receptor",0.072,0.073,0.054,0.174,0.012,0.005,0.2,0.004,0.017,0.433,0.102
"Cytochrome P450 19A1",0,0.378,0.144,0.004,0.497,0.337,0.204,0.378,0.251,0.216,0.135
"Insulin receptor",0.111,0.213,0.085,0.122,0.003,0.275,0.071,0.013,0.29,0.046,0.366
"Serotonin 1d (5-HT1d) receptor",0.046,0.091,0.022,0.13,0,0.294,0.563,0,0.15,0.081,0
"Inhibitor of nuclear factor kappa B kinase beta subunit",0.063,0.229,0.236,0.335,0.003,0.177,0.106,0,0.157,0.055,0.16
"Prostanoid IP receptor",0,0.001,0.044,0,0.182,0.108,0.007,0.445,0.045,0.266,0.005
"Equilibrative nucleoside transporter 1",0.219,0.202,0.477,0.203,0,0.438,0.21,0.001,0.443,0.225,0.032
"Purinergic receptor P2Y12",0.541,0.01,0.001,0.029,0.227,0.09,0.012,0.136,0.24,0.006,0.265
"Retinoic acid receptor gamma",0.047,0.227,0.322,0.027,0.1,0.202,0.458,0.503,0.484,0.382,0.11
"Platelet-derived growth factor receptor alpha",0.008,0.015,0.097,0.01,0.035,0.576,0.534,0.006,0.03,0.369,0.066
"Retinoic acid receptor beta",0.343,0.214,0.054,0.021,0.009,0.297,0.036,0,0.174,0.032,0.215
"Nociceptin receptor",0.026,0.543,0.213,0.094,0.014,0.002,0.052,0.091,0.168,0.09,0.001
"Dihydrofolate reductase",0.071,0.222,0.536,0,0.344,0.285,0.146,0.19,0.518,0.432,0.006
"Epidermal growth factor receptor erbB1",0.052,0.114,0.031,0.015,0.4,0.08,0.532,0.151,0.067,0.495,0.404
"Muscarinic acetylcholine receptor M5",0.187,0.046,0.014,0.154,0.176,0.229,0.343,0.107,0.344,0.472,0.184
"Peptidyl-prolyl cis-trans isomerase FKBP5",0.016,0.098,0.035,0.043,0.313,0.044,0.319,0.599,0.56,0.292,0.032
"Retinoic acid receptor alpha",0.107,0.095,0.012,0.479,0.007,0.349,0.175,0.003,0.011,0.319,0.367
"Estrogen receptor alpha",0,0.081,0.01,0,0.47,0.366,0.148,0.362,0.04,0.157,0.147
"Beta-2 adrenergic receptor",0.061,0.022,0.081,0.44,0,0.209,0.27,0.002,0.373,0.081,0.054
"Cyclin T1",0.017,0.074,0.112,0.552,0.116,0.277,0.143,0.221,0.401,0.471,0.202
"Muscarinic acetylcholine receptor M2",0.001,0.023,0.179,0.011,0.002,0.23,0.038,0.002,0.212,0.009,0.01
"Beta-1 adrenergic receptor",0.131,0.053,0.023,0.137,0.002,0.581,0.013,0.003,0.064,0.286,0.364
"Dopamine D2 receptor",0.338,0.12,0.067,0.175,0.002,0.307,0.303,0.029,0.056,0.173,0.198
"Beta-glucocerebrosidase",0.056,0.043,0.254,0.095,0.017,0.414,0.138,0.001,0.421,0.121,0.276
"Motilin receptor",0.298,0.149,0.095,0.174,0.047,0.008,0.037,0.021,0.365,0.188,0.225
"MAP kinase-activated protein kinase 2",0,0.284,0.436,0,0.024,0.103,0.038,0.126,0.003,0.054,0.011
"Cyclooxygenase-1",0.334,0.487,0.362,0.144,0.09,0.483,0.13,0.286,0.469,0.111,0.057
"Norepinephrine transporter",0.044,0.632,0.006,0.007,0.027,0.315,0.237,0.034,0.166,0.457,0.341
"Anandamide amidohydrolase",0.007,0.155,0.018,0.003,0.041,0.086,0.204,0.122,0.453,0.499,0.254
"Serotonin 2c (5-HT2c) receptor",0.002,0.34,0.057,0,0.004,0.201,0.07,0.015,0.302,0.257,0.144
"Dipeptidyl peptidase I",0.01,0.045,0.543,0.054,0.188,0.305,0.205,0.287,0.101,0.247,0.028
"Serotonin transporter",0.043,0.079,0.009,0.132,0.458,0.477,0.414,0.299,0.125,0.27,0.054
"Peroxisome proliferator-activated receptor alpha",0.338,0.35,0.28,0.015,0.101,0.169,0.184,0.099,0.095,0.398,0.393
"HERG",0.506,0.045,0.253,0.027,0,0.138,0.003,0.006,0.051,0.064,0.109
"Epoxide hydratase",0.491,0.441,0.33,0.418,0.068,0.28,0.05,0.014,0.168,0.224,0.555
"Phosphodiesterase 3A",0.159,0.07,0.468,0.411,0.009,0.562,0.057,0.005,0.185,0.127,0.382
"C-C chemokine receptor type 1",0.001,0.238,0.008,0,0.238,0.296,0.257,0.249,0.373,0.525,0.434
"C-C chemokine receptor type 4",0.12,0.109,0.345,0.04,0.001,0.371,0.209,0.203,0.435,0.177,0.426
"Estrogen receptor beta",0.067,0.122,0.459,0.023,0.006,0.202,0.064,0.048,0.409,0.462,0.474
"Glyoxalase I",0.049,0.067,0.27,0.022,0.508,0.487,0.456,0.113,0.267,0.294,0.28
"Myosin light chain kinase, smooth muscle",0.237,0.002,0.245,0.33,0.042,0.102,0.424,0.38,0.177,0.277,0.005
"Serine/threonine-protein kinase AKT2",0.518,0.423,0.237,0.261,0.014,0.313,0.007,0,0.031,0.439,0.304
"Interleukin-8 receptor B",0.314,0.003,0.141,0.264,0,0.142,0.421,0,0.243,0.343,0.03
"Myeloperoxidase",0.005,0.156,0.127,0.007,0.05,0.259,0.229,0.023,0.31,0.211,0.419
"Coagulation factor X",0.03,0.103,0.128,0.032,0.226,0.285,0.481,0.018,0.325,0.159,0.035
"Deoxycytidine kinase",0.059,0.169,0.059,0.032,0.084,0.287,0.237,0,0.607,0.281,0.209
"Muscarinic acetylcholine receptor M3",0.011,0.16,0.261,0.005,0.028,0.549,0.146,0.227,0.123,0.248,0.273
"Beta-3 adrenergic receptor",0.001,0.02,0.335,0.001,0,0.183,0.33,0.001,0.473,0.006,0.104
"Death-associated protein kinase 3",0,0.26,0.577,0.543,0.007,0.025,0.013,0,0.013,0.149,0.388
"Methionine aminopeptidase 1",0.001,0.204,0.385,0.232,0.295,0.137,0.422,0.362,0.288,0.048,0.356
"Leukocyte elastase",0.056,0.122,0,0.052,0.003,0.337,0.042,0,0.011,0.347,0.021
"Beta amyloid A4 protein",0.003,0.086,0.023,0.03,0.04,0.18,0.312,0.221,0.219,0.546,0.396
"Neurokinin 1 receptor",0.372,0.374,0.097,0.021,0.213,0.398,0.122,0.03,0.366,0.451,0.386
"Neuronal acetylcholine receptor protein alpha-7 subunit",0.023,0.374,0.206,0.031,0.025,0.105,0.043,0.011,0.153,0.359,0.234
"Adenosine A2a receptor",0.125,0.092,0.015,0.028,0.004,0.175,0.004,0.09,0.082,0.132,0.021
"Endothelin receptor ET-A",0.331,0.341,0.345,0.174,0.011,0.423,0.215,0.029,0.175,0.185,0.09
"Beta secretase 2",0.336,0.555,0.268,0.14,0.013,0.351,0.263,0.014,0.19,0.029,0.073
"Serine/threonine-protein kinase Chk2",0.164,0.067,0.273,0.07,0.242,0.015,0.056,0.523,0.437,0.637,0
"Cannabinoid CB2 receptor",0.001,0.261,0,0.001,0.395,0.318,0.02,0.273,0.463,0.161,0.497
"3-phosphoinositide dependent protein kinase-1",0.612,0.032,0.006,0.096,0,0.353,0.129,0.001,0.235,0.263,0.224
"Phospholipase D1",0.249,0.127,0.035,0.311,0.04,0.26,0.386,0.463,0.336,0.059,0.211
"Phosphodiesterase 4A",0.003,0.024,0.487,0.004,0.007,0.422,0.369,0.019,0.588,0.388,0.22
"Adenosine A2b receptor",0.092,0.43,0.116,0.383,0.004,0.251,0.374,0.001,0.073,0.247,0.103
"Carboxypeptidase B",0.018,0.018,0.016,0.055,0.371,0.144,0.525,0.169,0.311,0.067,0.173
"Adenosine A3 receptor",0.027,0.488,0.11,0.068,0.595,0.27,0.539,0.117,0.111,0.277,0.229
"Histone deacetylase 5",0.037,0.069,0.032,0.015,0.374,0.238,0.073,0.146,0.253,0.244,0.352
"Liver glycogen phosphorylase",0.01,0.036,0.412,0.002,0.028,0.458,0.032,0.021,0.118,0.403,0.232
"Tyrosine-protein kinase LCK",0.001,0.128,0.008,0.019,0.007,0.247,0.085,0.208,0.179,0.28,0.551
"Cathepsin D",0.079,0.437,0.286,0.273,0.004,0.151,0.329,0,0.149,0.388,0.002
"Melanocortin receptor 4",0.073,0.23,0.016,0.257,0.042,0.111,0.294,0.013,0.028,0.121,0.351
"Peptide N-myristoyltransferase 1",0.05,0.305,0.321,0.07,0.206,0.182,0.38,0.286,0.307,0.46,0.444
"Tyrosine-protein kinase SYK",0.315,0.124,0.418,0.132,0.262,0.526,0.085,0.038,0.38,0.526,0.037
"MAP kinase p38 alpha",0.328,0.4,0.148,0.431,0.002,0.516,0.28,0.004,0.509,0.285,0.046
"Carbonic anhydrase I",0,0.418,0.11,0,0.394,0.451,0.032,0.204,0.086,0.435,0.131
"Furin",0.03,0.093,0.036,0,0.028,0.299,0.327,0.358,0.051,0.301,0.035
"Tryptase beta-1",0.005,0.425,0,0,0.051,0.071,0.253,0.09,0.358,0.063,0.058
"Glycogen synthase kinase-3 beta",0.284,0.15,0.006,0.073,0,0.088,0.398,0,0.389,0.471,0.017
"Dual specificity protein phosphatase 3",0.003,0.369,0,0.001,0,0.157,0.128,0.062,0.178,0.401,0.078
"c-Jun N-terminal kinase 3",0.458,0.074,0.381,0.441,0.003,0.467,0.165,0.059,0.101,0.385,0.38
"Histamine H3 receptor",0.017,0.111,0.409,0.013,0,0.099,0.007,0.002,0.075,0.131,0.473
"Phosphodiesterase 2A",0.001,0.005,0.233,0.017,0,0.483,0.385,0.001,0.453,0.345,0.161
"Adenosylhomocysteinase",0.116,0.01,0.249,0.398,0.027,0.053,0.005,0.197,0.143,0.442,0.28
"Tyrosine-protein kinase SRC",0.034,0.349,0.159,0.028,0,0.121,0.2,0,0.009,0.326,0.109
"Cathepsin K",0.108,0.14,0.199,0.535,0.223,0.222,0.263,0.161,0.412,0.415,0.256
"Macrophage-stimulating protein receptor",0.401,0.047,0.177,0.345,0.019,0.125,0.449,0.079,0.171,0.443,0.473
"Cystinyl aminopeptidase",0.062,0.453,0,0.001,0.367,0.086,0.286,0.262,0.506,0.018,0.019
"Focal adhesion kinase 1",0.051,0,0,0.042,0,0.399,0,0,0.057,0.435,0.39
"Mitogen-activated protein kinase kinase kinase 11",0.047,0.186,0.524,0.307,0.366,0.481,0.363,0.336,0.146,0.158,0.061
"Histone deacetylase 7",0.004,0.161,0,0.119,0.166,0.439,0.016,0.164,0.293,0.05,0.442
"Phosphodiesterase 11A",0.011,0.048,0.229,0.003,0.384,0.349,0.413,0.009,0.095,0.049,0.001
"Cytochrome P450 11B2",0.003,0.351,0.007,0,0.4,0.085,0.231,0.324,0.155,0.139,0.272
"Protein-glutamine gamma-glutamyltransferase",0.5,0.269,0.015,0.064,0,0.054,0.31,0,0.239,0.129,0.085
"Phospholipase D2",0.019,0.374,0.385,0,0.061,0.217,0.066,0.104,0.361,0.103,0.006
"Metabotropic glutamate receptor 4",0.145,0.16,0.58,0.053,0.024,0.155,0.037,0.022,0.532,0.336,0.104
"C-C chemokine receptor type 5",0.129,0.063,0.171,0.073,0.004,0.145,0.486,0.091,0.255,0.103,0.012
"Fibroblast growth factor receptor 3",0.129,0.3,0.175,0.054,0.091,0.304,0.101,0.284,0.222,0.131,0.089
"Phosphodiesterase 4B",0.284,0.506,0.26,0.312,0.452,0.076,0,0.412,0.462,0.189,0.355
"Ileal bile acid transporter",0.009,0.027,0.145,0.255,0.001,0.499,0.057,0.043,0.066,0.034,0.345
"Integrin alpha-4",0.003,0.256,0.052,0.002,0.236,0.515,0.378,0.357,0.245,0.2,0.07
"Sodium/hydrogen exchanger 1",0.141,0.007,0.052,0.226,0.138,0.198,0.379,0.002,0.355,0.139,0.128
"Acyl coenzyme A:cholesterol acyltransferase 1",0.02,0.138,0.205,0.079,0.128,0.461,0.298,0.086,0.115,0.073,0.251
"Estradiol 17-beta-dehydrogenase 2",0.361,0.061,0.197,0.126,0.226,0.223,0.066,0.032,0.502,0.382,0.019
"Vascular endothelial growth factor receptor 2",0.47,0.503,0.09,0.276,0.303,0.433,0.25,0.012,0.372,0.174,0.171
"Matrix metalloproteinase 13",0.086,0.004,0.096,0.013,0.129,0.361,0.254,0.405,0.491,0.444,0.029
"Tyrosine-protein kinase ZAP-70",0.442,0.264,0.043,0,0.003,0.325,0.017,0,0.31,0.2,0.249
"LXR-alpha",0.015,0.202,0.016,0.137,0,0.315,0.307,0.12,0.358,0.177,0.003
"Protein-glutamine gamma-glutamyltransferase K",0.17,0,0.355,0.322,0,0.474,0.159,0.002,0.103,0.084,0.255
"Nerve growth factor receptor Trk-A",0.006,0.333,0.009,0.007,0.497,0.018,0.276,0.215,0.262,0.067,0.007
"Coagulation factor XI",0.065,0.072,0.01,0.007,0.046,0.404,0.39,0.048,0.263,0.358,0.028
"Casein kinase I delta",0.009,0.001,0.001,0,0.001,0.221,0.428,0.001,0.213,0.383,0.005
"Matrix metalloproteinase 3",0.406,0.118,0.081,0.128,0.124,0.247,0.497,0.012,0.011,0.067,0.437
"Tyrosine-protein kinase JAK1",0.052,0.265,0.321,0.128,0.009,0.24,0.113,0.053,0.463,0.112,0.017
"Dipeptidyl peptidase IV",0.001,0.033,0.001,0.048,0.028,0.023,0.306,0.18,0.064,0.32,0.386
"Serine/threonine-protein kinase mTOR",0.123,0.235,0.212,0.064,0.247,0.346,0.471,0.557,0.068,0.086,0.175
"Glycogen synthase kinase-3 alpha",0.024,0.267,0.271,0.031,0.094,0.572,0.222,0.001,0.436,0.288,0.188
"Renin",0.019,0.21,0.003,0.536,0.244,0.036,0.225,0.072,0.029,0.476,0.082
"Sigma opioid receptor",0.243,0.261,0.551,0.055,0.56,0.011,0.237,0.022,0.065,0.425,0.331
"Mitogen-activated protein kinase kinase kinase 9",0.002,0.265,0.471,0.007,0.155,0.209,0.101,0.009,0.231,0.482,0.126
"Phosphodiesterase 4D",0.06,0.013,0.055,0.101,0.108,0.068,0.317,0.434,0.07,0.488,0.343
"Carbonic anhydrase III",0.043,0.259,0.022,0.42,0.345,0.091,0.038,0.046,0.257,0.355,0.53
"Hematopoietic cell protein-tyrosine phosphatase 70Z-PEP",0.001,0.436,0.285,0.005,0.189,0.475,0.345,0.022,0.004,0.223,0.273
"Phosphodiesterase 3B",0.033,0.004,0.028,0.268,0.016,0.116,0.228,0.001,0.519,0.217,0.001
"Arachidonate 15-lipoxygenase",0.475,0.252,0.402,0.077,0.186,0.175,0.266,0.038,0.1,0.029,0.165
"Phosphodiesterase 4C",0.041,0.003,0.498,0.057,0.442,0.143,0.136,0.376,0.281,0.167,0.005
"Telomerase reverse transcriptase",0.379,0.083,0.02,0.453,0.062,0.303,0.138,0.091,0.119,0.599,0.153
"Protein kinase C gamma",0.301,0.037,0.011,0.003,0,0.069,0.005,0,0.058,0.461,0.071
"Cathepsin S",0,0.02,0.001,0,0.012,0.053,0.028,0.117,0.017,0.148,0.393
"Sphingosine 1-phosphate receptor Edg-5",0.383,0.312,0.035,0.556,0.354,0.191,0.121,0.445,0.08,0.23,0.446
"Tyrosine-protein kinase ITK/TSK",0.041,0.002,0.282,0.005,0,0.312,0.14,0,0.14,0.345,0.04
"Dual specificity mitogen-activated protein kinase kinase 2",0.002,0.077,0.324,0.002,0.002,0.364,0.443,0.002,0.567,0.084,0.543
"Tyrosine-protein kinase JAK2",0.189,0.141,0.371,0.046,0.032,0.2,0.437,0.173,0.549,0.369,0.357
"Rho-associated protein kinase 2",0.404,0.088,0.045,0.254,0.057,0.007,0.188,0.002,0.478,0.058,0.394
"Cholecystokinin B receptor",0,0.331,0.275,0,0.097,0.352,0.071,0.015,0.544,0.043,0.194
"Protein kinase C alpha",0.419,0.041,0,0.082,0.001,0.009,0.07,0,0.234,0.006,0.294
"Protein kinase C delta",0.239,0.056,0.257,0.429,0.378,0.243,0.418,0.512,0.498,0.455,0.024
"P2X purinoceptor 3",0.142,0.45,0.194,0.048,0.47,0.189,0.313,0.388,0.385,0.204,0.445
"Multidrug resistance-associated protein 1",0.02,0.025,0.062,0.174,0.002,0.218,0.06,0.223,0.089,0.213,0.613
"Receptor protein-tyrosine kinase erbB-4",0.042,0.217,0.182,0.086,0,0.44,0.45,0,0.208,0.395,0.476
"Cyclin-dependent kinase 2",0.395,0.029,0.477,0.359,0.299,0.374,0.392,0.264,0.116,0.044,0.13
"Phosphodiesterase 7A",0.005,0.003,0.005,0.272,0,0.069,0.007,0.014,0.165,0.066,0.007
"Matriptase",0.011,0.175,0.24,0.282,0.167,0.146,0.316,0.179,0.301,0.396,0.081
"Sphingosine kinase 2",0.133,0.214,0.166,0.023,0.003,0.203,0.399,0.024,0.143,0.188,0.331
"Serine/threonine-protein kinase PLK1",0.153,0.264,0.03,0.001,0.222,0.061,0.029,0.191,0.177,0.034,0.036
"Carbonic anhydrase VI",0.003,0.308,0.278,0.059,0.018,0.445,0.014,0.001,0.06,0.469,0.448
"Protein kinase C beta",0.007,0.06,0.217,0,0.425,0.193,0.051,0.195,0.025,0.477,0.083
"Cyclin-dependent kinase 7",0.006,0.446,0.081,0.002,0.081,0.211,0.17,0.429,0.323,0.305,0.398
"Glycine transporter 2",0,0.328,0.398,0.007,0.052,0.146,0.011,0.287,0.003,0.105,0.076
"Cyclin-dependent kinase 1",0.007,0.05,0.262,0.045,0.023,0.3,0.103,0.063,0.245,0.102,0.456
"Excitatory amino acid transporter 1",0.338,0.178,0.129,0.065,0.059,0.468,0.08,0,0.144,0.079,0.366
"Plasma retinol-binding protein",0.025,0.028,0.022,0.17,0.484,0.209,0.463,0.383,0.12,0.233,0.146
"Poly [ADP-ribose] polymerase-1",0,0.026,0.098,0.002,0.154,0.497,0.002,0.011,0.466,0.529,0.507
"Thymidine phosphorylase",0.033,0.004,0.002,0.052,0,0.13,0.194,0,0.362,0.34,0.025
"Cyclin-dependent kinase 9",0.009,0.221,0.233,0.003,0.203,0.347,0.145,0.026,0.374,0.497,0.426
"PI3-kinase p110-delta subunit",0.189,0.526,0.139,0.024,0.552,0.199,0.601,0.038,0.633,0.151,0.151
"DNA-dependent protein kinase",0.371,0.391,0.038,0.121,0.007,0.04,0.053,0.034,0.298,0.179,0.095
"PI3-kinase p110-beta subunit",0.281,0.121,0,0.275,0.399,0.067,0.181,0.05,0.473,0.116,0.343
"Serotonin 7 (5-HT7) receptor",0.011,0.059,0.39,0.039,0.309,0.059,0.002,0.23,0.066,0.08,0.182
"Bradykinin B2 receptor",0.173,0.425,0.127,0.054,0.239,0.21,0.066,0.285,0.422,0.322,0.006
"Protein-tyrosine phosphatase 1C",0.051,0.519,0.416,0.019,0.057,0.273,0.007,0.006,0.081,0.287,0.054
"Carboxylesterase 2",0.005,0.006,0.037,0.001,0.001,0.029,0.001,0.002,0.485,0.458,0.023
"Estradiol 17-beta-dehydrogenase 1",0.001,0.073,0.033,0,0.442,0.269,0.141,0.393,0.205,0.24,0.105
"Histone deacetylase 8",0.005,0.004,0.034,0,0.072,0.243,0.396,0.2,0.232,0.312,0.032
"Prolyl endopeptidase",0.208,0.452,0.1,0.205,0.025,0.061,0.116,0.262,0.402,0.072,0
"Matrix metalloproteinase 9",0.009,0.154,0,0.038,0.17,0.622,0.181,0.262,0.479,0.003,0.094
"CD22",0.116,0.088,0.03,0.432,0.077,0.439,0.328,0.439,0.421,0.436,0.207
"Metabotropic glutamate receptor 5",0.037,0.082,0.14,0.263,0,0.104,0.152,0,0.388,0.121,0.427
"Sphingosine 1-phosphate receptor Edg-6",0,0.059,0.046,0,0.016,0.021,0.447,0.008,0.148,0.124,0
"Rho-associated protein kinase 1",0,0.024,0.211,0.003,0.42,0.317,0.261,0.032,0.064,0.418,0.202
"Tyrosine-protein kinase HCK",0.311,0.154,0.343,0.248,0,0.262,0.477,0.093,0.189,0.145,0.024
"Carbonic anhydrase XII",0.015,0.456,0.167,0.058,0.027,0.169,0.134,0.068,0.531,0.432,0.519
"Histone deacetylase 1",0.156,0.034,0.046,0.393,0.384,0.345,0.026,0.371,0.182,0.011,0.498
"Lysophosphatidic acid receptor Edg-7",0.135,0.203,0.135,0.087,0.077,0.137,0.096,0.461,0.019,0.363,0.353
"PI3-kinase p110-gamma subunit",0.156,0.457,0.16,0.135,0.641,0.028,0.178,0.614,0.486,0.56,0.222
"PI4-kinase beta subunit",0.365,0.014,0.002,0.263,0.214,0.11,0.374,0.003,0.007,0.116,0.019
"Cathepsin L2",0,0.312,0.042,0,0.157,0.151,0.014,0.031,0.276,0.065,0.185
"Urokinase-type plasminogen activator",0.23,0.243,0.085,0.352,0.466,0.201,0.121,0.002,0.5,0.43,0.044
"Testis-specific androgen-binding protein",0.002,0.044,0.211,0.138,0.003,0.174,0.132,0,0.037,0.218,0.292
"Caspase-6",0.133,0.004,0.112,0.123,0.002,0.206,0.116,0,0.125,0.077,0.023
"Cyclin-dependent kinase 4",0.168,0.124,0.094,0.12,0.005,0.391,0.175,0,0.408,0.304,0.083
"Histone deacetylase 11",0.151,0.01,0.011,0.466,0,0.04,0.425,0,0.079,0.042,0.263
"Sodium-dependent proline transporter",0.226,0.164,0.006,0.167,0.03,0.181,0.339,0.048,0.371,0.4,0.217
"Matrix metalloproteinase-1",0.251,0.04,0.073,0.207,0.414,0.116,0.078,0.141,0.532,0.465,0.285
"Matrix metalloproteinase-2",0.013,0.084,0.211,0.094,0.003,0.441,0.229,0.032,0.097,0.197,0.483
"Protein-tyrosine phosphatase 1B",0.041,0.506,0.19,0.142,0.386,0.309,0.336,0.299,0.365,0.177,0.235
"Acetyl-CoA carboxylase 1",0.059,0.052,0.074,0.099,0.084,0.253,0.22,0.266,0.191,0.103,0.048
"Serotonin 6 (5-HT6) receptor",0.374,0.318,0.01,0.368,0.117,0.218,0.411,0.366,0.217,0.082,0.389
"MAP kinase ERK1",0.001,0.435,0.004,0.007,0.059,0.025,0.044,0.016,0.399,0.219,0.086
"Cytochrome P450 2C9",0.018,0.119,0.015,0.002,0.185,0.007,0.182,0.001,0.069,0.362,0.349
"Probable G-protein coupled receptor 88",0.065,0.115,0.042,0.224,0.003,0.158,0.371,0.234,0.068,0.169,0.371
"Cytochrome P450 3A4",0.036,0.289,0.422,0.05,0.351,0.413,0.16,0.142,0.146,0.121,0.044
"Pregnane X receptor",0.069,0.045,0.12,0.071,0.043,0.076,0.161,0.125,0.511,0.195,0.008
"Carboxypeptidase B2 isoform A",0.01,0.013,0.12,0,0,0.314,0.188,0,0.005,0.557,0.021
"Serotonin 5a (5-HT5a) receptor",0.018,0.029,0.261,0.025,0.262,0.016,0.003,0.001,0.01,0.027,0.002
"Estrogen-related receptor alpha",0,0.453,0.082,0.003,0.114,0.38,0.309,0.23,0.1,0.002,0.004
"Amine oxidase, copper containing",0.008,0.044,0.139,0.08,0.09,0.447,0.182,0.136,0.357,0.416,0.196
"Protein kinase C zeta",0.299,0.207,0.4,0.206,0.14,0.014,0.406,0.08,0.445,0.501,0.002
"Melanin-concentrating hormone receptor 1",0.169,0.033,0.3,0.26,0.008,0.513,0.202,0.009,0.089,0.24,0.008
"Caspase-7",0.407,0.094,0.043,0.422,0.327,0.312,0.185,0.311,0.438,0.479,0.298
"C-C chemokine receptor type 3",0,0.121,0.068,0.003,0.029,0.372,0.088,0.029,0.218,0.007,0
"Phospholipase A2 group IIA",0.51,0.383,0.014,0.093,0.005,0.466,0.043,0.355,0.583,0.028,0.036
"Plasminogen activator inhibitor-1",0.022,0.312,0.139,0.29,0.189,0.245,0.38,0.294,0.167,0.023,0.014
"Inhibitor of nuclear factor kappa B kinase alpha subunit",0.075,0.115,0.361,0,0.296,0.398,0.121,0.018,0.017,0.399,0.276
"Proteasome Macropain subunit",0,0.109,0.026,0.002,0.051,0.016,0.202,0,0.386,0.123,0.322
"Carbonic anhydrase XIV",0.002,0.213,0.014,0.002,0.045,0.21,0.311,0.343,0.371,0.099,0.252
"LDL-associated phospholipase A2",0.041,0.432,0.079,0.001,0.206,0.321,0.144,0.002,0.298,0.4,0.497
"Cytochrome P450 17A1",0.035,0.389,0.348,0.001,0.009,0.318,0.357,0.001,0.231,0.332,0.01
"Histone deacetylase 4",0,0.054,0.088,0,0.501,0.24,0.452,0.001,0.005,0.026,0.008
"Inhibitor of nuclear factor kappa B kinase epsilon subunit",0,0.318,0.295,0.013,0.037,0.295,0.31,0.003,0.244,0.29,0.386
"Phosphodiesterase 9A",0.354,0.38,0.176,0.04,0.411,0.179,0.466,0.368,0.195,0.51,0.02
"Tyrosine-protein kinase TYK2",0.614,0.373,0.045,0.326,0.476,0.013,0.228,0.063,0.462,0.551,0.166
"Steryl-sulfatase",0.085,0.444,0.032,0.191,0.39,0.401,0.434,0.071,0.507,0.301,0.237
"Nitric-oxide synthase, brain",0.272,0.057,0.04,0.11,0.082,0.517,0.45,0.522,0.219,0.303,0.032
"Cholesteryl ester transfer protein",0.138,0.06,0.296,0.068,0.026,0.261,0.401,0.025,0.477,0.204,0.01
"Protein kinase C epsilon",0.048,0.542,0.013,0.049,0.075,0.07,0.094,0.01,0.367,0.247,0.13
"Dual specificity mitogen-activated protein kinase kinase 1",0.188,0.007,0.168,0.131,0,0.014,0.387,0,0.395,0.49,0.34
"Adenosine kinase",0.019,0.031,0.147,0.175,0.006,0.29,0.112,0.159,0.016,0.073,0.019
"Hormone sensitive lipase",0.038,0.458,0.228,0.003,0,0.51,0.195,0.001,0.353,0.46,0.031
"Carbonic anhydrase IX",0,0.257,0,0,0.134,0.034,0.107,0.108,0.331,0.428,0.345
"Protein kinase C eta",0.002,0.382,0.009,0.005,0.006,0.128,0.448,0.003,0.262,0.303,0.036
"Cytochrome P450 2C19",0.004,0.39,0.43,0.006,0.267,0.213,0.358,0.017,0.267,0.271,0.076
"Quinone reductase 1)",0.271,0.243,0.033,0.198,0.178,0.046,0.199,0.001,0.436,0.403,0.097
"Casein kinase II alpha",0.005,0.014,0.155,0,0.128,0.171,0.17,0.162,0.11,0.075,0.039
"Opioid growth factor receptor-like protein 1",0.206,0.041,0.392,0.123,0,0.379,0.337,0,0.242,0.391,0.27
"Kininogen-1",0.393,0,0.148,0.071,0.012,0.325,0.169,0.077,0.353,0.092,0.123
"Acetyl-coenzyme A transporter 1",0.003,0.001,0.002,0.036,0,0.002,0.233,0.001,0.357,0.47,0.012
"Fibroblast growth factor receptor 1",0,0.083,0.148,0.006,0.216,0.417,0.009,0.099,0.055,0.075,0.057
"PI4-kinase alpha subunit",0.211,0.046,0.108,0.428,0.254,0.518,0.125,0.175,0.326,0.257,0.087
"Arachidonate 12-lipoxygenase",0.184,0.351,0.011,0.008,0.381,0.363,0.023,0.395,0.401,0.127,0.381
"Autotaxin",0.002,0,0.193,0.032,0,0.194,0.505,0,0.075,0.374,0.246
"ADAM17",0.017,0.087,0.384,0.026,0,0.083,0.098,0,0.483,0.191,0.131
"Prostanoid EP3 receptor",0.212,0.176,0.324,0.096,0.034,0.225,0.53,0.285,0.031,0.446,0.286
"Hepatocyte growth factor receptor",0,0.165,0.186,0.001,0.065,0.242,0.137,0.134,0.092,0.529,0.189
"Carbonic anhydrase IV",0.326,0.372,0.105,0.451,0.03,0.074,0.282,0.33,0.164,0.4,0.473
"11-beta-hydroxysteroid dehydrogenase 2",0.249,0.092,0.347,0.032,0.01,0.034,0.018,0.036,0.217,0.533,0.006
"Histamine H4 receptor",0.332,0.046,0.022,0.032,0.059,0.242,0.206,0.433,0.317,0.262,0.276
"Beta-glucosidase",0.056,0.249,0.503,0.029,0.035,0.083,0.187,0.036,0.239,0.286,0.219
"Urotensin II receptor",0.008,0.148,0.277,0.027,0.507,0.049,0.506,0.026,0.415,0.346,0.096
"Metabotropic glutamate receptor 1",0.182,0.06,0.124,0.532,0.273,0.218,0.119,0.513,0.207,0.405,0.075
"Dual specificity phosphatase Cdc25A",0.052,0.558,0.294,0.278,0.024,0.071,0.344,0.045,0.404,0.093,0.404
"Caspase-8",0.003,0.125,0.022,0,0.322,0.116,0.346,0.046,0.07,0.181,0.303
"Interleukin-1 receptor-associated kinase 4",0.083,0.424,0.084,0.442,0.378,0.009,0.001,0.04,0.489,0.025,0.052
"Histone acetyltransferase p300",0.262,0.006,0.433,0.067,0.002,0.46,0.003,0,0.511,0.017,0.274
"Hydroxycarboxylic acid receptor 2",0,0.322,0.01,0,0.302,0.399,0.302,0.401,0.186,0.163,0.105
"Serine/threonine-protein kinase PLK4",0.264,0.176,0.217,0.361,0.109,0.067,0.215,0.052,0.368,0.257,0.125
"Melanocortin receptor 1",0.025,0.029,0.123,0.379,0,0.329,0.147,0,0.218,0.264,0.19
"Calcitonin gene-related peptide type 1 receptor",0.094,0.009,0.293,0.45,0.176,0.127,0.447,0.033,0.249,0.251,0.557
"T-cell protein-tyrosine phosphatase",0.221,0.493,0.179,0.377,0.011,0.22,0.332,0.008,0.281,0.131,0.163
"Cytosolic phospholipase A2",0,0.144,0.047,0,0.061,0.362,0.38,0.03,0.045,0.241,0.209
"Hexokinase type IV",0.106,0.01,0.103,0.317,0,0.025,0.081,0,0.085,0.065,0.047
"Serine/threonine-protein kinase NEK2",0.296,0.097,0.122,0.368,0.487,0.309,0.411,0.305,0.227,0.098,0.04
"LIM domain kinase 1",0.442,0.373,0.019,0.441,0.007,0.08,0.063,0.069,0.34,0.128,0.158
"Cathepsin L",0.261,0.329,0.051,0.251,0.445,0.061,0.096,0.144,0.297,0.161,0.389
"Protein kinase C mu",0.075,0.306,0.337,0.031,0.179,0.31,0.325,0.118,0.078,0.514,0.027
"Protein-tyrosine phosphatase 2C",0.142,0.198,0.221,0.014,0.013,0.596,0.035,0,0.529,0.193,0.026
"Matrix metalloproteinase 14",0.082,0.487,0.482,0.074,0.361,0.525,0.217,0.204,0.154,0.137,0.012
"Heat shock protein HSP 90-alpha",0,0.458,0.249,0.001,0.193,0.041,0.216,0.438,0.165,0.142,0.283
"Sodium/glucose cotransporter 2",0.036,0.196,0.039,0.432,0.072,0.463,0.361,0.021,0.156,0.392,0.128
"Calpain 1",0.159,0.037,0.088,0.239,0.009,0.01,0.008,0.202,0.346,0.241,0.089
"Sphingosine 1-phosphate receptor Edg-3",0,0.028,0.022,0.001,0,0.057,0.19,0.018,0.018,0.245,0.242
"Bone morphogenetic protein 1",0.38,0.09,0.358,0.436,0.033,0.217,0.229,0.003,0.023,0.089,0.011
"Glutathione S-transferase Pi",0.001,0.154,0.536,0.005,0.04,0.383,0.005,0.271,0.421,0.171,0.165
"Tyrosine-protein kinase Lyn",0.003,0.015,0.079,0,0.101,0.412,0.536,0.055,0.014,0.27,0
"Ribosomal protein S6 kinase alpha 2",0.088,0.01,0.344,0.443,0.037,0.062,0.101,0.397,0.315,0.091,0.415
"Carbonic anhydrase XIII",0,0.432,0.21,0.001,0.011,0.395,0.39,0.005,0.23,0.08,0.042
"Complement C1s",0.574,0.041,0.118,0.436,0.218,0.219,0.343,0.161,0.283,0.219,0.365
"Protein kinase C theta",0.04,0.075,0.295,0.103,0.134,0.431,0.456,0.039,0.215,0.023,0.017
"Heparanase",0.018,0.155,0.16,0.005,0.221,0.035,0.017,0.398,0.283,0.241,0.056
"Methionine aminopeptidase 2",0.463,0.253,0.068,0.015,0.414,0.093,0.016,0.438,0.296,0.029,0.245
"Serine/threonine-protein kinase Aurora-C",0.138,0.025,0.159,0.251,0,0.356,0.057,0.123,0.262,0.01,0.006
"Quinone reductase 2",0.092,0.007,0.033,0.002,0.039,0.203,0.052,0.015,0.06,0.083,0
"MAP kinase p38 beta",0,0.109,0.001,0,0.132,0.04,0.362,0.365,0.337,0.356,0.303
"Carbonic anhydrase VB",0.1,0.369,0.019,0.163,0.181,0.131,0.261,0.302,0.572,0.556,0.233
"GAR transformylase",0,0.298,0.073,0.015,0.352,0.393,0.275,0.118,0.215,0.101,0.123
"Proteinase-activated receptor 1",0.072,0.01,0.325,0.101,0,0.18,0.212,0.001,0.061,0.002,0.011
"Fructose-1,6-bisphosphatase",0.078,0,0.094,0.007,0.092,0.066,0.454,0.131,0.473,0.023,0.4
"Dipeptidyl peptidase II",0.108,0.388,0.192,0.138,0.046,0.306,0.447,0.217,0.023,0.082,0.122
"Peroxisome proliferator-activated receptor delta",0.018,0.301,0.393,0.002,0.006,0.282,0.572,0.183,0.345,0.034,0.003
"Serine/threonine-protein kinase 10",0,0.001,0.242,0.004,0.002,0.221,0.522,0,0.373,0.257,0.379
"Dual specificity protein kinase TTK",0.01,0.063,0.079,0.05,0.075,0.364,0.231,0.266,0.19,0.128,0.196
"Coagulation factor VII",0.065,0,0.064,0.102,0,0.16,0.021,0.002,0.052,0.223,0.02
"PI3-kinase p110-alpha subunit",0.04,0.258,0.017,0.014,0.511,0.053,0.017,0.344,0.146,0.078,0.352
"Tyrosine-protein kinase ABL2",0.469,0.112,0.006,0.006,0.233,0.007,0.494,0.024,0.312,0.16,0.032
"C-C chemokine receptor type 2",0.06,0.277,0,0.125,0.126,0.013,0.179,0.004,0.295,0.391,0.143
"Glutamate receptor ionotropic, AMPA 2",0.037,0.519,0.11,0.115,0.044,0.56,0.439,0.074,0.349,0.426,0.234
"Neuropeptide Y receptor type 2",0.336,0.346,0.317,0.078,0.372,0.408,0.023,0.458,0.124,0.019,0.119
"HMG-CoA reductase",0,0.374,0.151,0,0.046,0.278,0.172,0.002,0.479,0.035,0.208
"Signal transducer and activator of transcription 3",0.287,0.036,0.01,0.502,0.487,0.406,0.332,0.336,0.138,0.438,0.186
"Interleukin-8 receptor A",0,0.011,0.383,0.007,0.013,0.102,0.019,0.044,0.263,0.259,0.158
"Cyclin-dependent kinase 5",0.096,0.199,0.45,0.471,0.03,0.369,0.044,0.117,0.018,0.346,0.532
"MAP kinase ERK2",0.004,0.095,0.392,0.003,0.062,0.173,0.314,0,0.13,0.326,0.043
"Cystic fibrosis transmembrane conductance regulator",0,0.084,0.273,0.092,0.001,0.31,0.024,0,0.202,0.038,0.254
"Chymase",0.174,0.121,0.127,0.022,0.145,0.121,0.028,0.082,0.298,0.162,0.52
"Casein kinase II alpha (prime)",0.293,0.029,0.291,0.395,0.151,0.499,0.113,0.236,0.093,0.289,0.067
"Cathepsin B",0.107,0.11,0.37,0.051,0.21,0.075,0.166,0.077,0.301,0.096,0.178
"Matrix metalloproteinase 7",0.006,0.08,0.03,0.01,0.032,0.079,0.067,0.232,0.306,0.017,0.33
"Bombesin receptor subtype-3",0.003,0.049,0.064,0.002,0.157,0.116,0.206,0.11,0.363,0.325,0.178
"LXR-beta",0.053,0.213,0.151,0.083,0,0.521,0.363,0.004,0.412,0.266,0.231
"Neurotensin receptor 1",0.004,0.159,0.063,0,0.183,0.173,0.051,0.282,0.139,0.221,0.13
"Tyrosine-protein kinase TIE-2",0.111,0.01,0.39,0.138,0.132,0.403,0.026,0.273,0.074,0.043,0.372
"Fibroblast growth factor receptor 2",0.121,0.398,0.363,0.009,0.398,0.147,0.077,0.399,0.42,0.229,0.089
"Histone deacetylase 9",0.002,0.171,0,0,0.006,0.14,0.635,0.002,0.195,0.103,0.566
"Fatty acid synthase",0,0.076,0.324,0.002,0.009,0.202,0.039,0.076,0.47,0.294,0.141
"c-Jun N-terminal kinase 2",0.265,0.013,0.417,0.127,0.014,0.164,0.535,0.122,0.553,0.254,0.602
"Sodium channel protein type II alpha subunit",0.314,0.133,0.019,0.39,0.176,0.041,0.128,0.393,0.022,0.043,0
"Monoglyceride lipase",0.001,0.284,0.038,0.001,0.011,0.421,0.087,0.036,0.024,0.012,0.104
"Inhibitor of apoptosis protein 3",0.36,0.177,0.322,0.495,0.038,0.166,0.416,0.141,0.171,0.183,0.125
"Serine/threonine-protein kinase 2",0.021,0.223,0.027,0.029,0.348,0.451,0.127,0.506,0.245,0.104,0.015
"Dual specificity protein kinase CLK4",0.004,0.095,0.059,0.056,0.2,0.33,0.194,0.001,0.12,0.314,0.527
"MAP kinase signal-integrating kinase 2",0.11,0.251,0.03,0.001,0.031,0.077,0.108,0.113,0.147,0.427,0.012
"Proteasome component C5",0.466,0.339,0.294,0.304,0.035,0.498,0.313,0.167,0.058,0.035,0.007
"Tyrosine-protein kinase FRK",0.405,0.471,0.173,0.438,0.231,0.033,0.19,0.034,0.466,0.337,0.451
"Dual specificty protein kinase CLK1",0.415,0.271,0.016,0.528,0.035,0.1,0.046,0.088,0.021,0.169,0.056
"Dual specificity protein kinase CLK2",0.45,0.551,0.364,0.524,0.337,0.423,0.276,0.491,0.292,0.129,0.067
"Lipoxin A4 receptor",0.018,0.186,0.143,0.003,0.011,0.214,0.42,0.009,0.13,0.336,0.063
"Estradiol 17-beta-dehydrogenase 3",0.004,0.006,0.001,0.116,0.005,0.266,0.422,0.004,0.534,0.428,0.086
"11-beta-hydroxysteroid dehydrogenase 1",0.246,0.262,0.028,0.377,0.311,0.152,0.381,0.148,0.371,0.246,0.046
"Ribosomal protein S6 kinase alpha 5",0.001,0.488,0.031,0,0.226,0.506,0.163,0.141,0.534,0.482,0.141
"ALK tyrosine kinase receptor",0.154,0.311,0.36,0.115,0.085,0.154,0.055,0.277,0.088,0.114,0.28
"Hypoxia-inducible factor 1 alpha",0.002,0.19,0.086,0.023,0.047,0.084,0.306,0.125,0.139,0.127,0.16
"TGF-beta receptor type II",0.144,0.198,0.268,0.168,0.155,0.459,0.297,0,0.072,0.4,0.028
"Serine/threonine-protein kinase AKT",0,0.066,0.059,0.002,0.04,0.441,0.249,0.265,0.246,0.131,0.226
"Sodium channel protein type IX alpha subunit",0.45,0.222,0.003,0.073,0.376,0.21,0.103,0.004,0.007,0.173,0.017
"P-glycoprotein 1",0.087,0.019,0.29,0.005,0,0.151,0.032,0.001,0.305,0.103,0.022
"Heat shock protein HSP 90-beta",0.002,0.208,0.029,0,0.484,0.083,0.056,0.143,0.493,0.284,0.145
"Calcium-activated potassium channel subunit alpha-1",0.001,0.124,0.062,0,0.175,0.403,0.235,0.001,0.155,0.011,0.001
"Intermediate conductance calcium-activated potassium channel protein 4",0.369,0.061,0.474,0.305,0,0.169,0.227,0,0.079,0.122,0.155
"Voltage-gated potassium channel subunit Kv1.5",0.05,0.541,0.104,0.194,0.622,0.091,0.438,0.302,0.102,0.027,0.42
"Bradykinin B1 receptor",0,0.418,0.003,0,0.157,0.141,0.187,0,0.387,0.394,0.127
"Purinergic receptor P2Y1",0.304,0.187,0.344,0.387,0,0.356,0.173,0.205,0.142,0.139,0.063
"Sphingosine 1-phosphate receptor Edg-1",0.031,0.117,0.527,0.45,0.189,0.25,0.005,0.135,0.239,0.18,0.099
"Purine nucleoside phosphorylase",0.05,0.072,0.003,0.065,0.001,0.292,0.461,0,0.296,0.42,0.429
"Serine/threonine-protein kinase GAK",0.484,0.026,0.281,0.212,0,0.435,0.039,0.075,0.035,0.37,0.185
"Induced myeloid leukemia cell differentiation protein Mcl-1",0.005,0.409,0.011,0.007,0.006,0.434,0.411,0,0.049,0.371,0.392
"Dual-specificity tyrosine-phosphorylation regulated kinase 2",0.106,0.352,0.235,0.35,0.47,0.482,0.46,0.295,0.278,0.15,0.357
"Gastric inhibitory polypeptide receptor",0.019,0.076,0.259,0.001,0,0.47,0.113,0.413,0.306,0.396,0.048
"Matrix metalloproteinase 12",0,0.374,0.032,0.004,0.001,0.498,0.01,0,0.008,0.066,0.243
"Sphingosine kinase 1",0.231,0.38,0.015,0.002,0,0.603,0.064,0.018,0.261,0.326,0.456
"Phosphodiesterase 8B",0.047,0.363,0.054,0.547,0.308,0.555,0.136,0.389,0.188,0.339,0.282
"Phosphodiesterase 10A",0.006,0,0.043,0.058,0.016,0.121,0.232,0.025,0.012,0.34,0.198
"Free fatty acid receptor 1",0.329,0.032,0.343,0.025,0.005,0.431,0.056,0.017,0.321,0.444,0.494
"Prostanoid DP receptor",0.019,0.014,0.499,0.041,0,0.192,0.572,0.008,0.454,0.33,0.004
"Neurokinin 3 receptor",0.051,0.137,0,0.004,0,0.257,0.05,0.014,0.344,0.323,0.49
"TGF-beta receptor type I",0.021,0.044,0.523,0.129,0.421,0.449,0.345,0.176,0.202,0.053,0.257
"C-X-C chemokine receptor type 3",0.072,0.073,0.016,0.119,0.015,0.489,0.264,0.059,0.391,0.159,0.208
"Vitamin K-dependent protein C",0,0.162,0.306,0.001,0.028,0.098,0.026,0.37,0.008,0.121,0.341
"Tyrosine-protein kinase FGR",0.001,0.003,0.152,0.044,0.002,0.424,0.053,0.027,0.264,0.28,0.297
"NAD-dependent deacetylase sirtuin 3",0.415,0.236,0.182,0.091,0.018,0.215,0.263,0.148,0.075,0.37,0.419
"NAD-dependent deacetylase sirtuin 2",0.411,0.021,0.373,0.081,0.324,0.192,0.066,0.068,0.12,0.007,0.501
"Acyl coenzyme A:cholesterol acyltransferase 2",0.317,0.379,0.01,0.23,0.053,0.032,0.22,0.033,0.136,0.106,0.016
"Voltage-gated N-type calcium channel alpha-1B subunit",0.001,0.009,0.055,0.078,0.066,0.429,0.036,0.489,0.232,0.023,0.016
"Nitric oxide synthase, inducible",0.013,0.022,0.411,0.088,0.093,0.249,0.427,0.115,0.445,0.428,0.171
"Serine/threonine-protein kinase PAK 4",0.453,0.009,0.371,0.28,0.479,0.117,0.143,0.305,0.071,0.222,0.01
"Ribosomal protein S6 kinase 1",0.092,0.36,0.026,0.025,0.179,0.335,0.399,0.247,0.562,0.267,0.034
"NAD-dependent deacetylase sirtuin 1",0.045,0.19,0.016,0.357,0,0.211,0.035,0.015,0.521,0.047,0.038
"Glutaminyl-peptide cyclotransferase",0.173,0.03,0.369,0.096,0.285,0.052,0.304,0.051,0.37,0.164,0.002
"Serine/threonine-protein kinase PIM2",0.141,0.029,0.215,0.462,0.023,0.219,0.235,0.055,0.118,0.321,0.026
"TRAF2- and NCK-interacting kinase",0.35,0.444,0.211,0,0.003,0.258,0.038,0,0.188,0.484,0.321
"Coagulation factor XIII",0.189,0.092,0.028,0.357,0.069,0.432,0.033,0.003,0.125,0.06,0.521
"5-lipoxygenase activating protein",0.186,0.429,0.011,0.017,0.015,0.493,0.133,0.343,0.194,0.161,0.564
"Neuropeptide Y receptor type 5",0.099,0.023,0.343,0.034,0.001,0.376,0.172,0,0.023,0.317,0.078
"Kinesin-like protein 1",0.056,0.249,0.022,0.048,0.318,0.188,0.014,0.291,0.089,0.365,0.004
"Matrix metalloproteinase 8",0.02,0.334,0.028,0.017,0.212,0.35,0.072,0.082,0.042,0.077,0.199
"C-C chemokine receptor type 8",0.003,0,0.111,0.003,0,0.412,0.167,0.087,0.072,0.392,0.421
"Tyrosine kinase non-receptor protein 2",0.086,0.109,0.318,0.136,0.085,0.215,0.158,0.161,0.355,0.112,0.002
"Serine/threonine-protein kinase PAK 1",0.016,0.136,0.026,0.022,0.1,0.065,0.111,0.004,0.19,0.26,0.02
"Tyrosine-protein kinase BRK",0.084,0.061,0.221,0.42,0.411,0.153,0.012,0.214,0.309,0.016,0.003
"Melanocortin receptor 5",0.083,0.285,0.307,0.249,0,0.481,0.293,0.001,0.313,0.319,0.389
"Ghrelin receptor",0.03,0.156,0.17,0.036,0.157,0.34,0.22,0.009,0.044,0.337,0.377
"Phenylethanolamine N-methyltransferase",0.001,0.021,0.458,0.008,0.319,0.007,0.225,0.042,0.253,0.293,0.064
"Leukotriene A4 hydrolase",0.062,0.344,0.312,0.01,0.258,0.152,0.352,0.314,0.018,0.313,0.375
"Apoptosis regulator Bcl-X",0.315,0.222,0.159,0.398,0.004,0.249,0.383,0.122,0.195,0.147,0.008
"Serine/threonine-protein kinase Chk1",0,0.297,0.109,0.013,0.037,0.182,0.415,0.141,0.386,0.315,0.3
"Voltage-gated potassium channel subunit Kv1.3",0.008,0.601,0.337,0.077,0.128,0.338,0.018,0.002,0.053,0.021,0
"Voltage-gated T-type calcium channel alpha-1G subunit",0,0.137,0.03,0.001,0.042,0.284,0.44,0.02,0.075,0.309,0.105
"Melanocortin receptor 3",0.498,0.509,0.428,0.162,0.317,0.416,0.434,0.038,0.264,0.472,0.453
"Dipeptidyl peptidase VIII",0.075,0.413,0.128,0.375,0.102,0.527,0.507,0.269,0.17,0.389,0.294
"Lymphocyte differentiation antigen CD38",0.197,0.47,0.202,0.362,0.135,0.364,0.207,0.216,0.288,0.136,0.319
"Proteasome Macropain subunit MB1",0.077,0.038,0.156,0.009,0.015,0.4,0.064,0.15,0.145,0.256,0.172
"Apoptosis regulator Bcl-W",0.024,0.313,0.047,0.017,0.205,0.383,0.1,0.135,0.044,0.415,0.249
"Aldo-keto-reductase family 1 member C3",0.106,0.034,0.274,0.007,0.116,0.042,0.56,0.216,0.427,0.36,0.019
"Fibroblast activation protein alpha",0.254,0.026,0.094,0.168,0.277,0.474,0.016,0.272,0.11,0.536,0.497
"Indoleamine 2,3-dioxygenase",0.362,0.012,0.096,0.011,0.401,0.397,0.168,0.095,0.417,0,0.059
"Malonyl-CoA decarboxylase",0.21,0.092,0.108,0.22,0.008,0.598,0.64,0.471,0.075,0.521,0.241
"Isoprenylcysteine carboxyl methyltransferase",0.004,0.056,0.561,0,0,0.162,0.627,0,0.052,0.613,0.026
"Serine/threonine-protein kinase Aurora-A",0.02,0.194,0.018,0.001,0,0.156,0.148,0.005,0.267,0.162,0.016
"C3a anaphylatoxin chemotactic receptor",0,0.298,0.006,0.164,0.336,0.244,0.046,0.05,0.304,0.092,0
"Vesicular acetylcholine transporter",0.031,0.491,0,0.006,0.024,0.045,0.046,0,0.415,0.215,0.309
"Geranylgeranyl pyrophosphate synthetase",0.259,0.309,0.263,0.626,0.533,0.074,0.084,0.486,0.41,0.339,0.233
"Neuropeptide Y receptor type 1",0.024,0.125,0.453,0.061,0.059,0.075,0.073,0.022,0.408,0.028,0.384
"Carbonic anhydrase VA",0.019,0.633,0.343,0.381,0.107,0.008,0.007,0.03,0.331,0.103,0.102
"Endothelin-converting enzyme 1",0.005,0.348,0.343,0.052,0.116,0.266,0.008,0.005,0.033,0.013,0
"Orexin receptor 2",0.074,0.331,0.524,0,0.176,0.242,0.159,0.172,0.118,0.129,0.474
"Dipeptidyl peptidase IX",0.055,0.302,0.103,0.108,0.126,0.314,0.282,0.01,0.359,0.091,0.314
"Vanilloid receptor",0.003,0.424,0.398,0.022,0.123,0.216,0.2,0.465,0.433,0.149,0.227
"Caspase-1",0.013,0.405,0.207,0.351,0.209,0.115,0.328,0.02,0.381,0.146,0.468
"Nitric-oxide synthase, endothelial",0.329,0.029,0.13,0.503,0.016,0.363,0.397,0.287,0.203,0.132,0.386
"Dual specificity phosphatase Cdc25B",0.349,0.004,0.035,0.074,0.315,0.072,0.057,0.144,0.501,0.369,0.008
"P2X purinoceptor 7",0.002,0.352,0.615,0.131,0.026,0.043,0.258,0.103,0.507,0.521,0.124
"Serine/threonine-protein kinase AKT3",0.221,0.307,0.045,0.333,0.374,0.042,0.036,0.172,0.061,0.35,0.022
"Beta-secretase 1",0,0.37,0.143,0,0.274,0.225,0.247,0.06,0.202,0.041,0.196
"Acetyl-CoA carboxylase 2",0.076,0.414,0.243,0.001,0.004,0.513,0.339,0.001,0.572,0.507,0.29
"L-lactate dehydrogenase A chain",0.279,0.395,0.06,0.369,0.22,0.167,0.063,0.301,0.173,0.401,0.103
"C-X3-C chemokine receptor 1",0.007,0.083,0.021,0.001,0.129,0.031,0.066,0.008,0.307,0.344,0.222
"Eukaryotic translation initation factor",0.004,0.261,0.199,0,0.027,0.444,0.209,0.314,0.376,0.181,0.368
"Apoptosis regulator Bcl-2",0,0.372,0.304,0.001,0.546,0.214,0.094,0.039,0.027,0.284,0
"Cytochrome P450 1B1",0,0.169,0.066,0.004,0.015,0.108,0.445,0.078,0.149,0.339,0.417
"Tyrosine-protein kinase receptor UFO",0.013,0.292,0.045,0,0.025,0.016,0.135,0.08,0.17,0.371,0.114
"Neurotrophic tyrosine kinase receptor type 2",0.138,0.3,0.139,0.196,0.03,0.105,0.034,0.188,0.077,0.149,0.297
"Mitogen-activated protein kinase kinase kinase 8",0.427,0.363,0.323,0.391,0.002,0.441,0.098,0.15,0.386,0.166,0.027
"Low molecular weight phosphotyrosine protein phosphatase",0.037,0.048,0.001,0.011,0.328,0.211,0.404,0.128,0.272,0.364,0.168
"Casein kinase I epsilon",0.217,0.038,0.105,0.275,0.292,0.466,0.39,0.029,0.334,0.333,0.198
"L-lactate dehydrogenase B chain",0.028,0.572,0.072,0.148,0.265,0.12,0.572,0.002,0.011,0.279,0.344
"S-methyl-5-thioadenosine phosphorylase",0.002,0.223,0.085,0.139,0.005,0.043,0.341,0,0.287,0.17,0.183
"Proto-oncogene c-JUN",0.225,0.158,0.009,0.18,0,0.431,0.452,0.166,0.047,0.368,0.143
"Sodium/glucose cotransporter 1",0.004,0.022,0.019,0.168,0.256,0.457,0.414,0.168,0.292,0.247,0.217
"Transketolase",0.083,0.549,0.065,0.056,0.394,0.085,0.045,0.206,0.13,0.348,0.025
"Serine/threonine-protein kinase RIPK2",0.168,0.446,0.475,0.22,0.35,0.249,0.346,0.06,0.063,0.479,0.1
"p53-binding protein Mdm-2",0.369,0.058,0.144,0.363,0.442,0.309,0.284,0.343,0.233,0.077,0.46
"Serine-protein kinase ATR",0.388,0.051,0.025,0.424,0.149,0.084,0.022,0.023,0.35,0.125,0.014
"ADAM10",0,0.164,0.443,0.004,0.268,0.426,0.076,0.023,0.158,0.428,0.394
"Endoplasmic reticulum aminopeptidase 2",0.108,0.143,0.088,0.099,0.334,0.004,0.044,0.271,0.092,0.36,0.342
"G protein-coupled receptor 44",0.002,0.124,0.072,0.057,0.062,0.039,0.226,0.002,0.139,0.201,0.003
"Endothelial lipase",0.094,0.221,0.261,0.063,0.064,0.331,0.214,0.104,0.282,0.419,0.131
"Histone deacetylase 10",0.027,0.103,0.028,0,0.319,0.133,0.341,0.093,0.012,0.547,0.283
"GABA receptor alpha-5 subunit",0.205,0.213,0.127,0.382,0.444,0.472,0.065,0.04,0.363,0.138,0.122
"Orexin receptor 1",0,0.267,0.019,0,0,0.035,0.396,0.001,0.253,0.084,0.005
"Discoidin domain-containing receptor 2",0,0.446,0.438,0,0.334,0.343,0.174,0.146,0.155,0.152,0.202
"Metabotropic glutamate receptor 2",0.034,0.195,0.415,0.371,0.02,0.098,0.407,0.105,0.358,0.356,0.021
"Cytochrome P450 26A1",0,0.125,0.001,0,0.214,0.458,0.456,0.135,0.292,0.39,0.447
"Serine/threonine-protein kinase B-raf",0.014,0.002,0.034,0.086,0.013,0.455,0.034,0.004,0.291,0.349,0.481
"Ephrin type-B receptor 4",0.213,0.046,0.356,0.117,0.009,0.048,0.012,0.235,0,0.238,0.058
"Neuropilin-1",0.003,0.618,0.134,0.031,0.409,0.029,0.039,0.164,0.192,0.196,0.069
"dUTP pyrophosphatase",0.11,0.271,0.18,0.217,0.428,0.285,0.151,0.112,0.329,0.196,0.197
"Serine/threonine-protein kinase ILK-1",0,0.166,0.439,0,0.584,0.238,0.144,0.193,0.054,0.349,0.027
"Tyrosine-protein kinase BTK",0.057,0.019,0.011,0.273,0.157,0.223,0.438,0.046,0.351,0.311,0.353
"Serine/threonine-protein kinase TNNI3K",0.029,0.248,0.001,0.03,0.251,0.084,0.352,0.346,0.369,0.306,0.125
"Cytochrome P450 2A6",0.168,0.182,0.002,0.437,0.56,0.128,0.42,0.191,0.374,0.417,0.327
"Mitogen-activated protein kinase kinase kinase 5",0.112,0.289,0.082,0.426,0.395,0.102,0.266,0.02,0.251,0.496,0.146
"Tyrosine-protein kinase receptor TYRO3",0.446,0.365,0.059,0.396,0.455,0.024,0.135,0.276,0.301,0.329,0.291
"Epithelial discoidin domain-containing receptor 1",0.224,0.432,0.241,0.151,0.279,0.213,0.03,0.03,0.244,0.274,0.009
"Proto-oncogene tyrosine-protein kinase MER",0.063,0.068,0.01,0.001,0.023,0.081,0.181,0.42,0.072,0.277,0.464
"Baculoviral IAP repeat-containing protein 3",0.052,0.316,0.367,0.461,0.46,0.374,0.286,0.347,0.375,0.356,0.184
"Poly [ADP-ribose] polymerase 2",0.038,0.069,0.156,0.04,0.032,0.373,0.059,0.325,0.099,0.309,0.175
"P-selectin",0.038,0.439,0.01,0.191,0.118,0.501,0.02,0.027,0.166,0.051,0.398
"ATP-binding cassette sub-family G member 2",0.009,0.123,0.276,0.125,0.015,0.182,0.366,0.061,0.387,0.01,0.377
"Pituitary adenylate cyclase-activating polypeptide type I receptor",0.037,0.171,0.017,0.319,0.063,0.153,0.202,0.361,0.121,0.227,0.323
"Serine/threonine-protein kinase PIM3",0.022,0.333,0.06,0.561,0.102,0.017,0.002,0.237,0.341,0.151,0.26
"G-protein coupled bile acid receptor 1",0.034,0,0.114,0.031,0.002,0.486,0.378,0.031,0.268,0.069,0.192
"Metastin receptor",0.163,0.379,0.526,0.189,0.007,0.534,0.23,0.196,0.075,0.228,0.094
"Cell division cycle 7-related protein kinase",0.093,0.114,0.398,0.068,0.091,0.546,0.009,0.07,0.439,0.035,0.099
"Sodium channel protein type X alpha subunit",0.016,0.373,0.358,0.032,0.159,0.069,0.335,0.005,0.32,0.337,0.123
"Baculoviral IAP repeat-containing protein 2",0.001,0.019,0.079,0,0.076,0.251,0.259,0.022,0.235,0.463,0.016
"Receptor-interacting serine/threonine-protein kinase 1",0.405,0.123,0.167,0.231,0.003,0.098,0.009,0.02,0.021,0.262,0.103
"Protein tyrosine kinase 2 beta",0.043,0.281,0.057,0.018,0.566,0.11,0.112,0.019,0.05,0.148,0.001
"Perforin-1",0.027,0.464,0.09,0.007,0.043,0.084,0.076,0.02,0.213,0.35,0.336
"D-amino-acid oxidase",0.014,0.003,0.306,0.004,0.002,0.046,0.42,0.01,0.03,0.227,0.02
"Serine/threonine-protein kinase WEE1",0.518,0.391,0.397,0.022,0.43,0.034,0.417,0.319,0.376,0.177,0.039
"Histone acetyltransferase PCAF",0.176,0.361,0.275,0.005,0.487,0.199,0.21,0.041,0.427,0.024,0.144
"Secreted frizzled-related protein 1",0.07,0.041,0.11,0,0.015,0.281,0.423,0,0.162,0.457,0.068
"Transient receptor potential cation channel subfamily V member 3",0.426,0.066,0.057,0.196,0.02,0.367,0.3,0.171,0.449,0.424,0.282
"Protein-arginine N-methyltransferase 1",0.04,0.257,0.173,0.139,0.364,0.019,0.137,0.225,0.129,0.11,0.039
"Nuclear factor NF-kappa-B p65 subunit",0.367,0.202,0.038,0.099,0.196,0.197,0.199,0.127,0.216,0.015,0.142
"Dual specificity tyrosine-phosphorylation-regulated kinase 1B",0.015,0.249,0.233,0,0.039,0.47,0.08,0,0.417,0.112,0.37
"Acyl-CoA desaturase",0.161,0.004,0.033,0.263,0.01,0.235,0.094,0.003,0.45,0.411,0.008
"Proto-oncogene tyrosine-protein kinase ROS",0.319,0.022,0.307,0.002,0.259,0.152,0.043,0.005,0.147,0.516,0.14
"Lysyl-tRNA synthetase",0.002,0.344,0.116,0.013,0.201,0.259,0.165,0.419,0.124,0.26,0.566
"DNA-(apurinic or apyrimidinic site) lyase",0.005,0.219,0.386,0.266,0.328,0.184,0.406,0.265,0.309,0.236,0.349
"Glucose-dependent insulinotropic receptor",0.003,0.054,0.058,0,0.041,0.005,0.227,0.029,0.117,0.43,0
"Prostaglandin E synthase",0.244,0.011,0.142,0.225,0,0.48,0.099,0,0.234,0.359,0.08
"G protein-coupled receptor kinase 5",0,0.206,0.001,0,0.044,0.496,0.372,0.202,0.006,0.335,0.392
"Egl nine homolog 1",0,0.136,0.002,0,0.024,0.395,0.039,0,0.084,0.001,0.338
"Elongation of very long chain fatty acids protein 6",0.158,0.008,0.229,0.021,0.526,0.322,0.022,0.516,0.002,0.433,0.007
"Glucagon",0,0.146,0.122,0,0,0.398,0.013,0,0.013,0.133,0.086
"CREB-binding protein",0.117,0.444,0.042,0.059,0.39,0.155,0.139,0.091,0.253,0.435,0.055
"Mitogen-activated protein kinase kinase kinase 7",0.243,0.068,0.281,0.236,0.171,0.114,0.367,0.311,0.118,0.337,0.172
"Interferon-induced, double-stranded RNA-activated protein kinase",0.044,0.289,0.265,0.111,0.097,0.053,0.097,0.058,0.26,0.329,0.145
"Aldo-keto reductase family 1 member C2",0.561,0.007,0.247,0.04,0.037,0.278,0.53,0.061,0.42,0.055,0.436
"Trace amine-associated receptor 1",0,0.072,0.317,0,0.012,0.051,0.045,0.074,0.215,0.179,0.143
"Nuclear receptor ROR-alpha",0.294,0.047,0.11,0.367,0.133,0.527,0.111,0.008,0.451,0.204,0.011
"Heat shock factor protein 1",0.001,0.334,0.21,0.031,0.267,0.175,0.027,0.081,0.218,0.401,0.095
"Hematopoietic prostaglandin D synthase",0,0.094,0,0.01,0.437,0.049,0.338,0.291,0.104,0.382,0.266
"Aldo-keto reductase family 1 member C1",0.011,0.255,0.114,0.002,0.249,0.327,0.255,0.389,0.223,0.075,0.426
"Bifunctional protein NCOAT",0,0.08,0.001,0,0.194,0.245,0.049,0.436,0.316,0.252,0.386
"LIM domain kinase 2",0.022,0.095,0.064,0.167,0.056,0.005,0.47,0.12,0.055,0.255,0.112
"Serine/threonine-protein kinase PLK2",0,0.256,0.378,0,0.047,0.057,0.094,0.075,0.089,0.186,0.114
"Neuropeptide FF receptor 1",0,0.513,0.226,0.111,0.283,0.315,0.272,0.155,0.19,0.261,0.12
"Neuropeptide FF receptor 2",0.009,0.432,0.252,0.107,0.396,0.001,0.005,0.198,0.373,0.214,0.063
"IgG receptor FcRn large subunit p51",0.028,0.032,0.409,0.313,0.074,0.448,0.151,0.014,0.379,0.218,0.003
"Smoothened homolog",0,0.028,0.02,0,0.145,0.117,0.113,0.48,0.39,0.314,0.306
"Aldo-keto reductase family 1 member B10",0.072,0.16,0.274,0.007,0.226,0.214,0.233,0.112,0.062,0.35,0.025
"Serine/threonine-protein kinase 33",0,0.34,0.222,0.174,0.075,0.123,0.434,0.002,0.162,0.366,0.454
"Transient receptor potential cation channel subfamily A member 1",0,0.073,0.02,0,0.001,0.095,0.501,0.014,0.108,0.223,0.116
"Diacylglycerol O-acyltransferase 1",0,0,0.483,0.004,0.011,0.237,0.108,0.089,0.207,0.278,0.331
"Histone-lysine N-methyltransferase, H3 lysine-9 specific 3",0.244,0.451,0.031,0.327,0.358,0.113,0.28,0.047,0.306,0.504,0.404
"Lysine-specific histone demethylase 1",0.001,0.458,0.221,0,0.414,0.116,0.218,0.036,0.011,0.046,0.12
"Alpha-synuclein",0.065,0.018,0.02,0.004,0.037,0.197,0.105,0.002,0.08,0.05,0.34
"Tankyrase-2",0.171,0.25,0.33,0.002,0.002,0.428,0.109,0,0.018,0.187,0.323
"Tankyrase-1",0,0.341,0.026,0.023,0.093,0.087,0.017,0.068,0.51,0.352,0.026
"Mitogen-activated protein kinase kinase kinase kinase 4",0.067,0.005,0.2,0.226,0,0.511,0.26,0.005,0.28,0.343,0.331
"Lysine-specific demethylase 4C",0.397,0.053,0.134,0.168,0.002,0.063,0.47,0,0.317,0.51,0.41
